304.65,20.3605,148.0,0.962402650902,0.334700593694,0.647013955518
301.324,22.3133,148.0,0.962402650902,0.334700593694,0.647013955518
297.802,23.9489,148.0,0.962402650902,0.334700593694,0.647013955518
294.62,25.9783,148.0,0.962402650902,0.334700593694,0.647013955518
291.137,27.5319,148.0,0.962402650902,0.334700593694,0.647013955518
287.636,29.2158,148.0,0.962402650902,0.334700593694,0.647013955518
284.392,31.353,148.0,0.962402650902,0.334700593694,0.647013955518
281.405,33.8375,148.0,0.962402650902,0.334700593694,0.647013955518
278.209,36.0458,148.0,0.962402650902,0.334700593694,0.647013955518
275.288,38.5954,148.0,0.962402650902,0.334700593694,0.647013955518
271.971,40.5864,148.0,0.962402650902,0.334700593694,0.647013955518
269.925,43.8852,148.0,0.962402650902,0.334700593694,0.647013955518
267.886,46.4992,148.0,0.962402650902,0.334700593694,0.647013955518
266.309,50.0408,148.0,0.962402650902,0.334700593694,0.647013955518
264.004,53.1555,148.0,0.962402650902,0.334700593694,0.647013955518
262.098,56.5253,148.0,0.962402650902,0.334700593694,0.647013955518
261.123,60.0056,148.0,0.962402650902,0.334700593694,0.647013955518
261.719,63.7722,148.0,0.962402650902,0.334700593694,0.647013955518
264.447,66.5106,148.0,0.962402650902,0.334700593694,0.647013955518
267.649,68.2758,148.0,0.962402650902,0.334700593694,0.647013955518
270.582,70.8484,148.0,0.962402650902,0.334700593694,0.647013955518
274.035,72.596,148.0,0.962402650902,0.334700593694,0.647013955518
277.616,73.8877,148.0,0.962402650902,0.334700593694,0.647013955518
280.934,75.7091,148.0,0.962402650902,0.334700593694,0.647013955518
284.367,76.8536,148.0,0.962402650902,0.334700593694,0.647013955518
288.242,76.8719,148.0,0.962402650902,0.334700593694,0.647013955518
291.752,77.7735,148.0,0.962402650902,0.334700593694,0.647013955518
295.634,77.789,148.0,0.962402650902,0.334700593694,0.647013955518
299.332,77.3511,148.0,0.962402650902,0.334700593694,0.647013955518
302.771,75.4987,148.0,0.962402650902,0.334700593694,0.647013955518
305.086,72.6029,148.0,0.962402650902,0.334700593694,0.647013955518
307.956,70.1388,148.0,0.962402650902,0.334700593694,0.647013955518
310.273,67.094,148.0,0.962402650902,0.334700593694,0.647013955518
312.881,64.2463,148.0,0.962402650902,0.334700593694,0.647013955518
314.578,60.7416,148.0,0.962402650902,0.334700593694,0.647013955518
316.329,57.2695,148.0,0.962402650902,0.334700593694,0.647013955518
317.162,53.582,148.0,0.962402650902,0.334700593694,0.647013955518
319.325,50.4093,148.0,0.962402650902,0.334700593694,0.647013955518
320.063,46.5939,148.0,0.962402650902,0.334700593694,0.647013955518
319.959,42.6935,148.0,0.962402650902,0.334700593694,0.647013955518
321.017,39.0605,148.0,0.962402650902,0.334700593694,0.647013955518
321.021,35.1775,148.0,0.962402650902,0.334700593694,0.647013955518
320.502,31.5085,148.0,0.962402650902,0.334700593694,0.647013955518
318.72,28.3628,148.0,0.962402650902,0.334700593694,0.647013955518
315.946,25.6285,148.0,0.962402650902,0.334700593694,0.647013955518
312.463,23.1881,148.0,0.962402650902,0.334700593694,0.647013955518
308.555,20.9241,148.0,0.962402650902,0.334700593694,0.647013955518
