304.837,40.2312,153.0,0.914204778783,0.354674865033,0.44925744756
301.828,38.1909,153.0,0.914204778783,0.354674865033,0.44925744756
298.849,36.2376,153.0,0.914204778783,0.354674865033,0.44925744756
295.252,35.4275,153.0,0.914204778783,0.354674865033,0.44925744756
291.531,35.1919,153.0,0.914204778783,0.354674865033,0.44925744756
288.111,34.3171,153.0,0.914204778783,0.354674865033,0.44925744756
284.324,34.3056,153.0,0.914204778783,0.354674865033,0.44925744756
281.177,36.3302,153.0,0.914204778783,0.354674865033,0.44925744756
278.189,38.5593,153.0,0.914204778783,0.354674865033,0.44925744756
275.431,41.1553,153.0,0.914204778783,0.354674865033,0.44925744756
272.915,43.715,153.0,0.914204778783,0.354674865033,0.44925744756
270.097,45.9892,153.0,0.914204778783,0.354674865033,0.44925744756
268.258,49.3187,153.0,0.914204778783,0.354674865033,0.44925744756
267.481,52.8722,153.0,0.914204778783,0.354674865033,0.44925744756
266.061,56.4536,153.0,0.914204778783,0.354674865033,0.44925744756
264.747,58.8577,153.0,0.914204778783,0.354674865033,0.44925744756
264.972,62.8701,153.0,0.914204778783,0.354674865033,0.44925744756
264.96,66.6795,153.0,0.914204778783,0.354674865033,0.44925744756
266.108,70.1572,153.0,0.914204778783,0.354674865033,0.44925744756
268.788,72.8937,153.0,0.914204778783,0.354674865033,0.44925744756
272.135,74.6539,153.0,0.914204778783,0.354674865033,0.44925744756
275.51,76.4246,153.0,0.914204778783,0.354674865033,0.44925744756
279.014,77.2727,153.0,0.914204778783,0.354674865033,0.44925744756
282.068,79.5016,153.0,0.914204778783,0.354674865033,0.44925744756
285.349,80.7076,153.0,0.914204778783,0.354674865033,0.44925744756
289.078,81.3676,153.0,0.914204778783,0.354674865033,0.44925744756
292.818,81.6315,153.0,0.914204778783,0.354674865033,0.44925744756
296.597,81.6305,153.0,0.914204778783,0.354674865033,0.44925744756
299.989,80.6789,153.0,0.914204778783,0.354674865033,0.44925744756
302.927,78.5915,153.0,0.914204778783,0.354674865033,0.44925744756
305.832,76.3069,153.0,0.914204778783,0.354674865033,0.44925744756
308.068,73.3232,153.0,0.914204778783,0.354674865033,0.44925744756
307.848,64.1063,153.0,0.914204778783,0.354674865033,0.44925744756
307.247,58.6651,153.0,0.914204778783,0.354674865033,0.44925744756
306.87,52.0844,153.0,0.914204778783,0.354674865033,0.44925744756
306.628,44.8201,153.0,0.914204778783,0.354674865033,0.44925744756
