295.634,37.5318,155.0,0.914204778783,0.354674865033,0.44925744756
291.965,37.2054,155.0,0.914204778783,0.354674865033,0.44925744756
288.159,37.2105,155.0,0.914204778783,0.354674865033,0.44925744756
284.356,37.2231,155.0,0.914204778783,0.354674865033,0.44925744756
280.53,37.0647,155.0,0.914204778783,0.354674865033,0.44925744756
277.118,38.5476,155.0,0.914204778783,0.354674865033,0.44925744756
274.38,41.1047,155.0,0.914204778783,0.354674865033,0.44925744756
271.228,42.5896,155.0,0.914204778783,0.354674865033,0.44925744756
268.342,44.8682,155.0,0.914204778783,0.354674865033,0.44925744756
265.851,47.7499,155.0,0.914204778783,0.354674865033,0.44925744756
264.437,51.1261,155.0,0.914204778783,0.354674865033,0.44925744756
263.048,54.6727,155.0,0.914204778783,0.354674865033,0.44925744756
262.158,58.2717,155.0,0.914204778783,0.354674865033,0.44925744756
262.008,62.0977,155.0,0.914204778783,0.354674865033,0.44925744756
264.028,65.2326,155.0,0.914204778783,0.354674865033,0.44925744756
266.135,68.3412,155.0,0.914204778783,0.354674865033,0.44925744756
267.767,71.7903,155.0,0.914204778783,0.354674865033,0.44925744756
270.817,73.954,155.0,0.914204778783,0.354674865033,0.44925744756
273.274,76.5834,155.0,0.914204778783,0.354674865033,0.44925744756
276.435,78.6253,155.0,0.914204778783,0.354674865033,0.44925744756
279.677,80.2115,155.0,0.914204778783,0.354674865033,0.44925744756
283.421,81.1613,155.0,0.914204778783,0.354674865033,0.44925744756
286.667,82.5992,155.0,0.914204778783,0.354674865033,0.44925744756
290.466,82.6142,155.0,0.914204778783,0.354674865033,0.44925744756
294.242,82.5305,155.0,0.914204778783,0.354674865033,0.44925744756
297.431,80.4002,155.0,0.914204778783,0.354674865033,0.44925744756
300.368,78.0961,155.0,0.914204778783,0.354674865033,0.44925744756
302.355,75.1185,155.0,0.914204778783,0.354674865033,0.44925744756
304.596,72.2477,155.0,0.914204778783,0.354674865033,0.44925744756
305.742,68.7429,155.0,0.914204778783,0.354674865033,0.44925744756
307.414,65.6349,155.0,0.914204778783,0.354674865033,0.44925744756
306.647,61.7303,155.0,0.914204778783,0.354674865033,0.44925744756
305.607,57.9852,155.0,0.914204778783,0.354674865033,0.44925744756
304.334,54.3751,155.0,0.914204778783,0.354674865033,0.44925744756
302.872,50.8754,155.0,0.914204778783,0.354674865033,0.44925744756
301.263,47.4617,155.0,0.914204778783,0.354674865033,0.44925744756
299.548,44.1092,155.0,0.914204778783,0.354674865033,0.44925744756
297.769,40.7936,155.0,0.914204778783,0.354674865033,0.44925744756
