294.844,55.5224,166.0,0.914204778783,0.354674865033,0.44925744756
292.767,53.4807,166.0,0.914204778783,0.354674865033,0.44925744756
291.171,51.7329,166.0,0.914204778783,0.354674865033,0.44925744756
289.791,49.3983,166.0,0.914204778783,0.354674865033,0.44925744756
287.465,48.0624,166.0,0.914204778783,0.354674865033,0.44925744756
284.836,47.3972,166.0,0.914204778783,0.354674865033,0.44925744756
282.137,46.8965,166.0,0.914204778783,0.354674865033,0.44925744756
279.65,45.8867,166.0,0.914204778783,0.354674865033,0.44925744756
276.968,45.3448,166.0,0.914204778783,0.354674865033,0.44925744756
274.224,44.9541,166.0,0.914204778783,0.354674865033,0.44925744756
271.325,44.9356,166.0,0.914204778783,0.354674865033,0.44925744756
268.423,44.9556,166.0,0.914204778783,0.354674865033,0.44925744756
265.545,45.0663,166.0,0.914204778783,0.354674865033,0.44925744756
262.953,46.4527,166.0,0.914204778783,0.354674865033,0.44925744756
260.386,47.7415,166.0,0.914204778783,0.354674865033,0.44925744756
257.541,49.1145,166.0,0.914204778783,0.354674865033,0.44925744756
256.509,51.5611,166.0,0.914204778783,0.354674865033,0.44925744756
255.355,53.9778,166.0,0.914204778783,0.354674865033,0.44925744756
256.278,56.4918,166.0,0.914204778783,0.354674865033,0.44925744756
257.109,59.1439,166.0,0.914204778783,0.354674865033,0.44925744756
258.819,61.5665,166.0,0.914204778783,0.354674865033,0.44925744756
260.157,64.1594,166.0,0.914204778783,0.354674865033,0.44925744756
261.205,66.6342,166.0,0.914204778783,0.354674865033,0.44925744756
262.118,69.1612,166.0,0.914204778783,0.354674865033,0.44925744756
262.974,71.8723,166.0,0.914204778783,0.354674865033,0.44925744756
264.125,74.5365,166.0,0.914204778783,0.354674865033,0.44925744756
264.686,77.4237,166.0,0.914204778783,0.354674865033,0.44925744756
265.98,79.8226,166.0,0.914204778783,0.354674865033,0.44925744756
268.419,81.0261,166.0,0.914204778783,0.354674865033,0.44925744756
270.685,82.5871,166.0,0.914204778783,0.354674865033,0.44925744756
273.199,83.5677,166.0,0.914204778783,0.354674865033,0.44925744756
275.888,84.7267,166.0,0.914204778783,0.354674865033,0.44925744756
278.606,85.5113,166.0,0.914204778783,0.354674865033,0.44925744756
281.184,86.3059,166.0,0.914204778783,0.354674865033,0.44925744756
284.018,86.4821,166.0,0.914204778783,0.354674865033,0.44925744756
287.012,86.6916,166.0,0.914204778783,0.354674865033,0.44925744756
289.66,86.0646,166.0,0.914204778783,0.354674865033,0.44925744756
291.943,84.5603,166.0,0.914204778783,0.354674865033,0.44925744756
294.023,82.5658,166.0,0.914204778783,0.354674865033,0.44925744756
296.113,80.5224,166.0,0.914204778783,0.354674865033,0.44925744756
297.134,77.9435,166.0,0.914204778783,0.354674865033,0.44925744756
299.793,76.8182,166.0,0.914204778783,0.354674865033,0.44925744756
302.289,76.4544,166.0,0.914204778783,0.354674865033,0.44925744756
303.514,75.0901,166.0,0.914204778783,0.354674865033,0.44925744756
303.635,72.8754,166.0,0.914204778783,0.354674865033,0.44925744756
302.853,69.9648,166.0,0.914204778783,0.354674865033,0.44925744756
301.369,66.5129,166.0,0.914204778783,0.354674865033,0.44925744756
299.384,62.6745,166.0,0.914204778783,0.354674865033,0.44925744756
297.097,58.6042,166.0,0.914204778783,0.354674865033,0.44925744756
