284.205,52.4629,174.0,0.914204778783,0.354674865033,0.44925744756
282.419,50.7754,174.0,0.914204778783,0.354674865033,0.44925744756
280.716,49.0486,174.0,0.914204778783,0.354674865033,0.44925744756
278.608,47.8525,174.0,0.914204778783,0.354674865033,0.44925744756
276.291,47.5735,174.0,0.914204778783,0.354674865033,0.44925744756
274.279,46.574,174.0,0.914204778783,0.354674865033,0.44925744756
272.124,45.9194,174.0,0.914204778783,0.354674865033,0.44925744756
269.697,45.8902,174.0,0.914204778783,0.354674865033,0.44925744756
267.452,46.3489,174.0,0.914204778783,0.354674865033,0.44925744756
265.146,46.7613,174.0,0.914204778783,0.354674865033,0.44925744756
263.808,47.9366,174.0,0.914204778783,0.354674865033,0.44925744756
261.803,48.914,174.0,0.914204778783,0.354674865033,0.44925744756
260.135,50.7416,174.0,0.914204778783,0.354674865033,0.44925744756
257.849,51.0282,174.0,0.914204778783,0.354674865033,0.44925744756
256.286,52.8783,174.0,0.914204778783,0.354674865033,0.44925744756
255.307,54.9025,174.0,0.914204778783,0.354674865033,0.44925744756
254.297,56.9114,174.0,0.914204778783,0.354674865033,0.44925744756
254.353,59.3621,174.0,0.914204778783,0.354674865033,0.44925744756
254.364,61.794,174.0,0.914204778783,0.354674865033,0.44925744756
254.365,64.2214,174.0,0.914204778783,0.354674865033,0.44925744756
254.362,66.6493,174.0,0.914204778783,0.354674865033,0.44925744756
254.362,69.0767,174.0,0.914204778783,0.354674865033,0.44925744756
255.331,71.2807,174.0,0.914204778783,0.354674865033,0.44925744756
256.555,73.1962,174.0,0.914204778783,0.354674865033,0.44925744756
258.237,74.926,174.0,0.914204778783,0.354674865033,0.44925744756
259.309,76.9091,174.0,0.914204778783,0.354674865033,0.44925744756
261.008,78.6328,174.0,0.914204778783,0.354674865033,0.44925744756
262.707,80.3521,174.0,0.914204778783,0.354674865033,0.44925744756
264.498,82.0447,174.0,0.914204778783,0.354674865033,0.44925744756
266.83,82.5799,174.0,0.914204778783,0.354674865033,0.44925744756
268.843,83.5772,174.0,0.914204778783,0.354674865033,0.44925744756
270.515,85.4,174.0,0.914204778783,0.354674865033,0.44925744756
272.584,86.2651,174.0,0.914204778783,0.354674865033,0.44925744756
274.539,87.405,174.0,0.914204778783,0.354674865033,0.44925744756
276.554,88.3998,174.0,0.914204778783,0.354674865033,0.44925744756
278.568,89.3985,174.0,0.914204778783,0.354674865033,0.44925744756
281.023,89.4271,174.0,0.914204778783,0.354674865033,0.44925744756
282.832,87.9248,174.0,0.914204778783,0.354674865033,0.44925744756
284.574,86.24,174.0,0.914204778783,0.354674865033,0.44925744756
286.446,84.6268,174.0,0.914204778783,0.354674865033,0.44925744756
287.622,82.5498,174.0,0.914204778783,0.354674865033,0.44925744756
289.143,80.6769,174.0,0.914204778783,0.354674865033,0.44925744756
289.084,78.2254,174.0,0.914204778783,0.354674865033,0.44925744756
290.155,76.242,174.0,0.914204778783,0.354674865033,0.44925744756
290.123,73.7969,174.0,0.914204778783,0.354674865033,0.44925744756
290.975,71.5087,174.0,0.914204778783,0.354674865033,0.44925744756
291.074,69.0971,174.0,0.914204778783,0.354674865033,0.44925744756
292.068,67.0818,174.0,0.914204778783,0.354674865033,0.44925744756
292.031,64.6656,174.0,0.914204778783,0.354674865033,0.44925744756
291.583,62.4332,174.0,0.914204778783,0.354674865033,0.44925744756
290.561,60.3366,174.0,0.914204778783,0.354674865033,0.44925744756
289.094,58.3456,174.0,0.914204778783,0.354674865033,0.44925744756
287.308,56.4301,174.0,0.914204778783,0.354674865033,0.44925744756
285.332,54.5599,174.0,0.914204778783,0.354674865033,0.44925744756
