325.504,639.058,117.0,0.231254009518,0.464219188522,0.322583676523
324.517,640.967,117.0,0.231254009518,0.464219188522,0.322583676523
323.762,643.125,117.0,0.231254009518,0.464219188522,0.322583676523
322.412,644.921,117.0,0.231254009518,0.464219188522,0.322583676523
321.989,647.166,117.0,0.231254009518,0.464219188522,0.322583676523
321.036,649.084,117.0,0.231254009518,0.464219188522,0.322583676523
321.083,651.417,117.0,0.231254009518,0.464219188522,0.322583676523
321.096,653.737,117.0,0.231254009518,0.464219188522,0.322583676523
321.091,656.048,117.0,0.231254009518,0.464219188522,0.322583676523
320.96,658.416,117.0,0.231254009518,0.464219188522,0.322583676523
321.991,660.302,117.0,0.231254009518,0.464219188522,0.322583676523
323.083,662.162,117.0,0.231254009518,0.464219188522,0.322583676523
324.7,663.803,117.0,0.231254009518,0.464219188522,0.322583676523
326.829,664.617,117.0,0.231254009518,0.464219188522,0.322583676523
329.152,664.621,117.0,0.231254009518,0.464219188522,0.322583676523
331.07,663.669,117.0,0.231254009518,0.464219188522,0.322583676523
333.448,663.823,117.0,0.231254009518,0.464219188522,0.322583676523
335.292,662.689,117.0,0.231254009518,0.464219188522,0.322583676523
337.461,661.924,117.0,0.231254009518,0.464219188522,0.322583676523
339.522,661.648,117.0,0.231254009518,0.464219188522,0.322583676523
341.077,660.58,117.0,0.231254009518,0.464219188522,0.322583676523
342.851,659.308,117.0,0.231254009518,0.464219188522,0.322583676523
344.806,658.452,117.0,0.231254009518,0.464219188522,0.322583676523
344.798,656.138,117.0,0.231254009518,0.464219188522,0.322583676523
344.805,653.826,117.0,0.231254009518,0.464219188522,0.322583676523
344.807,651.512,117.0,0.231254009518,0.464219188522,0.322583676523
344.536,649.318,117.0,0.231254009518,0.464219188522,0.322583676523
343.287,647.386,117.0,0.231254009518,0.464219188522,0.322583676523
342.183,645.505,117.0,0.231254009518,0.464219188522,0.322583676523
340.645,643.837,117.0,0.231254009518,0.464219188522,0.322583676523
339.565,641.807,117.0,0.231254009518,0.464219188522,0.322583676523
338.186,639.992,117.0,0.231254009518,0.464219188522,0.322583676523
336.796,638.182,117.0,0.231254009518,0.464219188522,0.322583676523
334.78,637.28,117.0,0.231254009518,0.464219188522,0.322583676523
332.537,637.068,117.0,0.231254009518,0.464219188522,0.322583676523
330.132,637.347,117.0,0.231254009518,0.464219188522,0.322583676523
327.63,637.921,117.0,0.231254009518,0.464219188522,0.322583676523
