326.144,636.853,118.0,0.57191814677,0.559643615311,0.0741970184454
324.52,638.813,118.0,0.57191814677,0.559643615311,0.0741970184454
324.075,641.408,118.0,0.57191814677,0.559643615311,0.0741970184454
322.858,643.575,118.0,0.57191814677,0.559643615311,0.0741970184454
323.059,646.27,118.0,0.57191814677,0.559643615311,0.0741970184454
322.012,648.658,118.0,0.57191814677,0.559643615311,0.0741970184454
321.993,651.295,118.0,0.57191814677,0.559643615311,0.0741970184454
321.968,653.935,118.0,0.57191814677,0.559643615311,0.0741970184454
321.942,656.588,118.0,0.57191814677,0.559643615311,0.0741970184454
323.753,658.479,118.0,0.57191814677,0.559643615311,0.0741970184454
325.195,660.691,118.0,0.57191814677,0.559643615311,0.0741970184454
327.35,662.085,118.0,0.57191814677,0.559643615311,0.0741970184454
329.467,663.336,118.0,0.57191814677,0.559643615311,0.0741970184454
331.593,664.581,118.0,0.57191814677,0.559643615311,0.0741970184454
334.226,664.603,118.0,0.57191814677,0.559643615311,0.0741970184454
336.867,664.6,118.0,0.57191814677,0.559643615311,0.0741970184454
339.141,663.664,118.0,0.57191814677,0.559643615311,0.0741970184454
340.955,662.372,118.0,0.57191814677,0.559643615311,0.0741970184454
343.007,661.147,118.0,0.57191814677,0.559643615311,0.0741970184454
344.856,659.258,118.0,0.57191814677,0.559643615311,0.0741970184454
346.182,657.007,118.0,0.57191814677,0.559643615311,0.0741970184454
347.436,654.891,118.0,0.57191814677,0.559643615311,0.0741970184454
347.446,652.247,118.0,0.57191814677,0.559643615311,0.0741970184454
346.502,649.996,118.0,0.57191814677,0.559643615311,0.0741970184454
346.121,647.511,118.0,0.57191814677,0.559643615311,0.0741970184454
345.571,645.1,118.0,0.57191814677,0.559643615311,0.0741970184454
344.129,642.906,118.0,0.57191814677,0.559643615311,0.0741970184454
342.942,640.835,118.0,0.57191814677,0.559643615311,0.0741970184454
339.871,639.608,118.0,0.57191814677,0.559643615311,0.0741970184454
340.557,640.175,118.0,0.57191814677,0.559643615311,0.0741970184454
341.324,641.603,118.0,0.57191814677,0.559643615311,0.0741970184454
340.083,641.678,118.0,0.57191814677,0.559643615311,0.0741970184454
337.279,640.699,118.0,0.57191814677,0.559643615311,0.0741970184454
333.359,638.969,118.0,0.57191814677,0.559643615311,0.0741970184454
328.769,636.788,118.0,0.57191814677,0.559643615311,0.0741970184454
