328.472,629.116,124.0,0.231254009518,0.464219188522,0.322583676523
331.814,631.508,124.0,0.231254009518,0.464219188522,0.322583676523
335.58,633.17,124.0,0.231254009518,0.464219188522,0.322583676523
339.268,635.144,124.0,0.231254009518,0.464219188522,0.322583676523
342.938,637.065,124.0,0.231254009518,0.464219188522,0.322583676523
346.698,638.881,124.0,0.231254009518,0.464219188522,0.322583676523
350.302,641.002,124.0,0.231254009518,0.464219188522,0.322583676523
353.806,643.259,124.0,0.231254009518,0.464219188522,0.322583676523
357.377,645.408,124.0,0.231254009518,0.464219188522,0.322583676523
360.946,647.578,124.0,0.231254009518,0.464219188522,0.322583676523
364.657,649.503,124.0,0.231254009518,0.464219188522,0.322583676523
368.243,651.618,124.0,0.231254009518,0.464219188522,0.322583676523
371.682,654.024,124.0,0.231254009518,0.464219188522,0.322583676523
375.055,656.429,124.0,0.231254009518,0.464219188522,0.322583676523
378.105,659.262,124.0,0.231254009518,0.464219188522,0.322583676523
380.871,662.301,124.0,0.231254009518,0.464219188522,0.322583676523
381.709,666.13,124.0,0.231254009518,0.464219188522,0.322583676523
380.05,669.658,124.0,0.231254009518,0.464219188522,0.322583676523
378.151,672.538,124.0,0.231254009518,0.464219188522,0.322583676523
374.459,674.498,124.0,0.231254009518,0.464219188522,0.322583676523
370.972,676.196,124.0,0.231254009518,0.464219188522,0.322583676523
366.927,676.865,124.0,0.231254009518,0.464219188522,0.322583676523
362.653,676.945,124.0,0.231254009518,0.464219188522,0.322583676523
358.343,677.277,124.0,0.231254009518,0.464219188522,0.322583676523
354.064,677.556,124.0,0.231254009518,0.464219188522,0.322583676523
349.882,677.478,124.0,0.231254009518,0.464219188522,0.322583676523
345.863,676.737,124.0,0.231254009518,0.464219188522,0.322583676523
342.065,675.086,124.0,0.231254009518,0.464219188522,0.322583676523
338.31,673.233,124.0,0.231254009518,0.464219188522,0.322583676523
335.071,670.662,124.0,0.231254009518,0.464219188522,0.322583676523
331.74,668.222,124.0,0.231254009518,0.464219188522,0.322583676523
329.087,665.463,124.0,0.231254009518,0.464219188522,0.322583676523
325.846,663.107,124.0,0.231254009518,0.464219188522,0.322583676523
322.857,660.221,124.0,0.231254009518,0.464219188522,0.322583676523
320.391,656.908,124.0,0.231254009518,0.464219188522,0.322583676523
318.472,653.199,124.0,0.231254009518,0.464219188522,0.322583676523
316.631,649.617,124.0,0.231254009518,0.464219188522,0.322583676523
314.089,646.606,124.0,0.231254009518,0.464219188522,0.322583676523
311.663,644.589,124.0,0.231254009518,0.464219188522,0.322583676523
312.021,641.83,124.0,0.231254009518,0.464219188522,0.322583676523
314.561,638.474,124.0,0.231254009518,0.464219188522,0.322583676523
318.659,634.693,124.0,0.231254009518,0.464219188522,0.322583676523
323.691,630.657,124.0,0.231254009518,0.464219188522,0.322583676523
