278.862,626.168,152.0,0.231254009518,0.464219188522,0.322583676523
280.755,623.915,152.0,0.231254009518,0.464219188522,0.322583676523
281.739,621.31,152.0,0.231254009518,0.464219188522,0.322583676523
283.426,618.785,152.0,0.231254009518,0.464219188522,0.322583676523
285.61,616.669,152.0,0.231254009518,0.464219188522,0.322583676523
288.007,614.719,152.0,0.231254009518,0.464219188522,0.322583676523
290.808,614.087,152.0,0.231254009518,0.464219188522,0.322583676523
293.67,613.666,152.0,0.231254009518,0.464219188522,0.322583676523
296.707,613.667,152.0,0.231254009518,0.464219188522,0.322583676523
299.743,613.667,152.0,0.231254009518,0.464219188522,0.322583676523
302.779,613.667,152.0,0.231254009518,0.464219188522,0.322583676523
305.815,613.667,152.0,0.231254009518,0.464219188522,0.322583676523
308.851,613.667,152.0,0.231254009518,0.464219188522,0.322583676523
311.887,613.673,152.0,0.231254009518,0.464219188522,0.322583676523
314.87,614.064,152.0,0.231254009518,0.464219188522,0.322583676523
317.609,615.428,152.0,0.231254009518,0.464219188522,0.322583676523
320.523,615.943,152.0,0.231254009518,0.464219188522,0.322583676523
323.224,617.361,152.0,0.231254009518,0.464219188522,0.322583676523
325.941,618.722,152.0,0.231254009518,0.464219188522,0.322583676523
328.677,620.051,152.0,0.231254009518,0.464219188522,0.322583676523
331.038,621.905,152.0,0.231254009518,0.464219188522,0.322583676523
333.688,623.312,152.0,0.231254009518,0.464219188522,0.322583676523
336.105,625.106,152.0,0.231254009518,0.464219188522,0.322583676523
338.354,626.375,152.0,0.231254009518,0.464219188522,0.322583676523
340.97,627.194,152.0,0.231254009518,0.464219188522,0.322583676523
343.377,628.634,152.0,0.231254009518,0.464219188522,0.322583676523
346.049,629.95,152.0,0.231254009518,0.464219188522,0.322583676523
348.702,631.072,152.0,0.231254009518,0.464219188522,0.322583676523
351.451,632.015,152.0,0.231254009518,0.464219188522,0.322583676523
354.073,633.007,152.0,0.231254009518,0.464219188522,0.322583676523
356.929,633.869,152.0,0.231254009518,0.464219188522,0.322583676523
359.339,635.349,152.0,0.231254009518,0.464219188522,0.322583676523
362.218,635.83,152.0,0.231254009518,0.464219188522,0.322583676523
364.881,637.367,152.0,0.231254009518,0.464219188522,0.322583676523
367.58,638.191,152.0,0.231254009518,0.464219188522,0.322583676523
369.852,640.027,152.0,0.231254009518,0.464219188522,0.322583676523
372.721,640.855,152.0,0.231254009518,0.464219188522,0.322583676523
375.366,641.764,152.0,0.231254009518,0.464219188522,0.322583676523
377.651,643.581,152.0,0.231254009518,0.464219188522,0.322583676523
380.24,644.72,152.0,0.231254009518,0.464219188522,0.322583676523
382.987,645.727,152.0,0.231254009518,0.464219188522,0.322583676523
385.458,647.09,152.0,0.231254009518,0.464219188522,0.322583676523
388.246,648.178,152.0,0.231254009518,0.464219188522,0.322583676523
390.704,649.951,152.0,0.231254009518,0.464219188522,0.322583676523
393.487,650.613,152.0,0.231254009518,0.464219188522,0.322583676523
395.881,652.468,152.0,0.231254009518,0.464219188522,0.322583676523
398.409,654.089,152.0,0.231254009518,0.464219188522,0.322583676523
400.568,656.214,152.0,0.231254009518,0.464219188522,0.322583676523
402.662,658.451,152.0,0.231254009518,0.464219188522,0.322583676523
403.61,660.528,152.0,0.231254009518,0.464219188522,0.322583676523
404.461,663.216,152.0,0.231254009518,0.464219188522,0.322583676523
405.366,665.877,152.0,0.231254009518,0.464219188522,0.322583676523
405.402,668.898,152.0,0.231254009518,0.464219188522,0.322583676523
405.392,671.931,152.0,0.231254009518,0.464219188522,0.322583676523
404.279,674.55,152.0,0.231254009518,0.464219188522,0.322583676523
401.612,675.613,152.0,0.231254009518,0.464219188522,0.322583676523
398.806,676.741,152.0,0.231254009518,0.464219188522,0.322583676523
395.694,677.115,152.0,0.231254009518,0.464219188522,0.322583676523
392.521,677.58,152.0,0.231254009518,0.464219188522,0.322583676523
389.31,678.122,152.0,0.231254009518,0.464219188522,0.322583676523
386.076,678.698,152.0,0.231254009518,0.464219188522,0.322583676523
382.835,679.267,152.0,0.231254009518,0.464219188522,0.322583676523
379.604,679.785,152.0,0.231254009518,0.464219188522,0.322583676523
376.397,680.21,152.0,0.231254009518,0.464219188522,0.322583676523
373.23,680.501,152.0,0.231254009518,0.464219188522,0.322583676523
370.119,680.616,152.0,0.231254009518,0.464219188522,0.322583676523
367.08,680.512,152.0,0.231254009518,0.464219188522,0.322583676523
364.128,680.147,152.0,0.231254009518,0.464219188522,0.322583676523
361.279,679.479,152.0,0.231254009518,0.464219188522,0.322583676523
358.549,678.465,152.0,0.231254009518,0.464219188522,0.322583676523
355.953,677.065,152.0,0.231254009518,0.464219188522,0.322583676523
353.603,675.167,152.0,0.231254009518,0.464219188522,0.322583676523
351.784,672.915,152.0,0.231254009518,0.464219188522,0.322583676523
350.016,670.605,152.0,0.231254009518,0.464219188522,0.322583676523
348.657,667.897,152.0,0.231254009518,0.464219188522,0.322583676523
347.037,665.335,152.0,0.231254009518,0.464219188522,0.322583676523
345.069,663.008,152.0,0.231254009518,0.464219188522,0.322583676523
343.677,660.27,152.0,0.231254009518,0.464219188522,0.322583676523
341.314,658.52,152.0,0.231254009518,0.464219188522,0.322583676523
339.754,656.138,152.0,0.231254009518,0.464219188522,0.322583676523
337.679,653.956,152.0,0.231254009518,0.464219188522,0.322583676523
335.165,652.32,152.0,0.231254009518,0.464219188522,0.322583676523
333.031,650.153,152.0,0.231254009518,0.464219188522,0.322583676523
330.394,648.674,152.0,0.231254009518,0.464219188522,0.322583676523
328.367,646.644,152.0,0.231254009518,0.464219188522,0.322583676523
326.189,644.651,152.0,0.231254009518,0.464219188522,0.322583676523
323.725,643.153,152.0,0.231254009518,0.464219188522,0.322583676523
321.509,641.355,152.0,0.231254009518,0.464219188522,0.322583676523
319.131,639.93,152.0,0.231254009518,0.464219188522,0.322583676523
316.796,638.241,152.0,0.231254009518,0.464219188522,0.322583676523
314.11,637.398,152.0,0.231254009518,0.464219188522,0.322583676523
311.107,637.269,152.0,0.231254009518,0.464219188522,0.322583676523
308.258,636.491,152.0,0.231254009518,0.464219188522,0.322583676523
305.596,635.583,152.0,0.231254009518,0.464219188522,0.322583676523
302.544,635.621,152.0,0.231254009518,0.464219188522,0.322583676523
299.484,635.562,152.0,0.231254009518,0.464219188522,0.322583676523
296.736,636.393,152.0,0.231254009518,0.464219188522,0.322583676523
294.715,637.741,152.0,0.231254009518,0.464219188522,0.322583676523
291.917,638.419,152.0,0.231254009518,0.464219188522,0.322583676523
289.16,639.182,152.0,0.231254009518,0.464219188522,0.322583676523
286.579,638.076,152.0,0.231254009518,0.464219188522,0.322583676523
283.862,637.322,152.0,0.231254009518,0.464219188522,0.322583676523
281.651,635.904,152.0,0.231254009518,0.464219188522,0.322583676523
280.245,633.161,152.0,0.231254009518,0.464219188522,0.322583676523
279.321,629.621,152.0,0.231254009518,0.464219188522,0.322583676523
