279.305,629.198,153.0,0.231254009518,0.464219188522,0.322583676523
280.699,626.961,153.0,0.231254009518,0.464219188522,0.322583676523
282.308,624.868,153.0,0.231254009518,0.464219188522,0.322583676523
284.56,623.079,153.0,0.231254009518,0.464219188522,0.322583676523
286.38,621.014,153.0,0.231254009518,0.464219188522,0.322583676523
288.758,619.668,153.0,0.231254009518,0.464219188522,0.322583676523
291.058,618.192,153.0,0.231254009518,0.464219188522,0.322583676523
292.433,615.805,153.0,0.231254009518,0.464219188522,0.322583676523
294.952,615.026,153.0,0.231254009518,0.464219188522,0.322583676523
297.377,613.668,153.0,0.231254009518,0.464219188522,0.322583676523
300.111,613.638,153.0,0.231254009518,0.464219188522,0.322583676523
302.538,612.858,153.0,0.231254009518,0.464219188522,0.322583676523
305.258,612.789,153.0,0.231254009518,0.464219188522,0.322583676523
308.053,612.983,153.0,0.231254009518,0.464219188522,0.322583676523
310.376,614.326,153.0,0.231254009518,0.464219188522,0.322583676523
312.656,615.419,153.0,0.231254009518,0.464219188522,0.322583676523
315.195,616.348,153.0,0.231254009518,0.464219188522,0.322583676523
317.887,616.728,153.0,0.231254009518,0.464219188522,0.322583676523
320.01,618.462,153.0,0.231254009518,0.464219188522,0.322583676523
322.495,619.675,153.0,0.231254009518,0.464219188522,0.322583676523
325.251,620.231,153.0,0.231254009518,0.464219188522,0.322583676523
327.434,621.744,153.0,0.231254009518,0.464219188522,0.322583676523
330.044,622.428,153.0,0.231254009518,0.464219188522,0.322583676523
332.566,623.362,153.0,0.231254009518,0.464219188522,0.322583676523
335.075,624.498,153.0,0.231254009518,0.464219188522,0.322583676523
337.268,626.019,153.0,0.231254009518,0.464219188522,0.322583676523
339.64,626.942,153.0,0.231254009518,0.464219188522,0.322583676523
342.189,628.006,153.0,0.231254009518,0.464219188522,0.322583676523
344.383,629.492,153.0,0.231254009518,0.464219188522,0.322583676523
346.917,630.416,153.0,0.231254009518,0.464219188522,0.322583676523
349.612,630.81,153.0,0.231254009518,0.464219188522,0.322583676523
351.902,632.077,153.0,0.231254009518,0.464219188522,0.322583676523
353.549,633.829,153.0,0.231254009518,0.464219188522,0.322583676523
356.358,633.866,153.0,0.231254009518,0.464219188522,0.322583676523
358.584,635.469,153.0,0.231254009518,0.464219188522,0.322583676523
361.111,636.263,153.0,0.231254009518,0.464219188522,0.322583676523
363.503,637.632,153.0,0.231254009518,0.464219188522,0.322583676523
365.606,639.166,153.0,0.231254009518,0.464219188522,0.322583676523
367.869,640.338,153.0,0.231254009518,0.464219188522,0.322583676523
370.462,640.714,153.0,0.231254009518,0.464219188522,0.322583676523
372.782,641.746,153.0,0.231254009518,0.464219188522,0.322583676523
375.15,642.717,153.0,0.231254009518,0.464219188522,0.322583676523
377.521,644.241,153.0,0.231254009518,0.464219188522,0.322583676523
380.178,644.548,153.0,0.231254009518,0.464219188522,0.322583676523
382.22,646.242,153.0,0.231254009518,0.464219188522,0.322583676523
384.866,646.785,153.0,0.231254009518,0.464219188522,0.322583676523
387.363,647.888,153.0,0.231254009518,0.464219188522,0.322583676523
389.717,648.82,153.0,0.231254009518,0.464219188522,0.322583676523
391.85,650.309,153.0,0.231254009518,0.464219188522,0.322583676523
394.463,650.693,153.0,0.231254009518,0.464219188522,0.322583676523
397.014,651.803,153.0,0.231254009518,0.464219188522,0.322583676523
399.271,653.205,153.0,0.231254009518,0.464219188522,0.322583676523
401.301,654.958,153.0,0.231254009518,0.464219188522,0.322583676523
402.869,656.874,153.0,0.231254009518,0.464219188522,0.322583676523
404.568,658.899,153.0,0.231254009518,0.464219188522,0.322583676523
405.351,661.405,153.0,0.231254009518,0.464219188522,0.322583676523
406.172,663.933,153.0,0.231254009518,0.464219188522,0.322583676523
407.167,666.262,153.0,0.231254009518,0.464219188522,0.322583676523
407.151,669.012,153.0,0.231254009518,0.464219188522,0.322583676523
405.214,670.967,153.0,0.231254009518,0.464219188522,0.322583676523
402.91,672.417,153.0,0.231254009518,0.464219188522,0.322583676523
400.932,674.298,153.0,0.231254009518,0.464219188522,0.322583676523
398.15,674.184,153.0,0.231254009518,0.464219188522,0.322583676523
395.544,674.99,153.0,0.231254009518,0.464219188522,0.322583676523
392.789,675.043,153.0,0.231254009518,0.464219188522,0.322583676523
390.28,676.046,153.0,0.231254009518,0.464219188522,0.322583676523
387.647,676.531,153.0,0.231254009518,0.464219188522,0.322583676523
385.002,676.969,153.0,0.231254009518,0.464219188522,0.322583676523
382.238,676.902,153.0,0.231254009518,0.464219188522,0.322583676523
379.488,676.897,153.0,0.231254009518,0.464219188522,0.322583676523
376.74,676.898,153.0,0.231254009518,0.464219188522,0.322583676523
373.991,676.898,153.0,0.231254009518,0.464219188522,0.322583676523
371.242,676.903,153.0,0.231254009518,0.464219188522,0.322583676523
368.494,676.899,153.0,0.231254009518,0.464219188522,0.322583676523
365.697,677.093,153.0,0.231254009518,0.464219188522,0.322583676523
363.206,676.015,153.0,0.231254009518,0.464219188522,0.322583676523
360.748,675.316,153.0,0.231254009518,0.464219188522,0.322583676523
358.603,673.643,153.0,0.231254009518,0.464219188522,0.322583676523
356.125,672.436,153.0,0.231254009518,0.464219188522,0.322583676523
354.625,670.167,153.0,0.231254009518,0.464219188522,0.322583676523
352.768,668.163,153.0,0.231254009518,0.464219188522,0.322583676523
350.861,666.193,153.0,0.231254009518,0.464219188522,0.322583676523
349.393,663.907,153.0,0.231254009518,0.464219188522,0.322583676523
347.366,662.033,153.0,0.231254009518,0.464219188522,0.322583676523
345.946,659.679,153.0,0.231254009518,0.464219188522,0.322583676523
343.67,658.259,153.0,0.231254009518,0.464219188522,0.322583676523
341.664,656.405,153.0,0.231254009518,0.464219188522,0.322583676523
339.372,654.963,153.0,0.231254009518,0.464219188522,0.322583676523
337.479,652.916,153.0,0.231254009518,0.464219188522,0.322583676523
335.739,650.818,153.0,0.231254009518,0.464219188522,0.322583676523
333.904,648.974,153.0,0.231254009518,0.464219188522,0.322583676523
331.428,647.755,153.0,0.231254009518,0.464219188522,0.322583676523
329.594,645.565,153.0,0.231254009518,0.464219188522,0.322583676523
327.023,645.137,153.0,0.231254009518,0.464219188522,0.322583676523
324.766,643.608,153.0,0.231254009518,0.464219188522,0.322583676523
322.51,641.945,153.0,0.231254009518,0.464219188522,0.322583676523
319.87,641.646,153.0,0.231254009518,0.464219188522,0.322583676523
318.043,639.42,153.0,0.231254009518,0.464219188522,0.322583676523
315.79,638.217,153.0,0.231254009518,0.464219188522,0.322583676523
313.216,637.424,153.0,0.231254009518,0.464219188522,0.322583676523
310.689,636.528,153.0,0.231254009518,0.464219188522,0.322583676523
308.215,635.689,153.0,0.231254009518,0.464219188522,0.322583676523
305.822,634.224,153.0,0.231254009518,0.464219188522,0.322583676523
303.554,632.984,153.0,0.231254009518,0.464219188522,0.322583676523
301.182,632.074,153.0,0.231254009518,0.464219188522,0.322583676523
298.424,632.122,153.0,0.231254009518,0.464219188522,0.322583676523
295.946,632.775,153.0,0.231254009518,0.464219188522,0.322583676523
293.664,633.901,153.0,0.231254009518,0.464219188522,0.322583676523
291.554,635.442,153.0,0.231254009518,0.464219188522,0.322583676523
289.023,635.961,153.0,0.231254009518,0.464219188522,0.322583676523
286.668,637.353,153.0,0.231254009518,0.464219188522,0.322583676523
284.808,638.235,153.0,0.231254009518,0.464219188522,0.322583676523
282.16,638.081,153.0,0.231254009518,0.464219188522,0.322583676523
280.29,636.049,153.0,0.231254009518,0.464219188522,0.322583676523
279.031,633.699,153.0,0.231254009518,0.464219188522,0.322583676523
278.323,630.93,153.0,0.231254009518,0.464219188522,0.322583676523
