267.534,610.232,156.0,0.57191814677,0.559643615311,0.0741970184454
268.856,612.33,156.0,0.57191814677,0.559643615311,0.0741970184454
270.68,614.221,156.0,0.57191814677,0.559643615311,0.0741970184454
272.726,616.02,156.0,0.57191814677,0.559643615311,0.0741970184454
273.846,618.202,156.0,0.57191814677,0.559643615311,0.0741970184454
275.777,620.034,156.0,0.57191814677,0.559643615311,0.0741970184454
277.199,621.582,156.0,0.57191814677,0.559643615311,0.0741970184454
278.705,623.513,156.0,0.57191814677,0.559643615311,0.0741970184454
279.976,625.371,156.0,0.57191814677,0.559643615311,0.0741970184454
282.05,626.903,156.0,0.57191814677,0.559643615311,0.0741970184454
283.789,627.792,156.0,0.57191814677,0.559643615311,0.0741970184454
286.513,627.718,156.0,0.57191814677,0.559643615311,0.0741970184454
289.157,627.756,156.0,0.57191814677,0.559643615311,0.0741970184454
290.419,625.789,156.0,0.57191814677,0.559643615311,0.0741970184454
292.113,623.84,156.0,0.57191814677,0.559643615311,0.0741970184454
293.459,621.711,156.0,0.57191814677,0.559643615311,0.0741970184454
294.146,619.085,156.0,0.57191814677,0.559643615311,0.0741970184454
294.719,616.54,156.0,0.57191814677,0.559643615311,0.0741970184454
296.891,615.007,156.0,0.57191814677,0.559643615311,0.0741970184454
297.991,612.901,156.0,0.57191814677,0.559643615311,0.0741970184454
300.448,612.357,156.0,0.57191814677,0.559643615311,0.0741970184454
302.913,611.781,156.0,0.57191814677,0.559643615311,0.0741970184454
305.287,610.496,156.0,0.57191814677,0.559643615311,0.0741970184454
307.85,610.151,156.0,0.57191814677,0.559643615311,0.0741970184454
310.513,610.221,156.0,0.57191814677,0.559643615311,0.0741970184454
312.956,609.362,156.0,0.57191814677,0.559643615311,0.0741970184454
315.585,609.31,156.0,0.57191814677,0.559643615311,0.0741970184454
318.234,609.24,156.0,0.57191814677,0.559643615311,0.0741970184454
320.737,610.115,156.0,0.57191814677,0.559643615311,0.0741970184454
323.221,610.819,156.0,0.57191814677,0.559643615311,0.0741970184454
325.8,611.11,156.0,0.57191814677,0.559643615311,0.0741970184454
328.129,612.414,156.0,0.57191814677,0.559643615311,0.0741970184454
330.552,613.484,156.0,0.57191814677,0.559643615311,0.0741970184454
332.775,614.565,156.0,0.57191814677,0.559643615311,0.0741970184454
335.275,615.429,156.0,0.57191814677,0.559643615311,0.0741970184454
337.718,616.27,156.0,0.57191814677,0.559643615311,0.0741970184454
339.845,617.678,156.0,0.57191814677,0.559643615311,0.0741970184454
341.478,619.701,156.0,0.57191814677,0.559643615311,0.0741970184454
344.101,619.927,156.0,0.57191814677,0.559643615311,0.0741970184454
346.07,621.58,156.0,0.57191814677,0.559643615311,0.0741970184454
348.063,623.099,156.0,0.57191814677,0.559643615311,0.0741970184454
350.607,623.988,156.0,0.57191814677,0.559643615311,0.0741970184454
351.967,626.147,156.0,0.57191814677,0.559643615311,0.0741970184454
354.61,626.697,156.0,0.57191814677,0.559643615311,0.0741970184454
356.094,628.538,156.0,0.57191814677,0.559643615311,0.0741970184454
358.314,629.519,156.0,0.57191814677,0.559643615311,0.0741970184454
360.763,630.398,156.0,0.57191814677,0.559643615311,0.0741970184454
363.47,630.416,156.0,0.57191814677,0.559643615311,0.0741970184454
365.63,631.956,156.0,0.57191814677,0.559643615311,0.0741970184454
368.089,632.394,156.0,0.57191814677,0.559643615311,0.0741970184454
370.077,634.01,156.0,0.57191814677,0.559643615311,0.0741970184454
372.775,633.825,156.0,0.57191814677,0.559643615311,0.0741970184454
374.085,635.699,156.0,0.57191814677,0.559643615311,0.0741970184454
376.847,636.179,156.0,0.57191814677,0.559643615311,0.0741970184454
378.797,638.005,156.0,0.57191814677,0.559643615311,0.0741970184454
380.651,639.894,156.0,0.57191814677,0.559643615311,0.0741970184454
382.841,641.241,156.0,0.57191814677,0.559643615311,0.0741970184454
384.255,643.505,156.0,0.57191814677,0.559643615311,0.0741970184454
386.772,644.207,156.0,0.57191814677,0.559643615311,0.0741970184454
388.032,646.577,156.0,0.57191814677,0.559643615311,0.0741970184454
390.194,647.866,156.0,0.57191814677,0.559643615311,0.0741970184454
392.279,648.945,156.0,0.57191814677,0.559643615311,0.0741970184454
393.615,651.171,156.0,0.57191814677,0.559643615311,0.0741970184454
395.762,652.333,156.0,0.57191814677,0.559643615311,0.0741970184454
397.467,654.473,156.0,0.57191814677,0.559643615311,0.0741970184454
399.249,655.646,156.0,0.57191814677,0.559643615311,0.0741970184454
401.012,657.581,156.0,0.57191814677,0.559643615311,0.0741970184454
402.805,659.484,156.0,0.57191814677,0.559643615311,0.0741970184454
403.494,661.839,156.0,0.57191814677,0.559643615311,0.0741970184454
404.551,664.214,156.0,0.57191814677,0.559643615311,0.0741970184454
405.443,666.488,156.0,0.57191814677,0.559643615311,0.0741970184454
405.342,669.128,156.0,0.57191814677,0.559643615311,0.0741970184454
403.489,671.027,156.0,0.57191814677,0.559643615311,0.0741970184454
402.06,673.201,156.0,0.57191814677,0.559643615311,0.0741970184454
399.841,674.347,156.0,0.57191814677,0.559643615311,0.0741970184454
398.455,676.035,156.0,0.57191814677,0.559643615311,0.0741970184454
396.185,676.964,156.0,0.57191814677,0.559643615311,0.0741970184454
393.363,676.485,156.0,0.57191814677,0.559643615311,0.0741970184454
390.601,676.088,156.0,0.57191814677,0.559643615311,0.0741970184454
387.897,675.787,156.0,0.57191814677,0.559643615311,0.0741970184454
385.241,675.577,156.0,0.57191814677,0.559643615311,0.0741970184454
382.622,675.453,156.0,0.57191814677,0.559643615311,0.0741970184454
380.03,675.408,156.0,0.57191814677,0.559643615311,0.0741970184454
377.454,675.437,156.0,0.57191814677,0.559643615311,0.0741970184454
374.884,675.535,156.0,0.57191814677,0.559643615311,0.0741970184454
372.31,675.695,156.0,0.57191814677,0.559643615311,0.0741970184454
369.721,675.914,156.0,0.57191814677,0.559643615311,0.0741970184454
367.108,676.185,156.0,0.57191814677,0.559643615311,0.0741970184454
364.459,676.502,156.0,0.57191814677,0.559643615311,0.0741970184454
361.764,676.86,156.0,0.57191814677,0.559643615311,0.0741970184454
359.171,676.639,156.0,0.57191814677,0.559643615311,0.0741970184454
356.68,675.979,156.0,0.57191814677,0.559643615311,0.0741970184454
354.025,676.018,156.0,0.57191814677,0.559643615311,0.0741970184454
351.381,675.996,156.0,0.57191814677,0.559643615311,0.0741970184454
349.177,675.04,156.0,0.57191814677,0.559643615311,0.0741970184454
348.457,672.703,156.0,0.57191814677,0.559643615311,0.0741970184454
347.917,670.285,156.0,0.57191814677,0.559643615311,0.0741970184454
346.801,667.923,156.0,0.57191814677,0.559643615311,0.0741970184454
345.192,665.897,156.0,0.57191814677,0.559643615311,0.0741970184454
344.117,663.54,156.0,0.57191814677,0.559643615311,0.0741970184454
343.059,661.108,156.0,0.57191814677,0.559643615311,0.0741970184454
341.91,658.716,156.0,0.57191814677,0.559643615311,0.0741970184454
340.335,656.631,156.0,0.57191814677,0.559643615311,0.0741970184454
338.877,654.464,156.0,0.57191814677,0.559643615311,0.0741970184454
336.931,652.692,156.0,0.57191814677,0.559643615311,0.0741970184454
334.935,651.07,156.0,0.57191814677,0.559643615311,0.0741970184454
333.487,648.884,156.0,0.57191814677,0.559643615311,0.0741970184454
331.61,647.018,156.0,0.57191814677,0.559643615311,0.0741970184454
329.7,645.239,156.0,0.57191814677,0.559643615311,0.0741970184454
327.351,644.521,156.0,0.57191814677,0.559643615311,0.0741970184454
325.152,643.433,156.0,0.57191814677,0.559643615311,0.0741970184454
323.392,641.247,156.0,0.57191814677,0.559643615311,0.0741970184454
320.911,640.837,156.0,0.57191814677,0.559643615311,0.0741970184454
319.53,639.142,156.0,0.57191814677,0.559643615311,0.0741970184454
317.354,637.728,156.0,0.57191814677,0.559643615311,0.0741970184454
315.153,636.503,156.0,0.57191814677,0.559643615311,0.0741970184454
313.225,634.772,156.0,0.57191814677,0.559643615311,0.0741970184454
310.696,633.971,156.0,0.57191814677,0.559643615311,0.0741970184454
308.366,633.079,156.0,0.57191814677,0.559643615311,0.0741970184454
306.733,631.927,156.0,0.57191814677,0.559643615311,0.0741970184454
304.393,631.237,156.0,0.57191814677,0.559643615311,0.0741970184454
301.756,631.219,156.0,0.57191814677,0.559643615311,0.0741970184454
299.464,630.364,156.0,0.57191814677,0.559643615311,0.0741970184454
296.828,630.367,156.0,0.57191814677,0.559643615311,0.0741970184454
294.58,631.329,156.0,0.57191814677,0.559643615311,0.0741970184454
291.835,631.09,156.0,0.57191814677,0.559643615311,0.0741970184454
289.88,632.759,156.0,0.57191814677,0.559643615311,0.0741970184454
287.698,633.88,156.0,0.57191814677,0.559643615311,0.0741970184454
285.293,634.467,156.0,0.57191814677,0.559643615311,0.0741970184454
283.285,636.222,156.0,0.57191814677,0.559643615311,0.0741970184454
280.689,636.504,156.0,0.57191814677,0.559643615311,0.0741970184454
278.399,637.37,156.0,0.57191814677,0.559643615311,0.0741970184454
275.886,637.074,156.0,0.57191814677,0.559643615311,0.0741970184454
274.081,635.044,156.0,0.57191814677,0.559643615311,0.0741970184454
271.644,634.555,156.0,0.57191814677,0.559643615311,0.0741970184454
269.432,633.095,156.0,0.57191814677,0.559643615311,0.0741970184454
268.156,630.764,156.0,0.57191814677,0.559643615311,0.0741970184454
266.615,629.348,156.0,0.57191814677,0.559643615311,0.0741970184454
264.642,627.53,156.0,0.57191814677,0.559643615311,0.0741970184454
263.504,625.364,156.0,0.57191814677,0.559643615311,0.0741970184454
262.242,623.071,156.0,0.57191814677,0.559643615311,0.0741970184454
262.31,620.436,156.0,0.57191814677,0.559643615311,0.0741970184454
262.772,617.873,156.0,0.57191814677,0.559643615311,0.0741970184454
263.61,615.372,156.0,0.57191814677,0.559643615311,0.0741970184454
264.716,612.916,156.0,0.57191814677,0.559643615311,0.0741970184454
265.984,610.487,156.0,0.57191814677,0.559643615311,0.0741970184454
