287.951,622.224,159.0,0.57191814677,0.559643615311,0.0741970184454
289.484,620.966,159.0,0.57191814677,0.559643615311,0.0741970184454
291.031,619.141,159.0,0.57191814677,0.559643615311,0.0741970184454
293.155,618.006,159.0,0.57191814677,0.559643615311,0.0741970184454
295.46,617.146,159.0,0.57191814677,0.559643615311,0.0741970184454
297.256,615.486,159.0,0.57191814677,0.559643615311,0.0741970184454
299.546,615.161,159.0,0.57191814677,0.559643615311,0.0741970184454
301.338,613.631,159.0,0.57191814677,0.559643615311,0.0741970184454
303.779,613.668,159.0,0.57191814677,0.559643615311,0.0741970184454
306.208,613.678,159.0,0.57191814677,0.559643615311,0.0741970184454
308.624,613.654,159.0,0.57191814677,0.559643615311,0.0741970184454
310.675,612.75,159.0,0.57191814677,0.559643615311,0.0741970184454
313.116,612.789,159.0,0.57191814677,0.559643615311,0.0741970184454
315.542,612.789,159.0,0.57191814677,0.559643615311,0.0741970184454
317.968,612.789,159.0,0.57191814677,0.559643615311,0.0741970184454
320.393,612.789,159.0,0.57191814677,0.559643615311,0.0741970184454
322.819,612.789,159.0,0.57191814677,0.559643615311,0.0741970184454
325.244,612.797,159.0,0.57191814677,0.559643615311,0.0741970184454
327.672,612.751,159.0,0.57191814677,0.559643615311,0.0741970184454
329.885,613.677,159.0,0.57191814677,0.559643615311,0.0741970184454
331.971,614.496,159.0,0.57191814677,0.559643615311,0.0741970184454
333.889,615.794,159.0,0.57191814677,0.559643615311,0.0741970184454
336.153,616.763,159.0,0.57191814677,0.559643615311,0.0741970184454
338.526,617.152,159.0,0.57191814677,0.559643615311,0.0741970184454
340.258,618.814,159.0,0.57191814677,0.559643615311,0.0741970184454
342.422,619.898,159.0,0.57191814677,0.559643615311,0.0741970184454
344.402,621.297,159.0,0.57191814677,0.559643615311,0.0741970184454
346.427,622.255,159.0,0.57191814677,0.559643615311,0.0741970184454
348.287,623.684,159.0,0.57191814677,0.559643615311,0.0741970184454
350.641,624.547,159.0,0.57191814677,0.559643615311,0.0741970184454
351.725,626.031,159.0,0.57191814677,0.559643615311,0.0741970184454
353.817,627.113,159.0,0.57191814677,0.559643615311,0.0741970184454
355.538,628.818,159.0,0.57191814677,0.559643615311,0.0741970184454
357.567,630.097,159.0,0.57191814677,0.559643615311,0.0741970184454
359.464,631.548,159.0,0.57191814677,0.559643615311,0.0741970184454
361.423,632.949,159.0,0.57191814677,0.559643615311,0.0741970184454
363.822,633.113,159.0,0.57191814677,0.559643615311,0.0741970184454
365.754,634.582,159.0,0.57191814677,0.559643615311,0.0741970184454
367.731,635.661,159.0,0.57191814677,0.559643615311,0.0741970184454
369.782,636.552,159.0,0.57191814677,0.559643615311,0.0741970184454
371.978,637.339,159.0,0.57191814677,0.559643615311,0.0741970184454
373.939,638.995,159.0,0.57191814677,0.559643615311,0.0741970184454
376.098,639.737,159.0,0.57191814677,0.559643615311,0.0741970184454
378.311,640.465,159.0,0.57191814677,0.559643615311,0.0741970184454
380.622,640.891,159.0,0.57191814677,0.559643615311,0.0741970184454
382.751,642.012,159.0,0.57191814677,0.559643615311,0.0741970184454
384.763,642.98,159.0,0.57191814677,0.559643615311,0.0741970184454
386.879,644.097,159.0,0.57191814677,0.559643615311,0.0741970184454
388.835,645.405,159.0,0.57191814677,0.559643615311,0.0741970184454
390.574,647.062,159.0,0.57191814677,0.559643615311,0.0741970184454
392.871,647.711,159.0,0.57191814677,0.559643615311,0.0741970184454
394.61,649.413,159.0,0.57191814677,0.559643615311,0.0741970184454
396.444,650.954,159.0,0.57191814677,0.559643615311,0.0741970184454
398.552,652.203,159.0,0.57191814677,0.559643615311,0.0741970184454
399.71,654.337,159.0,0.57191814677,0.559643615311,0.0741970184454
401.011,656.266,159.0,0.57191814677,0.559643615311,0.0741970184454
402.414,658.111,159.0,0.57191814677,0.559643615311,0.0741970184454
403.629,660.033,159.0,0.57191814677,0.559643615311,0.0741970184454
405.261,661.778,159.0,0.57191814677,0.559643615311,0.0741970184454
406.392,663.92,159.0,0.57191814677,0.559643615311,0.0741970184454
407.167,666.159,159.0,0.57191814677,0.559643615311,0.0741970184454
407.143,668.581,159.0,0.57191814677,0.559643615311,0.0741970184454
406.336,670.674,159.0,0.57191814677,0.559643615311,0.0741970184454
406.125,673.101,159.0,0.57191814677,0.559643615311,0.0741970184454
403.994,674.239,159.0,0.57191814677,0.559643615311,0.0741970184454
402.229,675.814,159.0,0.57191814677,0.559643615311,0.0741970184454
399.946,676.156,159.0,0.57191814677,0.559643615311,0.0741970184454
397.813,676.849,159.0,0.57191814677,0.559643615311,0.0741970184454
395.369,677.03,159.0,0.57191814677,0.559643615311,0.0741970184454
392.67,677.423,159.0,0.57191814677,0.559643615311,0.0741970184454
389.734,677.959,159.0,0.57191814677,0.559643615311,0.0741970184454
386.613,678.6,159.0,0.57191814677,0.559643615311,0.0741970184454
383.357,679.307,159.0,0.57191814677,0.559643615311,0.0741970184454
380.016,680.043,159.0,0.57191814677,0.559643615311,0.0741970184454
376.641,680.771,159.0,0.57191814677,0.559643615311,0.0741970184454
373.283,681.452,159.0,0.57191814677,0.559643615311,0.0741970184454
369.991,682.049,159.0,0.57191814677,0.559643615311,0.0741970184454
366.816,682.524,159.0,0.57191814677,0.559643615311,0.0741970184454
363.81,682.84,159.0,0.57191814677,0.559643615311,0.0741970184454
361.021,682.958,159.0,0.57191814677,0.559643615311,0.0741970184454
358.5,682.84,159.0,0.57191814677,0.559643615311,0.0741970184454
356.299,682.45,159.0,0.57191814677,0.559643615311,0.0741970184454
354.467,681.75,159.0,0.57191814677,0.559643615311,0.0741970184454
353.054,680.7,159.0,0.57191814677,0.559643615311,0.0741970184454
352.112,679.265,159.0,0.57191814677,0.559643615311,0.0741970184454
351.691,677.406,159.0,0.57191814677,0.559643615311,0.0741970184454
351.84,675.085,159.0,0.57191814677,0.559643615311,0.0741970184454
351.333,672.864,159.0,0.57191814677,0.559643615311,0.0741970184454
350.078,670.965,159.0,0.57191814677,0.559643615311,0.0741970184454
348.767,668.938,159.0,0.57191814677,0.559643615311,0.0741970184454
348.373,666.619,159.0,0.57191814677,0.559643615311,0.0741970184454
346.696,664.891,159.0,0.57191814677,0.559643615311,0.0741970184454
345.72,662.87,159.0,0.57191814677,0.559643615311,0.0741970184454
344.783,660.818,159.0,0.57191814677,0.559643615311,0.0741970184454
343.367,658.841,159.0,0.57191814677,0.559643615311,0.0741970184454
342.617,656.504,159.0,0.57191814677,0.559643615311,0.0741970184454
340.607,655.213,159.0,0.57191814677,0.559643615311,0.0741970184454
339.618,653.25,159.0,0.57191814677,0.559643615311,0.0741970184454
337.864,651.566,159.0,0.57191814677,0.559643615311,0.0741970184454
337.224,649.007,159.0,0.57191814677,0.559643615311,0.0741970184454
335.273,648.091,159.0,0.57191814677,0.559643615311,0.0741970184454
333.616,646.302,159.0,0.57191814677,0.559643615311,0.0741970184454
331.636,644.896,159.0,0.57191814677,0.559643615311,0.0741970184454
330.119,643.22,159.0,0.57191814677,0.559643615311,0.0741970184454
328.356,641.779,159.0,0.57191814677,0.559643615311,0.0741970184454
326.743,640.511,159.0,0.57191814677,0.559643615311,0.0741970184454
324.842,639.483,159.0,0.57191814677,0.559643615311,0.0741970184454
323.03,637.899,159.0,0.57191814677,0.559643615311,0.0741970184454
320.96,636.511,159.0,0.57191814677,0.559643615311,0.0741970184454
318.803,635.654,159.0,0.57191814677,0.559643615311,0.0741970184454
317.015,634.138,159.0,0.57191814677,0.559643615311,0.0741970184454
314.899,632.987,159.0,0.57191814677,0.559643615311,0.0741970184454
312.969,631.793,159.0,0.57191814677,0.559643615311,0.0741970184454
310.731,631.342,159.0,0.57191814677,0.559643615311,0.0741970184454
308.764,630.234,159.0,0.57191814677,0.559643615311,0.0741970184454
306.629,629.534,159.0,0.57191814677,0.559643615311,0.0741970184454
304.607,628.56,159.0,0.57191814677,0.559643615311,0.0741970184454
302.543,627.681,159.0,0.57191814677,0.559643615311,0.0741970184454
300.058,627.672,159.0,0.57191814677,0.559643615311,0.0741970184454
298.54,628.547,159.0,0.57191814677,0.559643615311,0.0741970184454
297.377,630.356,159.0,0.57191814677,0.559643615311,0.0741970184454
296.516,631.921,159.0,0.57191814677,0.559643615311,0.0741970184454
296.506,634.337,159.0,0.57191814677,0.559643615311,0.0741970184454
296.497,636.76,159.0,0.57191814677,0.559643615311,0.0741970184454
295.91,639.0,159.0,0.57191814677,0.559643615311,0.0741970184454
293.824,639.422,159.0,0.57191814677,0.559643615311,0.0741970184454
292.335,640.922,159.0,0.57191814677,0.559643615311,0.0741970184454
290.279,641.798,159.0,0.57191814677,0.559643615311,0.0741970184454
287.842,641.771,159.0,0.57191814677,0.559643615311,0.0741970184454
285.419,641.767,159.0,0.57191814677,0.559643615311,0.0741970184454
283.012,641.749,159.0,0.57191814677,0.559643615311,0.0741970184454
281.478,640.857,159.0,0.57191814677,0.559643615311,0.0741970184454
279.873,640.033,159.0,0.57191814677,0.559643615311,0.0741970184454
278.464,638.483,159.0,0.57191814677,0.559643615311,0.0741970184454
277.917,636.47,159.0,0.57191814677,0.559643615311,0.0741970184454
277.206,634.756,159.0,0.57191814677,0.559643615311,0.0741970184454
275.887,633.381,159.0,0.57191814677,0.559643615311,0.0741970184454
275.224,631.181,159.0,0.57191814677,0.559643615311,0.0741970184454
273.629,629.339,159.0,0.57191814677,0.559643615311,0.0741970184454
272.84,627.73,159.0,0.57191814677,0.559643615311,0.0741970184454
271.015,626.614,159.0,0.57191814677,0.559643615311,0.0741970184454
270.155,625.031,159.0,0.57191814677,0.559643615311,0.0741970184454
267.862,624.242,159.0,0.57191814677,0.559643615311,0.0741970184454
266.154,622.605,159.0,0.57191814677,0.559643615311,0.0741970184454
264.683,621.535,159.0,0.57191814677,0.559643615311,0.0741970184454
263.098,620.685,159.0,0.57191814677,0.559643615311,0.0741970184454
261.037,619.704,159.0,0.57191814677,0.559643615311,0.0741970184454
260.119,617.6,159.0,0.57191814677,0.559643615311,0.0741970184454
258.094,616.348,159.0,0.57191814677,0.559643615311,0.0741970184454
257.908,614.159,159.0,0.57191814677,0.559643615311,0.0741970184454
257.095,612.244,159.0,0.57191814677,0.559643615311,0.0741970184454
257.876,609.864,159.0,0.57191814677,0.559643615311,0.0741970184454
259.46,608.376,159.0,0.57191814677,0.559643615311,0.0741970184454
261.472,607.378,159.0,0.57191814677,0.559643615311,0.0741970184454
263.596,606.655,159.0,0.57191814677,0.559643615311,0.0741970184454
265.975,606.969,159.0,0.57191814677,0.559643615311,0.0741970184454
267.871,608.406,159.0,0.57191814677,0.559643615311,0.0741970184454
269.831,609.728,159.0,0.57191814677,0.559643615311,0.0741970184454
270.756,611.819,159.0,0.57191814677,0.559643615311,0.0741970184454
272.807,612.809,159.0,0.57191814677,0.559643615311,0.0741970184454
274.766,614.179,159.0,0.57191814677,0.559643615311,0.0741970184454
276.615,615.71,159.0,0.57191814677,0.559643615311,0.0741970184454
278.486,617.156,159.0,0.57191814677,0.559643615311,0.0741970184454
279.633,618.819,159.0,0.57191814677,0.559643615311,0.0741970184454
281.356,620.578,159.0,0.57191814677,0.559643615311,0.0741970184454
283.759,620.627,159.0,0.57191814677,0.559643615311,0.0741970184454
285.887,621.599,159.0,0.57191814677,0.559643615311,0.0741970184454
