306.719,616.302,166.0,0.57191814677,0.559643615311,0.0741970184454
309.188,617.443,166.0,0.57191814677,0.559643615311,0.0741970184454
312.235,617.177,166.0,0.57191814677,0.559643615311,0.0741970184454
315.158,617.179,166.0,0.57191814677,0.559643615311,0.0741970184454
318.079,617.192,166.0,0.57191814677,0.559643615311,0.0741970184454
320.928,617.513,166.0,0.57191814677,0.559643615311,0.0741970184454
323.724,618.058,166.0,0.57191814677,0.559643615311,0.0741970184454
326.647,618.064,166.0,0.57191814677,0.559643615311,0.0741970184454
329.585,618.001,166.0,0.57191814677,0.559643615311,0.0741970184454
332.258,619.048,166.0,0.57191814677,0.559643615311,0.0741970184454
335.198,618.974,166.0,0.57191814677,0.559643615311,0.0741970184454
337.774,619.816,166.0,0.57191814677,0.559643615311,0.0741970184454
340.656,620.1,166.0,0.57191814677,0.559643615311,0.0741970184454
343.514,620.703,166.0,0.57191814677,0.559643615311,0.0741970184454
346.44,620.715,166.0,0.57191814677,0.559643615311,0.0741970184454
349.365,620.753,166.0,0.57191814677,0.559643615311,0.0741970184454
351.042,622.482,166.0,0.57191814677,0.559643615311,0.0741970184454
353.338,623.98,166.0,0.57191814677,0.559643615311,0.0741970184454
355.959,624.712,166.0,0.57191814677,0.559643615311,0.0741970184454
358.428,625.881,166.0,0.57191814677,0.559643615311,0.0741970184454
360.098,627.897,166.0,0.57191814677,0.559643615311,0.0741970184454
363.152,627.665,166.0,0.57191814677,0.559643615311,0.0741970184454
365.548,629.252,166.0,0.57191814677,0.559643615311,0.0741970184454
368.029,630.347,166.0,0.57191814677,0.559643615311,0.0741970184454
370.765,631.246,166.0,0.57191814677,0.559643615311,0.0741970184454
373.18,632.437,166.0,0.57191814677,0.559643615311,0.0741970184454
375.661,633.923,166.0,0.57191814677,0.559643615311,0.0741970184454
378.313,635.165,166.0,0.57191814677,0.559643615311,0.0741970184454
380.388,637.364,166.0,0.57191814677,0.559643615311,0.0741970184454
383.013,638.162,166.0,0.57191814677,0.559643615311,0.0741970184454
384.627,640.341,166.0,0.57191814677,0.559643615311,0.0741970184454
387.47,641.374,166.0,0.57191814677,0.559643615311,0.0741970184454
389.114,643.53,166.0,0.57191814677,0.559643615311,0.0741970184454
391.329,645.269,166.0,0.57191814677,0.559643615311,0.0741970184454
393.844,646.696,166.0,0.57191814677,0.559643615311,0.0741970184454
395.87,648.809,166.0,0.57191814677,0.559643615311,0.0741970184454
398.248,650.307,166.0,0.57191814677,0.559643615311,0.0741970184454
399.886,652.217,166.0,0.57191814677,0.559643615311,0.0741970184454
401.166,654.607,166.0,0.57191814677,0.559643615311,0.0741970184454
402.26,657.365,166.0,0.57191814677,0.559643615311,0.0741970184454
403.688,659.764,166.0,0.57191814677,0.559643615311,0.0741970184454
403.644,662.707,166.0,0.57191814677,0.559643615311,0.0741970184454
403.657,665.637,166.0,0.57191814677,0.559643615311,0.0741970184454
402.696,668.164,166.0,0.57191814677,0.559643615311,0.0741970184454
401.004,670.381,166.0,0.57191814677,0.559643615311,0.0741970184454
399.702,672.915,166.0,0.57191814677,0.559643615311,0.0741970184454
397.353,674.307,166.0,0.57191814677,0.559643615311,0.0741970184454
395.128,675.994,166.0,0.57191814677,0.559643615311,0.0741970184454
392.624,676.991,166.0,0.57191814677,0.559643615311,0.0741970184454
389.164,676.423,166.0,0.57191814677,0.559643615311,0.0741970184454
385.444,676.352,166.0,0.57191814677,0.559643615311,0.0741970184454
381.542,676.686,166.0,0.57191814677,0.559643615311,0.0741970184454
377.534,677.325,166.0,0.57191814677,0.559643615311,0.0741970184454
373.497,678.173,166.0,0.57191814677,0.559643615311,0.0741970184454
369.506,679.129,166.0,0.57191814677,0.559643615311,0.0741970184454
365.638,680.096,166.0,0.57191814677,0.559643615311,0.0741970184454
361.969,680.976,166.0,0.57191814677,0.559643615311,0.0741970184454
358.576,681.67,166.0,0.57191814677,0.559643615311,0.0741970184454
355.535,682.081,166.0,0.57191814677,0.559643615311,0.0741970184454
352.922,682.108,166.0,0.57191814677,0.559643615311,0.0741970184454
350.813,681.655,166.0,0.57191814677,0.559643615311,0.0741970184454
349.285,680.623,166.0,0.57191814677,0.559643615311,0.0741970184454
348.413,678.913,166.0,0.57191814677,0.559643615311,0.0741970184454
348.275,676.428,166.0,0.57191814677,0.559643615311,0.0741970184454
347.096,674.004,166.0,0.57191814677,0.559643615311,0.0741970184454
346.62,671.276,166.0,0.57191814677,0.559643615311,0.0741970184454
345.695,668.733,166.0,0.57191814677,0.559643615311,0.0741970184454
346.055,665.97,166.0,0.57191814677,0.559643615311,0.0741970184454
346.558,663.265,166.0,0.57191814677,0.559643615311,0.0741970184454
346.6,660.314,166.0,0.57191814677,0.559643615311,0.0741970184454
344.794,658.138,166.0,0.57191814677,0.559643615311,0.0741970184454
343.083,655.921,166.0,0.57191814677,0.559643615311,0.0741970184454
342.194,653.211,166.0,0.57191814677,0.559643615311,0.0741970184454
340.45,650.826,166.0,0.57191814677,0.559643615311,0.0741970184454
338.245,649.12,166.0,0.57191814677,0.559643615311,0.0741970184454
335.808,647.836,166.0,0.57191814677,0.559643615311,0.0741970184454
333.579,646.152,166.0,0.57191814677,0.559643615311,0.0741970184454
331.11,644.951,166.0,0.57191814677,0.559643615311,0.0741970184454
328.745,643.294,166.0,0.57191814677,0.559643615311,0.0741970184454
325.907,642.727,166.0,0.57191814677,0.559643615311,0.0741970184454
323.749,640.895,166.0,0.57191814677,0.559643615311,0.0741970184454
321.198,639.995,166.0,0.57191814677,0.559643615311,0.0741970184454
318.783,638.646,166.0,0.57191814677,0.559643615311,0.0741970184454
315.898,638.288,166.0,0.57191814677,0.559643615311,0.0741970184454
313.852,636.202,166.0,0.57191814677,0.559643615311,0.0741970184454
311.406,635.402,166.0,0.57191814677,0.559643615311,0.0741970184454
309.462,633.897,166.0,0.57191814677,0.559643615311,0.0741970184454
307.013,632.55,166.0,0.57191814677,0.559643615311,0.0741970184454
304.552,631.247,166.0,0.57191814677,0.559643615311,0.0741970184454
302.454,629.272,166.0,0.57191814677,0.559643615311,0.0741970184454
300.88,626.994,166.0,0.57191814677,0.559643615311,0.0741970184454
300.844,624.056,166.0,0.57191814677,0.559643615311,0.0741970184454
301.453,621.294,166.0,0.57191814677,0.559643615311,0.0741970184454
302.972,618.827,166.0,0.57191814677,0.559643615311,0.0741970184454
305.039,616.538,166.0,0.57191814677,0.559643615311,0.0741970184454
