303.223,615.424,169.0,0.231254009518,0.464219188522,0.322583676523
306.122,615.424,169.0,0.231254009518,0.464219188522,0.322583676523
309.022,615.424,169.0,0.231254009518,0.464219188522,0.322583676523
311.92,615.416,169.0,0.231254009518,0.464219188522,0.322583676523
314.804,615.287,169.0,0.231254009518,0.464219188522,0.322583676523
317.612,614.542,169.0,0.231254009518,0.464219188522,0.322583676523
320.511,614.553,169.0,0.231254009518,0.464219188522,0.322583676523
323.432,614.494,169.0,0.231254009518,0.464219188522,0.322583676523
325.901,615.534,169.0,0.231254009518,0.464219188522,0.322583676523
328.63,615.951,169.0,0.231254009518,0.464219188522,0.322583676523
331.382,616.271,169.0,0.231254009518,0.464219188522,0.322583676523
334.054,617.234,169.0,0.231254009518,0.464219188522,0.322583676523
336.802,617.954,169.0,0.231254009518,0.464219188522,0.322583676523
339.3,618.913,169.0,0.231254009518,0.464219188522,0.322583676523
341.994,619.811,169.0,0.231254009518,0.464219188522,0.322583676523
344.609,621.035,169.0,0.231254009518,0.464219188522,0.322583676523
347.058,622.671,169.0,0.231254009518,0.464219188522,0.322583676523
349.742,623.311,169.0,0.231254009518,0.464219188522,0.322583676523
352.261,624.633,169.0,0.231254009518,0.464219188522,0.322583676523
354.779,625.96,169.0,0.231254009518,0.464219188522,0.322583676523
357.23,627.017,169.0,0.231254009518,0.464219188522,0.322583676523
359.84,627.727,169.0,0.231254009518,0.464219188522,0.322583676523
362.216,629.353,169.0,0.231254009518,0.464219188522,0.322583676523
364.928,630.319,169.0,0.231254009518,0.464219188522,0.322583676523
367.644,631.181,169.0,0.231254009518,0.464219188522,0.322583676523
369.911,632.668,169.0,0.231254009518,0.464219188522,0.322583676523
372.484,633.868,169.0,0.231254009518,0.464219188522,0.322583676523
375.188,634.639,169.0,0.231254009518,0.464219188522,0.322583676523
377.847,635.264,169.0,0.231254009518,0.464219188522,0.322583676523
380.501,636.35,169.0,0.231254009518,0.464219188522,0.322583676523
382.621,638.284,169.0,0.231254009518,0.464219188522,0.322583676523
385.765,638.036,169.0,0.231254009518,0.464219188522,0.322583676523
387.139,640.177,169.0,0.231254009518,0.464219188522,0.322583676523
389.533,641.73,169.0,0.231254009518,0.464219188522,0.322583676523
391.62,643.734,169.0,0.231254009518,0.464219188522,0.322583676523
394.041,645.332,169.0,0.231254009518,0.464219188522,0.322583676523
396.095,647.383,169.0,0.231254009518,0.464219188522,0.322583676523
398.237,649.396,169.0,0.231254009518,0.464219188522,0.322583676523
399.596,651.732,169.0,0.231254009518,0.464219188522,0.322583676523
401.625,653.791,169.0,0.231254009518,0.464219188522,0.322583676523
403.653,655.851,169.0,0.231254009518,0.464219188522,0.322583676523
403.869,658.506,169.0,0.231254009518,0.464219188522,0.322583676523
405.393,660.411,169.0,0.231254009518,0.464219188522,0.322583676523
405.4,663.311,169.0,0.231254009518,0.464219188522,0.322583676523
405.393,666.207,169.0,0.231254009518,0.464219188522,0.322583676523
403.959,668.513,169.0,0.231254009518,0.464219188522,0.322583676523
402.596,670.842,169.0,0.231254009518,0.464219188522,0.322583676523
401.077,673.175,169.0,0.231254009518,0.464219188522,0.322583676523
398.923,674.621,169.0,0.231254009518,0.464219188522,0.322583676523
396.596,676.016,169.0,0.231254009518,0.464219188522,0.322583676523
394.145,677.082,169.0,0.231254009518,0.464219188522,0.322583676523
390.848,676.514,169.0,0.231254009518,0.464219188522,0.322583676523
387.302,676.319,169.0,0.231254009518,0.464219188522,0.322583676523
383.594,676.507,169.0,0.231254009518,0.464219188522,0.322583676523
379.781,676.997,169.0,0.231254009518,0.464219188522,0.322583676523
375.92,677.707,169.0,0.231254009518,0.464219188522,0.322583676523
372.068,678.558,169.0,0.231254009518,0.464219188522,0.322583676523
368.283,679.468,169.0,0.231254009518,0.464219188522,0.322583676523
364.622,680.358,169.0,0.231254009518,0.464219188522,0.322583676523
361.141,681.146,169.0,0.231254009518,0.464219188522,0.322583676523
357.898,681.752,169.0,0.231254009518,0.464219188522,0.322583676523
354.95,682.096,169.0,0.231254009518,0.464219188522,0.322583676523
352.354,682.096,169.0,0.231254009518,0.464219188522,0.322583676523
350.167,681.673,169.0,0.231254009518,0.464219188522,0.322583676523
348.446,680.745,169.0,0.231254009518,0.464219188522,0.322583676523
347.249,679.232,169.0,0.231254009518,0.464219188522,0.322583676523
346.632,677.054,169.0,0.231254009518,0.464219188522,0.322583676523
346.561,674.238,169.0,0.231254009518,0.464219188522,0.322583676523
346.562,671.338,169.0,0.231254009518,0.464219188522,0.322583676523
346.585,668.448,169.0,0.231254009518,0.464219188522,0.322583676523
347.171,665.792,169.0,0.231254009518,0.464219188522,0.322583676523
347.44,663.005,169.0,0.231254009518,0.464219188522,0.322583676523
347.596,660.039,169.0,0.231254009518,0.464219188522,0.322583676523
346.56,657.569,169.0,0.231254009518,0.464219188522,0.322583676523
344.515,655.512,169.0,0.231254009518,0.464219188522,0.322583676523
342.5,653.364,169.0,0.231254009518,0.464219188522,0.322583676523
340.103,652.093,169.0,0.231254009518,0.464219188522,0.322583676523
337.713,650.541,169.0,0.231254009518,0.464219188522,0.322583676523
335.036,649.705,169.0,0.231254009518,0.464219188522,0.322583676523
333.5,647.991,169.0,0.231254009518,0.464219188522,0.322583676523
331.355,646.134,169.0,0.231254009518,0.464219188522,0.322583676523
328.875,644.747,169.0,0.231254009518,0.464219188522,0.322583676523
326.409,643.599,169.0,0.231254009518,0.464219188522,0.322583676523
323.858,642.717,169.0,0.231254009518,0.464219188522,0.322583676523
322.086,640.907,169.0,0.231254009518,0.464219188522,0.322583676523
319.701,639.341,169.0,0.231254009518,0.464219188522,0.322583676523
317.331,637.762,169.0,0.231254009518,0.464219188522,0.322583676523
314.904,636.488,169.0,0.231254009518,0.464219188522,0.322583676523
312.519,634.901,169.0,0.231254009518,0.464219188522,0.322583676523
310.136,633.62,169.0,0.231254009518,0.464219188522,0.322583676523
307.85,632.125,169.0,0.231254009518,0.464219188522,0.322583676523
305.907,631.191,169.0,0.231254009518,0.464219188522,0.322583676523
303.505,630.163,169.0,0.231254009518,0.464219188522,0.322583676523
302.45,628.16,169.0,0.231254009518,0.464219188522,0.322583676523
300.226,626.311,169.0,0.231254009518,0.464219188522,0.322583676523
299.511,623.754,169.0,0.231254009518,0.464219188522,0.322583676523
299.953,620.643,169.0,0.231254009518,0.464219188522,0.322583676523
301.089,617.2,169.0,0.231254009518,0.464219188522,0.322583676523
