301.214,616.895,171.0,0.231254009518,0.464219188522,0.322583676523
303.53,615.021,171.0,0.231254009518,0.464219188522,0.322583676523
305.596,613.068,171.0,0.231254009518,0.464219188522,0.322583676523
308.292,611.767,171.0,0.231254009518,0.464219188522,0.322583676523
310.718,610.085,171.0,0.231254009518,0.464219188522,0.322583676523
313.762,610.169,171.0,0.231254009518,0.464219188522,0.322583676523
316.759,610.146,171.0,0.231254009518,0.464219188522,0.322583676523
319.769,610.155,171.0,0.231254009518,0.464219188522,0.322583676523
322.776,610.154,171.0,0.231254009518,0.464219188522,0.322583676523
325.785,610.114,171.0,0.231254009518,0.464219188522,0.322583676523
328.43,611.422,171.0,0.231254009518,0.464219188522,0.322583676523
331.174,612.202,171.0,0.231254009518,0.464219188522,0.322583676523
333.765,613.885,171.0,0.231254009518,0.464219188522,0.322583676523
336.463,615.2,171.0,0.231254009518,0.464219188522,0.322583676523
339.153,616.546,171.0,0.231254009518,0.464219188522,0.322583676523
341.831,617.906,171.0,0.231254009518,0.464219188522,0.322583676523
344.402,619.414,171.0,0.231254009518,0.464219188522,0.322583676523
347.003,620.881,171.0,0.231254009518,0.464219188522,0.322583676523
349.576,622.421,171.0,0.231254009518,0.464219188522,0.322583676523
352.162,623.944,171.0,0.231254009518,0.464219188522,0.322583676523
354.859,625.269,171.0,0.231254009518,0.464219188522,0.322583676523
357.526,626.712,171.0,0.231254009518,0.464219188522,0.322583676523
360.444,627.085,171.0,0.231254009518,0.464219188522,0.322583676523
363.11,628.532,171.0,0.231254009518,0.464219188522,0.322583676523
365.8,629.875,171.0,0.231254009518,0.464219188522,0.322583676523
368.486,631.222,171.0,0.231254009518,0.464219188522,0.322583676523
371.184,632.553,171.0,0.231254009518,0.464219188522,0.322583676523
373.874,633.896,171.0,0.231254009518,0.464219188522,0.322583676523
376.669,634.933,171.0,0.231254009518,0.464219188522,0.322583676523
378.716,637.241,171.0,0.231254009518,0.464219188522,0.322583676523
381.593,637.672,171.0,0.231254009518,0.464219188522,0.322583676523
384.272,639.093,171.0,0.231254009518,0.464219188522,0.322583676523
386.766,640.611,171.0,0.231254009518,0.464219188522,0.322583676523
389.559,641.755,171.0,0.231254009518,0.464219188522,0.322583676523
392.029,643.442,171.0,0.231254009518,0.464219188522,0.322583676523
394.622,644.425,171.0,0.231254009518,0.464219188522,0.322583676523
397.208,645.856,171.0,0.231254009518,0.464219188522,0.322583676523
399.59,647.875,171.0,0.231254009518,0.464219188522,0.322583676523
400.976,650.307,171.0,0.231254009518,0.464219188522,0.322583676523
402.985,652.481,171.0,0.231254009518,0.464219188522,0.322583676523
403.601,655.267,171.0,0.231254009518,0.464219188522,0.322583676523
405.435,656.994,171.0,0.231254009518,0.464219188522,0.322583676523
406.542,659.516,171.0,0.231254009518,0.464219188522,0.322583676523
407.16,662.265,171.0,0.231254009518,0.464219188522,0.322583676523
407.153,665.272,171.0,0.231254009518,0.464219188522,0.322583676523
406.286,668.025,171.0,0.231254009518,0.464219188522,0.322583676523
404.081,670.131,171.0,0.231254009518,0.464219188522,0.322583676523
401.628,671.816,171.0,0.231254009518,0.464219188522,0.322583676523
399.588,674.113,171.0,0.231254009518,0.464219188522,0.322583676523
396.983,675.079,171.0,0.231254009518,0.464219188522,0.322583676523
394.742,676.927,171.0,0.231254009518,0.464219188522,0.322583676523
391.703,676.855,171.0,0.231254009518,0.464219188522,0.322583676523
388.716,676.898,171.0,0.231254009518,0.464219188522,0.322583676523
385.626,677.036,171.0,0.231254009518,0.464219188522,0.322583676523
382.453,677.381,171.0,0.231254009518,0.464219188522,0.322583676523
379.224,677.868,171.0,0.231254009518,0.464219188522,0.322583676523
375.964,678.434,171.0,0.231254009518,0.464219188522,0.322583676523
372.699,679.011,171.0,0.231254009518,0.464219188522,0.322583676523
369.456,679.537,171.0,0.231254009518,0.464219188522,0.322583676523
366.26,679.945,171.0,0.231254009518,0.464219188522,0.322583676523
363.137,680.172,171.0,0.231254009518,0.464219188522,0.322583676523
360.112,680.152,171.0,0.231254009518,0.464219188522,0.322583676523
357.213,679.821,171.0,0.231254009518,0.464219188522,0.322583676523
354.465,679.113,171.0,0.231254009518,0.464219188522,0.322583676523
351.894,677.964,171.0,0.231254009518,0.464219188522,0.322583676523
349.525,676.309,171.0,0.231254009518,0.464219188522,0.322583676523
347.367,674.215,171.0,0.231254009518,0.464219188522,0.322583676523
345.634,672.465,171.0,0.231254009518,0.464219188522,0.322583676523
345.766,669.41,171.0,0.231254009518,0.464219188522,0.322583676523
347.458,666.983,171.0,0.231254009518,0.464219188522,0.322583676523
349.178,664.687,171.0,0.231254009518,0.464219188522,0.322583676523
350.058,662.045,171.0,0.231254009518,0.464219188522,0.322583676523
350.913,659.392,171.0,0.231254009518,0.464219188522,0.322583676523
350.944,656.406,171.0,0.231254009518,0.464219188522,0.322583676523
349.859,653.806,171.0,0.231254009518,0.464219188522,0.322583676523
347.47,652.352,171.0,0.231254009518,0.464219188522,0.322583676523
345.015,650.678,171.0,0.231254009518,0.464219188522,0.322583676523
342.781,648.779,171.0,0.231254009518,0.464219188522,0.322583676523
340.485,647.061,171.0,0.231254009518,0.464219188522,0.322583676523
337.707,646.114,171.0,0.231254009518,0.464219188522,0.322583676523
334.974,644.84,171.0,0.231254009518,0.464219188522,0.322583676523
332.757,642.835,171.0,0.231254009518,0.464219188522,0.322583676523
330.217,641.284,171.0,0.231254009518,0.464219188522,0.322583676523
327.893,639.454,171.0,0.231254009518,0.464219188522,0.322583676523
325.143,638.272,171.0,0.231254009518,0.464219188522,0.322583676523
322.866,636.518,171.0,0.231254009518,0.464219188522,0.322583676523
320.27,635.175,171.0,0.231254009518,0.464219188522,0.322583676523
317.736,633.854,171.0,0.231254009518,0.464219188522,0.322583676523
315.064,633.044,171.0,0.231254009518,0.464219188522,0.322583676523
312.452,632.09,171.0,0.231254009518,0.464219188522,0.322583676523
309.498,631.612,171.0,0.231254009518,0.464219188522,0.322583676523
306.514,631.292,171.0,0.231254009518,0.464219188522,0.322583676523
303.89,630.357,171.0,0.231254009518,0.464219188522,0.322583676523
301.816,628.883,171.0,0.231254009518,0.464219188522,0.322583676523
299.17,628.507,171.0,0.231254009518,0.464219188522,0.322583676523
298.009,626.632,171.0,0.231254009518,0.464219188522,0.322583676523
298.502,623.145,171.0,0.231254009518,0.464219188522,0.322583676523
299.987,618.69,171.0,0.231254009518,0.464219188522,0.322583676523
