313.794,615.284,174.0,0.231254009518,0.464219188522,0.322583676523
316.24,616.262,174.0,0.231254009518,0.464219188522,0.322583676523
319.07,616.316,174.0,0.231254009518,0.464219188522,0.322583676523
321.835,616.673,174.0,0.231254009518,0.464219188522,0.322583676523
324.569,617.164,174.0,0.231254009518,0.464219188522,0.322583676523
327.051,618.051,174.0,0.231254009518,0.464219188522,0.322583676523
329.894,618.074,174.0,0.231254009518,0.464219188522,0.322583676523
332.794,617.858,174.0,0.231254009518,0.464219188522,0.322583676523
335.445,618.699,174.0,0.231254009518,0.464219188522,0.322583676523
338.242,618.919,174.0,0.231254009518,0.464219188522,0.322583676523
341.088,618.935,174.0,0.231254009518,0.464219188522,0.322583676523
343.955,618.861,174.0,0.231254009518,0.464219188522,0.322583676523
346.578,619.819,174.0,0.231254009518,0.464219188522,0.322583676523
349.434,619.791,174.0,0.231254009518,0.464219188522,0.322583676523
352.261,619.884,174.0,0.231254009518,0.464219188522,0.322583676523
355.139,619.762,174.0,0.231254009518,0.464219188522,0.322583676523
357.766,620.707,174.0,0.231254009518,0.464219188522,0.322583676523
360.424,621.516,174.0,0.231254009518,0.464219188522,0.322583676523
363.162,621.984,174.0,0.231254009518,0.464219188522,0.322583676523
365.81,622.816,174.0,0.231254009518,0.464219188522,0.322583676523
368.541,623.334,174.0,0.231254009518,0.464219188522,0.322583676523
370.585,625.329,174.0,0.231254009518,0.464219188522,0.322583676523
373.219,626.467,174.0,0.231254009518,0.464219188522,0.322583676523
375.315,628.372,174.0,0.231254009518,0.464219188522,0.322583676523
377.333,630.383,174.0,0.231254009518,0.464219188522,0.322583676523
379.692,631.982,174.0,0.231254009518,0.464219188522,0.322583676523
382.222,633.278,174.0,0.231254009518,0.464219188522,0.322583676523
384.878,634.445,174.0,0.231254009518,0.464219188522,0.322583676523
386.427,636.709,174.0,0.231254009518,0.464219188522,0.322583676523
388.34,638.727,174.0,0.231254009518,0.464219188522,0.322583676523
390.515,640.082,174.0,0.231254009518,0.464219188522,0.322583676523
393.039,640.869,174.0,0.231254009518,0.464219188522,0.322583676523
395.06,642.861,174.0,0.231254009518,0.464219188522,0.322583676523
397.442,644.365,174.0,0.231254009518,0.464219188522,0.322583676523
398.363,646.986,174.0,0.231254009518,0.464219188522,0.322583676523
400.142,649.097,174.0,0.231254009518,0.464219188522,0.322583676523
401.796,651.261,174.0,0.231254009518,0.464219188522,0.322583676523
401.889,654.072,174.0,0.231254009518,0.464219188522,0.322583676523
403.478,656.424,174.0,0.231254009518,0.464219188522,0.322583676523
403.645,659.2,174.0,0.231254009518,0.464219188522,0.322583676523
403.644,662.049,174.0,0.231254009518,0.464219188522,0.322583676523
403.652,664.902,174.0,0.231254009518,0.464219188522,0.322583676523
403.37,667.635,174.0,0.231254009518,0.464219188522,0.322583676523
401.273,669.615,174.0,0.231254009518,0.464219188522,0.322583676523
399.254,671.628,174.0,0.231254009518,0.464219188522,0.322583676523
397.175,673.488,174.0,0.231254009518,0.464219188522,0.322583676523
394.229,673.251,174.0,0.231254009518,0.464219188522,0.322583676523
391.808,674.257,174.0,0.231254009518,0.464219188522,0.322583676523
389.144,675.143,174.0,0.231254009518,0.464219188522,0.322583676523
386.71,676.108,174.0,0.231254009518,0.464219188522,0.322583676523
383.961,676.637,174.0,0.231254009518,0.464219188522,0.322583676523
381.172,676.871,174.0,0.231254009518,0.464219188522,0.322583676523
378.345,676.957,174.0,0.231254009518,0.464219188522,0.322583676523
375.518,677.027,174.0,0.231254009518,0.464219188522,0.322583676523
372.684,677.06,174.0,0.231254009518,0.464219188522,0.322583676523
369.843,677.063,174.0,0.231254009518,0.464219188522,0.322583676523
366.996,677.044,174.0,0.231254009518,0.464219188522,0.322583676523
364.145,677.01,174.0,0.231254009518,0.464219188522,0.322583676523
361.289,676.97,174.0,0.231254009518,0.464219188522,0.322583676523
358.43,676.93,174.0,0.231254009518,0.464219188522,0.322583676523
355.568,676.899,174.0,0.231254009518,0.464219188522,0.322583676523
352.704,676.883,174.0,0.231254009518,0.464219188522,0.322583676523
349.839,676.892,174.0,0.231254009518,0.464219188522,0.322583676523
346.966,676.94,174.0,0.231254009518,0.464219188522,0.322583676523
344.828,675.189,174.0,0.231254009518,0.464219188522,0.322583676523
344.656,672.5,174.0,0.231254009518,0.464219188522,0.322583676523
343.932,670.392,174.0,0.231254009518,0.464219188522,0.322583676523
344.364,667.713,174.0,0.231254009518,0.464219188522,0.322583676523
344.782,665.041,174.0,0.231254009518,0.464219188522,0.322583676523
345.709,662.411,174.0,0.231254009518,0.464219188522,0.322583676523
345.735,659.533,174.0,0.231254009518,0.464219188522,0.322583676523
344.861,657.046,174.0,0.231254009518,0.464219188522,0.322583676523
343.051,654.946,174.0,0.231254009518,0.464219188522,0.322583676523
341.561,652.553,174.0,0.231254009518,0.464219188522,0.322583676523
339.533,650.548,174.0,0.231254009518,0.464219188522,0.322583676523
338.044,648.156,174.0,0.231254009518,0.464219188522,0.322583676523
336.014,646.149,174.0,0.231254009518,0.464219188522,0.322583676523
333.543,645.108,174.0,0.231254009518,0.464219188522,0.322583676523
331.391,643.18,174.0,0.231254009518,0.464219188522,0.322583676523
329.102,641.821,174.0,0.231254009518,0.464219188522,0.322583676523
326.659,640.841,174.0,0.231254009518,0.464219188522,0.322583676523
324.312,639.647,174.0,0.231254009518,0.464219188522,0.322583676523
321.81,638.225,174.0,0.231254009518,0.464219188522,0.322583676523
320.126,636.456,174.0,0.231254009518,0.464219188522,0.322583676523
317.888,634.901,174.0,0.231254009518,0.464219188522,0.322583676523
315.083,634.784,174.0,0.231254009518,0.464219188522,0.322583676523
312.601,633.898,174.0,0.231254009518,0.464219188522,0.322583676523
310.497,632.098,174.0,0.231254009518,0.464219188522,0.322583676523
309.301,627.475,174.0,0.231254009518,0.464219188522,0.322583676523
310.55,623.199,174.0,0.231254009518,0.464219188522,0.322583676523
311.732,618.106,174.0,0.231254009518,0.464219188522,0.322583676523
