319.896,615.754,178.0,0.231254009518,0.464219188522,0.322583676523
322.77,616.574,178.0,0.231254009518,0.464219188522,0.322583676523
325.146,618.179,178.0,0.231254009518,0.464219188522,0.322583676523
328.167,618.058,178.0,0.231254009518,0.464219188522,0.322583676523
331.134,618.058,178.0,0.231254009518,0.464219188522,0.322583676523
334.1,618.06,178.0,0.231254009518,0.464219188522,0.322583676523
337.098,618.03,178.0,0.231254009518,0.464219188522,0.322583676523
340.224,617.871,178.0,0.231254009518,0.464219188522,0.322583676523
342.117,618.945,178.0,0.231254009518,0.464219188522,0.322583676523
345.103,618.863,178.0,0.231254009518,0.464219188522,0.322583676523
347.845,619.855,178.0,0.231254009518,0.464219188522,0.322583676523
350.65,620.523,178.0,0.231254009518,0.464219188522,0.322583676523
353.174,622.094,178.0,0.231254009518,0.464219188522,0.322583676523
355.637,623.269,178.0,0.231254009518,0.464219188522,0.322583676523
357.88,625.014,178.0,0.231254009518,0.464219188522,0.322583676523
360.422,626.498,178.0,0.231254009518,0.464219188522,0.322583676523
362.471,628.662,178.0,0.231254009518,0.464219188522,0.322583676523
364.906,630.288,178.0,0.231254009518,0.464219188522,0.322583676523
367.389,631.872,178.0,0.231254009518,0.464219188522,0.322583676523
369.111,633.915,178.0,0.231254009518,0.464219188522,0.322583676523
371.568,635.22,178.0,0.231254009518,0.464219188522,0.322583676523
374.176,636.611,178.0,0.231254009518,0.464219188522,0.322583676523
376.067,638.8,178.0,0.231254009518,0.464219188522,0.322583676523
378.426,640.041,178.0,0.231254009518,0.464219188522,0.322583676523
380.771,641.935,178.0,0.231254009518,0.464219188522,0.322583676523
383.223,643.49,178.0,0.231254009518,0.464219188522,0.322583676523
385.212,644.405,178.0,0.231254009518,0.464219188522,0.322583676523
387.456,646.152,178.0,0.231254009518,0.464219188522,0.322583676523
389.675,647.968,178.0,0.231254009518,0.464219188522,0.322583676523
392.132,649.573,178.0,0.231254009518,0.464219188522,0.322583676523
394.31,651.445,178.0,0.231254009518,0.464219188522,0.322583676523
395.876,653.427,178.0,0.231254009518,0.464219188522,0.322583676523
398.313,654.928,178.0,0.231254009518,0.464219188522,0.322583676523
398.38,657.824,178.0,0.231254009518,0.464219188522,0.322583676523
398.379,660.799,178.0,0.231254009518,0.464219188522,0.322583676523
398.352,663.755,178.0,0.231254009518,0.464219188522,0.322583676523
397.003,666.164,178.0,0.231254009518,0.464219188522,0.322583676523
395.796,668.635,178.0,0.231254009518,0.464219188522,0.322583676523
393.894,670.768,178.0,0.231254009518,0.464219188522,0.322583676523
391.896,672.497,178.0,0.231254009518,0.464219188522,0.322583676523
389.574,674.28,178.0,0.231254009518,0.464219188522,0.322583676523
386.797,675.136,178.0,0.231254009518,0.464219188522,0.322583676523
385.216,677.092,178.0,0.231254009518,0.464219188522,0.322583676523
384.832,679.943,178.0,0.231254009518,0.464219188522,0.322583676523
383.402,682.312,178.0,0.231254009518,0.464219188522,0.322583676523
381.081,684.212,178.0,0.231254009518,0.464219188522,0.322583676523
378.021,685.657,178.0,0.231254009518,0.464219188522,0.322583676523
374.377,686.659,178.0,0.231254009518,0.464219188522,0.322583676523
370.303,687.232,178.0,0.231254009518,0.464219188522,0.322583676523
365.952,687.39,178.0,0.231254009518,0.464219188522,0.322583676523
361.478,687.145,178.0,0.231254009518,0.464219188522,0.322583676523
357.035,686.511,178.0,0.231254009518,0.464219188522,0.322583676523
352.777,685.501,178.0,0.231254009518,0.464219188522,0.322583676523
348.858,684.128,178.0,0.231254009518,0.464219188522,0.322583676523
345.43,682.407,178.0,0.231254009518,0.464219188522,0.322583676523
342.65,680.349,178.0,0.231254009518,0.464219188522,0.322583676523
340.669,677.969,178.0,0.231254009518,0.464219188522,0.322583676523
339.642,675.28,178.0,0.231254009518,0.464219188522,0.322583676523
339.535,672.339,178.0,0.231254009518,0.464219188522,0.322583676523
339.628,669.379,178.0,0.231254009518,0.464219188522,0.322583676523
341.337,666.994,178.0,0.231254009518,0.464219188522,0.322583676523
341.831,664.11,178.0,0.231254009518,0.464219188522,0.322583676523
342.961,661.529,178.0,0.231254009518,0.464219188522,0.322583676523
343.842,659.467,178.0,0.231254009518,0.464219188522,0.322583676523
343.231,656.841,178.0,0.231254009518,0.464219188522,0.322583676523
341.104,654.752,178.0,0.231254009518,0.464219188522,0.322583676523
339.051,652.549,178.0,0.231254009518,0.464219188522,0.322583676523
336.617,651.209,178.0,0.231254009518,0.464219188522,0.322583676523
334.185,649.591,178.0,0.231254009518,0.464219188522,0.322583676523
331.906,647.927,178.0,0.231254009518,0.464219188522,0.322583676523
329.675,646.147,178.0,0.231254009518,0.464219188522,0.322583676523
327.392,644.509,178.0,0.231254009518,0.464219188522,0.322583676523
324.891,642.969,178.0,0.231254009518,0.464219188522,0.322583676523
322.624,641.028,178.0,0.231254009518,0.464219188522,0.322583676523
320.093,639.866,178.0,0.231254009518,0.464219188522,0.322583676523
318.034,637.687,178.0,0.231254009518,0.464219188522,0.322583676523
316.071,636.272,178.0,0.231254009518,0.464219188522,0.322583676523
314.402,633.915,178.0,0.231254009518,0.464219188522,0.322583676523
313.184,631.684,178.0,0.231254009518,0.464219188522,0.322583676523
312.321,629.069,178.0,0.231254009518,0.464219188522,0.322583676523
311.544,626.287,178.0,0.231254009518,0.464219188522,0.322583676523
311.503,623.383,178.0,0.231254009518,0.464219188522,0.322583676523
312.543,620.8,178.0,0.231254009518,0.464219188522,0.322583676523
314.53,618.526,178.0,0.231254009518,0.464219188522,0.322583676523
317.086,616.437,178.0,0.231254009518,0.464219188522,0.322583676523
