317.199,615.425,179.0,0.231254009518,0.464219188522,0.322583676523
319.948,615.426,179.0,0.231254009518,0.464219188522,0.322583676523
322.686,615.454,179.0,0.231254009518,0.464219188522,0.322583676523
325.552,615.175,179.0,0.231254009518,0.464219188522,0.322583676523
327.773,616.458,179.0,0.231254009518,0.464219188522,0.322583676523
330.597,616.254,179.0,0.231254009518,0.464219188522,0.322583676523
333.122,617.203,179.0,0.231254009518,0.464219188522,0.322583676523
335.704,617.913,179.0,0.231254009518,0.464219188522,0.322583676523
338.422,618.048,179.0,0.231254009518,0.464219188522,0.322583676523
341.008,618.742,179.0,0.231254009518,0.464219188522,0.322583676523
343.503,619.823,179.0,0.231254009518,0.464219188522,0.322583676523
346.092,620.503,179.0,0.231254009518,0.464219188522,0.322583676523
348.769,620.813,179.0,0.231254009518,0.464219188522,0.322583676523
351.201,622.157,179.0,0.231254009518,0.464219188522,0.322583676523
353.665,623.367,179.0,0.231254009518,0.464219188522,0.322583676523
356.127,624.583,179.0,0.231254009518,0.464219188522,0.322583676523
358.859,625.084,179.0,0.231254009518,0.464219188522,0.322583676523
361.016,626.052,179.0,0.231254009518,0.464219188522,0.322583676523
363.211,627.175,179.0,0.231254009518,0.464219188522,0.322583676523
365.815,627.719,179.0,0.231254009518,0.464219188522,0.322583676523
368.431,628.556,179.0,0.231254009518,0.464219188522,0.322583676523
370.875,629.856,179.0,0.231254009518,0.464219188522,0.322583676523
373.522,630.349,179.0,0.231254009518,0.464219188522,0.322583676523
376.188,631.077,179.0,0.231254009518,0.464219188522,0.322583676523
378.421,632.812,179.0,0.231254009518,0.464219188522,0.322583676523
381.059,633.128,179.0,0.231254009518,0.464219188522,0.322583676523
383.133,634.756,179.0,0.231254009518,0.464219188522,0.322583676523
385.65,635.901,179.0,0.231254009518,0.464219188522,0.322583676523
387.229,637.373,179.0,0.231254009518,0.464219188522,0.322583676523
389.469,638.991,179.0,0.231254009518,0.464219188522,0.322583676523
391.395,640.958,179.0,0.231254009518,0.464219188522,0.322583676523
392.794,643.286,179.0,0.231254009518,0.464219188522,0.322583676523
394.106,645.487,179.0,0.231254009518,0.464219188522,0.322583676523
394.864,647.923,179.0,0.231254009518,0.464219188522,0.322583676523
397.062,649.763,179.0,0.231254009518,0.464219188522,0.322583676523
397.497,652.332,179.0,0.231254009518,0.464219188522,0.322583676523
396.855,654.884,179.0,0.231254009518,0.464219188522,0.322583676523
395.775,656.608,179.0,0.231254009518,0.464219188522,0.322583676523
394.457,658.941,179.0,0.231254009518,0.464219188522,0.322583676523
393.103,661.235,179.0,0.231254009518,0.464219188522,0.322583676523
392.277,663.127,179.0,0.231254009518,0.464219188522,0.322583676523
390.767,665.308,179.0,0.231254009518,0.464219188522,0.322583676523
390.017,667.83,179.0,0.231254009518,0.464219188522,0.322583676523
387.862,669.687,179.0,0.231254009518,0.464219188522,0.322583676523
386.656,671.999,179.0,0.231254009518,0.464219188522,0.322583676523
384.43,673.216,179.0,0.231254009518,0.464219188522,0.322583676523
382.13,674.351,179.0,0.231254009518,0.464219188522,0.322583676523
379.704,675.696,179.0,0.231254009518,0.464219188522,0.322583676523
377.239,676.906,179.0,0.231254009518,0.464219188522,0.322583676523
374.46,676.78,179.0,0.231254009518,0.464219188522,0.322583676523
371.692,676.692,179.0,0.231254009518,0.464219188522,0.322583676523
368.943,676.677,179.0,0.231254009518,0.464219188522,0.322583676523
366.204,676.714,179.0,0.231254009518,0.464219188522,0.322583676523
363.47,676.778,179.0,0.231254009518,0.464219188522,0.322583676523
360.734,676.847,179.0,0.231254009518,0.464219188522,0.322583676523
357.988,676.898,179.0,0.231254009518,0.464219188522,0.322583676523
355.236,676.904,179.0,0.231254009518,0.464219188522,0.322583676523
352.696,676.017,179.0,0.231254009518,0.464219188522,0.322583676523
349.947,676.016,179.0,0.231254009518,0.464219188522,0.322583676523
347.261,675.862,179.0,0.231254009518,0.464219188522,0.322583676523
344.809,675.143,179.0,0.231254009518,0.464219188522,0.322583676523
343.829,672.767,179.0,0.231254009518,0.464219188522,0.322583676523
342.136,670.597,179.0,0.231254009518,0.464219188522,0.322583676523
342.165,667.833,179.0,0.231254009518,0.464219188522,0.322583676523
342.178,665.083,179.0,0.231254009518,0.464219188522,0.322583676523
342.394,662.389,179.0,0.231254009518,0.464219188522,0.322583676523
342.936,659.736,179.0,0.231254009518,0.464219188522,0.322583676523
343.916,657.397,179.0,0.231254009518,0.464219188522,0.322583676523
343.971,654.634,179.0,0.231254009518,0.464219188522,0.322583676523
343.04,652.271,179.0,0.231254009518,0.464219188522,0.322583676523
341.096,650.326,179.0,0.231254009518,0.464219188522,0.322583676523
339.547,648.215,179.0,0.231254009518,0.464219188522,0.322583676523
337.774,646.029,179.0,0.231254009518,0.464219188522,0.322583676523
335.806,644.394,179.0,0.231254009518,0.464219188522,0.322583676523
333.285,643.441,179.0,0.231254009518,0.464219188522,0.322583676523
331.232,641.767,179.0,0.231254009518,0.464219188522,0.322583676523
329.144,640.172,179.0,0.231254009518,0.464219188522,0.322583676523
326.814,639.098,179.0,0.231254009518,0.464219188522,0.322583676523
324.64,637.388,179.0,0.231254009518,0.464219188522,0.322583676523
322.429,636.055,179.0,0.231254009518,0.464219188522,0.322583676523
319.527,635.776,179.0,0.231254009518,0.464219188522,0.322583676523
318.197,633.859,179.0,0.231254009518,0.464219188522,0.322583676523
315.987,632.413,179.0,0.231254009518,0.464219188522,0.322583676523
313.281,632.105,179.0,0.231254009518,0.464219188522,0.322583676523
311.098,630.737,179.0,0.231254009518,0.464219188522,0.322583676523
308.846,629.536,179.0,0.231254009518,0.464219188522,0.322583676523
307.166,627.359,179.0,0.231254009518,0.464219188522,0.322583676523
307.272,624.673,179.0,0.231254009518,0.464219188522,0.322583676523
308.327,622.274,179.0,0.231254009518,0.464219188522,0.322583676523
310.016,620.132,179.0,0.231254009518,0.464219188522,0.322583676523
312.158,618.175,179.0,0.231254009518,0.464219188522,0.322583676523
314.572,616.329,179.0,0.231254009518,0.464219188522,0.322583676523
