316.334,611.816,180.0,0.231254009518,0.464219188522,0.322583676523
319.431,612.101,180.0,0.231254009518,0.464219188522,0.322583676523
322.496,612.768,180.0,0.231254009518,0.464219188522,0.322583676523
325.427,613.652,180.0,0.231254009518,0.464219188522,0.322583676523
328.501,614.071,180.0,0.231254009518,0.464219188522,0.322583676523
331.569,614.536,180.0,0.231254009518,0.464219188522,0.322583676523
334.385,615.922,180.0,0.231254009518,0.464219188522,0.322583676523
337.218,617.229,180.0,0.231254009518,0.464219188522,0.322583676523
340.39,617.287,180.0,0.231254009518,0.464219188522,0.322583676523
343.398,618.205,180.0,0.231254009518,0.464219188522,0.322583676523
346.179,619.722,180.0,0.231254009518,0.464219188522,0.322583676523
349.195,620.256,180.0,0.231254009518,0.464219188522,0.322583676523
352.207,620.798,180.0,0.231254009518,0.464219188522,0.322583676523
355.047,622.211,180.0,0.231254009518,0.464219188522,0.322583676523
357.767,623.321,180.0,0.231254009518,0.464219188522,0.322583676523
360.763,624.273,180.0,0.231254009518,0.464219188522,0.322583676523
363.548,625.783,180.0,0.231254009518,0.464219188522,0.322583676523
366.59,626.212,180.0,0.231254009518,0.464219188522,0.322583676523
369.379,627.71,180.0,0.231254009518,0.464219188522,0.322583676523
372.306,628.594,180.0,0.231254009518,0.464219188522,0.322583676523
375.067,629.919,180.0,0.231254009518,0.464219188522,0.322583676523
377.942,631.06,180.0,0.231254009518,0.464219188522,0.322583676523
380.665,632.082,180.0,0.231254009518,0.464219188522,0.322583676523
382.565,633.866,180.0,0.231254009518,0.464219188522,0.322583676523
385.135,635.605,180.0,0.231254009518,0.464219188522,0.322583676523
387.479,637.596,180.0,0.231254009518,0.464219188522,0.322583676523
390.008,638.981,180.0,0.231254009518,0.464219188522,0.322583676523
391.584,641.159,180.0,0.231254009518,0.464219188522,0.322583676523
392.991,644.008,180.0,0.231254009518,0.464219188522,0.322583676523
393.098,647.116,180.0,0.231254009518,0.464219188522,0.322583676523
392.957,650.24,180.0,0.231254009518,0.464219188522,0.322583676523
392.239,653.267,180.0,0.231254009518,0.464219188522,0.322583676523
391.493,656.241,180.0,0.231254009518,0.464219188522,0.322583676523
390.095,658.251,180.0,0.231254009518,0.464219188522,0.322583676523
387.556,659.807,180.0,0.231254009518,0.464219188522,0.322583676523
385.725,662.3,180.0,0.231254009518,0.464219188522,0.322583676523
384.085,664.945,180.0,0.231254009518,0.464219188522,0.322583676523
381.796,667.121,180.0,0.231254009518,0.464219188522,0.322583676523
379.488,669.31,180.0,0.231254009518,0.464219188522,0.322583676523
377.91,671.766,180.0,0.231254009518,0.464219188522,0.322583676523
375.349,673.47,180.0,0.231254009518,0.464219188522,0.322583676523
373.037,675.58,180.0,0.231254009518,0.464219188522,0.322583676523
370.191,676.938,180.0,0.231254009518,0.464219188522,0.322583676523
367.303,678.128,180.0,0.231254009518,0.464219188522,0.322583676523
364.266,678.926,180.0,0.231254009518,0.464219188522,0.322583676523
361.119,679.341,180.0,0.231254009518,0.464219188522,0.322583676523
357.898,679.378,180.0,0.231254009518,0.464219188522,0.322583676523
354.643,679.046,180.0,0.231254009518,0.464219188522,0.322583676523
351.391,678.353,180.0,0.231254009518,0.464219188522,0.322583676523
348.179,677.304,180.0,0.231254009518,0.464219188522,0.322583676523
345.046,675.908,180.0,0.231254009518,0.464219188522,0.322583676523
342.029,674.172,180.0,0.231254009518,0.464219188522,0.322583676523
341.108,671.409,180.0,0.231254009518,0.464219188522,0.322583676523
340.398,668.56,180.0,0.231254009518,0.464219188522,0.322583676523
339.372,665.842,180.0,0.231254009518,0.464219188522,0.322583676523
339.517,662.639,180.0,0.231254009518,0.464219188522,0.322583676523
339.507,659.5,180.0,0.231254009518,0.464219188522,0.322583676523
338.661,656.708,180.0,0.231254009518,0.464219188522,0.322583676523
337.678,653.972,180.0,0.231254009518,0.464219188522,0.322583676523
336.032,651.512,180.0,0.231254009518,0.464219188522,0.322583676523
333.212,649.8,180.0,0.231254009518,0.464219188522,0.322583676523
332.485,647.031,180.0,0.231254009518,0.464219188522,0.322583676523
330.01,645.403,180.0,0.231254009518,0.464219188522,0.322583676523
327.734,643.28,180.0,0.231254009518,0.464219188522,0.322583676523
325.491,641.336,180.0,0.231254009518,0.464219188522,0.322583676523
322.881,640.088,180.0,0.231254009518,0.464219188522,0.322583676523
321.306,637.611,180.0,0.231254009518,0.464219188522,0.322583676523
319.039,635.406,180.0,0.231254009518,0.464219188522,0.322583676523
317.482,632.908,180.0,0.231254009518,0.464219188522,0.322583676523
315.833,630.281,180.0,0.231254009518,0.464219188522,0.322583676523
314.384,628.593,180.0,0.231254009518,0.464219188522,0.322583676523
313.144,626.686,180.0,0.231254009518,0.464219188522,0.322583676523
311.287,624.733,180.0,0.231254009518,0.464219188522,0.322583676523
310.655,621.559,180.0,0.231254009518,0.464219188522,0.322583676523
311.107,618.482,180.0,0.231254009518,0.464219188522,0.322583676523
312.333,615.475,180.0,0.231254009518,0.464219188522,0.322583676523
314.023,612.509,180.0,0.231254009518,0.464219188522,0.322583676523
