316.857,611.921,184.0,0.231254009518,0.464219188522,0.322583676523
319.241,612.905,184.0,0.231254009518,0.464219188522,0.322583676523
321.904,613.617,184.0,0.231254009518,0.464219188522,0.322583676523
324.49,614.553,184.0,0.231254009518,0.464219188522,0.322583676523
327.144,615.012,184.0,0.231254009518,0.464219188522,0.322583676523
329.545,616.323,184.0,0.231254009518,0.464219188522,0.322583676523
332.181,617.05,184.0,0.231254009518,0.464219188522,0.322583676523
334.942,617.267,184.0,0.231254009518,0.464219188522,0.322583676523
337.542,618.356,184.0,0.231254009518,0.464219188522,0.322583676523
340.017,619.715,184.0,0.231254009518,0.464219188522,0.322583676523
342.737,620.058,184.0,0.231254009518,0.464219188522,0.322583676523
345.389,620.684,184.0,0.231254009518,0.464219188522,0.322583676523
348.045,621.529,184.0,0.231254009518,0.464219188522,0.322583676523
350.868,621.528,184.0,0.231254009518,0.464219188522,0.322583676523
353.086,623.227,184.0,0.231254009518,0.464219188522,0.322583676523
355.843,623.466,184.0,0.231254009518,0.464219188522,0.322583676523
358.301,624.928,184.0,0.231254009518,0.464219188522,0.322583676523
361.04,625.195,184.0,0.231254009518,0.464219188522,0.322583676523
363.492,626.615,184.0,0.231254009518,0.464219188522,0.322583676523
366.322,627.109,184.0,0.231254009518,0.464219188522,0.322583676523
368.573,628.616,184.0,0.231254009518,0.464219188522,0.322583676523
371.372,628.652,184.0,0.231254009518,0.464219188522,0.322583676523
373.68,630.204,184.0,0.231254009518,0.464219188522,0.322583676523
375.83,632.009,184.0,0.231254009518,0.464219188522,0.322583676523
378.407,632.481,184.0,0.231254009518,0.464219188522,0.322583676523
380.343,633.923,184.0,0.231254009518,0.464219188522,0.322583676523
382.247,636.068,184.0,0.231254009518,0.464219188522,0.322583676523
384.184,638.129,184.0,0.231254009518,0.464219188522,0.322583676523
385.281,640.47,184.0,0.231254009518,0.464219188522,0.322583676523
386.682,642.398,184.0,0.231254009518,0.464219188522,0.322583676523
386.934,645.031,184.0,0.231254009518,0.464219188522,0.322583676523
387.858,647.615,184.0,0.231254009518,0.464219188522,0.322583676523
387.855,650.422,184.0,0.231254009518,0.464219188522,0.322583676523
386.434,652.795,184.0,0.231254009518,0.464219188522,0.322583676523
384.971,655.153,184.0,0.231254009518,0.464219188522,0.322583676523
384.281,657.649,184.0,0.231254009518,0.464219188522,0.322583676523
382.079,659.236,184.0,0.231254009518,0.464219188522,0.322583676523
380.422,661.461,184.0,0.231254009518,0.464219188522,0.322583676523
378.449,663.448,184.0,0.231254009518,0.464219188522,0.322583676523
376.317,665.296,184.0,0.231254009518,0.464219188522,0.322583676523
373.859,666.263,184.0,0.231254009518,0.464219188522,0.322583676523
371.782,668.143,184.0,0.231254009518,0.464219188522,0.322583676523
369.247,669.374,184.0,0.231254009518,0.464219188522,0.322583676523
366.956,670.735,184.0,0.231254009518,0.464219188522,0.322583676523
364.744,672.424,184.0,0.231254009518,0.464219188522,0.322583676523
362.063,672.815,184.0,0.231254009518,0.464219188522,0.322583676523
359.498,673.391,184.0,0.231254009518,0.464219188522,0.322583676523
356.693,673.389,184.0,0.231254009518,0.464219188522,0.322583676523
354.064,672.974,184.0,0.231254009518,0.464219188522,0.322583676523
351.824,671.62,184.0,0.231254009518,0.464219188522,0.322583676523
349.919,669.588,184.0,0.231254009518,0.464219188522,0.322583676523
348.348,667.302,184.0,0.231254009518,0.464219188522,0.322583676523
347.671,664.79,184.0,0.231254009518,0.464219188522,0.322583676523
346.626,662.245,184.0,0.231254009518,0.464219188522,0.322583676523
345.618,659.877,184.0,0.231254009518,0.464219188522,0.322583676523
344.455,657.83,184.0,0.231254009518,0.464219188522,0.322583676523
342.892,655.583,184.0,0.231254009518,0.464219188522,0.322583676523
340.523,654.123,184.0,0.231254009518,0.464219188522,0.322583676523
338.573,652.124,184.0,0.231254009518,0.464219188522,0.322583676523
336.89,650.076,184.0,0.231254009518,0.464219188522,0.322583676523
334.708,648.345,184.0,0.231254009518,0.464219188522,0.322583676523
332.731,646.367,184.0,0.231254009518,0.464219188522,0.322583676523
330.615,644.478,184.0,0.231254009518,0.464219188522,0.322583676523
329.192,642.107,184.0,0.231254009518,0.464219188522,0.322583676523
327.002,640.42,184.0,0.231254009518,0.464219188522,0.322583676523
325.458,638.222,184.0,0.231254009518,0.464219188522,0.322583676523
323.313,636.523,184.0,0.231254009518,0.464219188522,0.322583676523
321.806,634.658,184.0,0.231254009518,0.464219188522,0.322583676523
320.25,632.992,184.0,0.231254009518,0.464219188522,0.322583676523
318.442,630.958,184.0,0.231254009518,0.464219188522,0.322583676523
316.905,628.791,184.0,0.231254009518,0.464219188522,0.322583676523
315.885,626.412,184.0,0.231254009518,0.464219188522,0.322583676523
316.182,623.488,184.0,0.231254009518,0.464219188522,0.322583676523
316.294,620.641,184.0,0.231254009518,0.464219188522,0.322583676523
316.262,617.853,184.0,0.231254009518,0.464219188522,0.322583676523
316.128,615.108,184.0,0.231254009518,0.464219188522,0.322583676523
315.932,612.388,184.0,0.231254009518,0.464219188522,0.322583676523
