317.166,613.783,185.0,0.231254009518,0.464219188522,0.322583676523
319.545,615.256,185.0,0.231254009518,0.464219188522,0.322583676523
322.179,615.594,185.0,0.231254009518,0.464219188522,0.322583676523
324.622,616.304,185.0,0.231254009518,0.464219188522,0.322583676523
327.108,617.34,185.0,0.231254009518,0.464219188522,0.322583676523
329.917,617.045,185.0,0.231254009518,0.464219188522,0.322583676523
332.421,618.036,185.0,0.231254009518,0.464219188522,0.322583676523
335.091,618.323,185.0,0.231254009518,0.464219188522,0.322583676523
337.476,619.777,185.0,0.231254009518,0.464219188522,0.322583676523
339.997,620.328,185.0,0.231254009518,0.464219188522,0.322583676523
342.47,621.18,185.0,0.231254009518,0.464219188522,0.322583676523
344.887,622.505,185.0,0.231254009518,0.464219188522,0.322583676523
347.121,624.148,185.0,0.231254009518,0.464219188522,0.322583676523
349.671,624.599,185.0,0.231254009518,0.464219188522,0.322583676523
352.017,625.952,185.0,0.231254009518,0.464219188522,0.322583676523
354.242,627.293,185.0,0.231254009518,0.464219188522,0.322583676523
356.74,628.423,185.0,0.231254009518,0.464219188522,0.322583676523
359.126,629.737,185.0,0.231254009518,0.464219188522,0.322583676523
361.472,630.987,185.0,0.231254009518,0.464219188522,0.322583676523
364.0,632.055,185.0,0.231254009518,0.464219188522,0.322583676523
366.299,633.531,185.0,0.231254009518,0.464219188522,0.322583676523
368.525,634.748,185.0,0.231254009518,0.464219188522,0.322583676523
371.065,635.561,185.0,0.231254009518,0.464219188522,0.322583676523
372.261,637.873,185.0,0.231254009518,0.464219188522,0.322583676523
374.581,639.054,185.0,0.231254009518,0.464219188522,0.322583676523
375.995,640.918,185.0,0.231254009518,0.464219188522,0.322583676523
378.079,642.577,185.0,0.231254009518,0.464219188522,0.322583676523
379.204,644.874,185.0,0.231254009518,0.464219188522,0.322583676523
379.938,647.43,185.0,0.231254009518,0.464219188522,0.322583676523
380.85,649.79,185.0,0.231254009518,0.464219188522,0.322583676523
380.81,652.543,185.0,0.231254009518,0.464219188522,0.322583676523
380.732,655.315,185.0,0.231254009518,0.464219188522,0.322583676523
379.727,657.827,185.0,0.231254009518,0.464219188522,0.322583676523
377.848,659.808,185.0,0.231254009518,0.464219188522,0.322583676523
376.929,662.423,185.0,0.231254009518,0.464219188522,0.322583676523
375.615,664.712,185.0,0.231254009518,0.464219188522,0.322583676523
373.732,666.65,185.0,0.231254009518,0.464219188522,0.322583676523
372.848,669.009,185.0,0.231254009518,0.464219188522,0.322583676523
370.386,669.687,185.0,0.231254009518,0.464219188522,0.322583676523
369.017,672.048,185.0,0.231254009518,0.464219188522,0.322583676523
366.736,672.921,185.0,0.231254009518,0.464219188522,0.322583676523
365.137,675.086,185.0,0.231254009518,0.464219188522,0.322583676523
362.964,676.431,185.0,0.231254009518,0.464219188522,0.322583676523
360.411,676.877,185.0,0.231254009518,0.464219188522,0.322583676523
357.692,676.824,185.0,0.231254009518,0.464219188522,0.322583676523
354.951,676.394,185.0,0.231254009518,0.464219188522,0.322583676523
352.285,675.642,185.0,0.231254009518,0.464219188522,0.322583676523
349.786,674.606,185.0,0.231254009518,0.464219188522,0.322583676523
348.283,672.574,185.0,0.231254009518,0.464219188522,0.322583676523
347.476,670.017,185.0,0.231254009518,0.464219188522,0.322583676523
346.91,667.513,185.0,0.231254009518,0.464219188522,0.322583676523
345.692,665.276,185.0,0.231254009518,0.464219188522,0.322583676523
345.672,662.548,185.0,0.231254009518,0.464219188522,0.322583676523
344.792,660.177,185.0,0.231254009518,0.464219188522,0.322583676523
343.962,657.636,185.0,0.231254009518,0.464219188522,0.322583676523
342.602,655.216,185.0,0.231254009518,0.464219188522,0.322583676523
340.414,653.798,185.0,0.231254009518,0.464219188522,0.322583676523
339.533,651.415,185.0,0.231254009518,0.464219188522,0.322583676523
337.267,649.91,185.0,0.231254009518,0.464219188522,0.322583676523
335.289,648.058,185.0,0.231254009518,0.464219188522,0.322583676523
333.354,646.125,185.0,0.231254009518,0.464219188522,0.322583676523
331.418,644.191,185.0,0.231254009518,0.464219188522,0.322583676523
329.477,642.264,185.0,0.231254009518,0.464219188522,0.322583676523
327.368,640.544,185.0,0.231254009518,0.464219188522,0.322583676523
325.672,638.598,185.0,0.231254009518,0.464219188522,0.322583676523
323.831,636.581,185.0,0.231254009518,0.464219188522,0.322583676523
321.503,635.191,185.0,0.231254009518,0.464219188522,0.322583676523
319.616,633.161,185.0,0.231254009518,0.464219188522,0.322583676523
317.144,632.521,185.0,0.231254009518,0.464219188522,0.322583676523
314.944,631.228,185.0,0.231254009518,0.464219188522,0.322583676523
312.513,629.829,185.0,0.231254009518,0.464219188522,0.322583676523
310.84,628.685,185.0,0.231254009518,0.464219188522,0.322583676523
308.868,628.22,185.0,0.231254009518,0.464219188522,0.322583676523
308.623,626.395,185.0,0.231254009518,0.464219188522,0.322583676523
309.721,623.514,185.0,0.231254009518,0.464219188522,0.322583676523
311.779,619.877,185.0,0.231254009518,0.464219188522,0.322583676523
314.412,615.788,185.0,0.231254009518,0.464219188522,0.322583676523
