324.173,615.443,187.0,0.57191814677,0.559643615311,0.0741970184454
326.709,615.743,187.0,0.57191814677,0.559643615311,0.0741970184454
329.138,616.305,187.0,0.57191814677,0.559643615311,0.0741970184454
331.778,616.356,187.0,0.57191814677,0.559643615311,0.0741970184454
334.478,616.262,187.0,0.57191814677,0.559643615311,0.0741970184454
336.785,617.116,187.0,0.57191814677,0.559643615311,0.0741970184454
339.422,617.174,187.0,0.57191814677,0.559643615311,0.0741970184454
342.099,617.107,187.0,0.57191814677,0.559643615311,0.0741970184454
344.556,617.966,187.0,0.57191814677,0.559643615311,0.0741970184454
347.202,618.023,187.0,0.57191814677,0.559643615311,0.0741970184454
349.842,618.29,187.0,0.57191814677,0.559643615311,0.0741970184454
352.356,619.184,187.0,0.57191814677,0.559643615311,0.0741970184454
354.732,620.369,187.0,0.57191814677,0.559643615311,0.0741970184454
357.11,621.574,187.0,0.57191814677,0.559643615311,0.0741970184454
359.79,621.495,187.0,0.57191814677,0.559643615311,0.0741970184454
362.242,622.377,187.0,0.57191814677,0.559643615311,0.0741970184454
364.614,623.59,187.0,0.57191814677,0.559643615311,0.0741970184454
367.088,624.553,187.0,0.57191814677,0.559643615311,0.0741970184454
369.447,625.798,187.0,0.57191814677,0.559643615311,0.0741970184454
371.776,626.858,187.0,0.57191814677,0.559643615311,0.0741970184454
374.293,627.479,187.0,0.57191814677,0.559643615311,0.0741970184454
376.676,628.687,187.0,0.57191814677,0.559643615311,0.0741970184454
378.834,630.231,187.0,0.57191814677,0.559643615311,0.0741970184454
381.334,630.92,187.0,0.57191814677,0.559643615311,0.0741970184454
383.328,632.703,187.0,0.57191814677,0.559643615311,0.0741970184454
384.691,635.093,187.0,0.57191814677,0.559643615311,0.0741970184454
386.976,635.679,187.0,0.57191814677,0.559643615311,0.0741970184454
388.198,637.886,187.0,0.57191814677,0.559643615311,0.0741970184454
389.663,640.061,187.0,0.57191814677,0.559643615311,0.0741970184454
390.857,642.228,187.0,0.57191814677,0.559643615311,0.0741970184454
391.292,644.709,187.0,0.57191814677,0.559643615311,0.0741970184454
392.234,646.98,187.0,0.57191814677,0.559643615311,0.0741970184454
392.233,649.645,187.0,0.57191814677,0.559643615311,0.0741970184454
391.238,652.067,187.0,0.57191814677,0.559643615311,0.0741970184454
391.41,654.783,187.0,0.57191814677,0.559643615311,0.0741970184454
389.595,656.693,187.0,0.57191814677,0.559643615311,0.0741970184454
388.24,658.793,187.0,0.57191814677,0.559643615311,0.0741970184454
387.754,661.253,187.0,0.57191814677,0.559643615311,0.0741970184454
386.077,663.216,187.0,0.57191814677,0.559643615311,0.0741970184454
384.295,664.971,187.0,0.57191814677,0.559643615311,0.0741970184454
382.743,666.928,187.0,0.57191814677,0.559643615311,0.0741970184454
380.934,668.874,187.0,0.57191814677,0.559643615311,0.0741970184454
379.052,670.751,187.0,0.57191814677,0.559643615311,0.0741970184454
376.785,671.703,187.0,0.57191814677,0.559643615311,0.0741970184454
374.491,672.587,187.0,0.57191814677,0.559643615311,0.0741970184454
371.904,672.846,187.0,0.57191814677,0.559643615311,0.0741970184454
369.048,673.193,187.0,0.57191814677,0.559643615311,0.0741970184454
367.685,674.456,187.0,0.57191814677,0.559643615311,0.0741970184454
364.841,674.271,187.0,0.57191814677,0.559643615311,0.0741970184454
362.169,674.26,187.0,0.57191814677,0.559643615311,0.0741970184454
359.511,674.263,187.0,0.57191814677,0.559643615311,0.0741970184454
356.849,674.264,187.0,0.57191814677,0.559643615311,0.0741970184454
354.19,674.256,187.0,0.57191814677,0.559643615311,0.0741970184454
351.507,674.348,187.0,0.57191814677,0.559643615311,0.0741970184454
349.078,673.365,187.0,0.57191814677,0.559643615311,0.0741970184454
346.626,672.716,187.0,0.57191814677,0.559643615311,0.0741970184454
345.42,670.536,187.0,0.57191814677,0.559643615311,0.0741970184454
343.98,668.326,187.0,0.57191814677,0.559643615311,0.0741970184454
344.011,665.654,187.0,0.57191814677,0.559643615311,0.0741970184454
343.152,663.2,187.0,0.57191814677,0.559643615311,0.0741970184454
342.765,660.678,187.0,0.57191814677,0.559643615311,0.0741970184454
341.271,658.636,187.0,0.57191814677,0.559643615311,0.0741970184454
340.101,656.473,187.0,0.57191814677,0.559643615311,0.0741970184454
339.149,653.8,187.0,0.57191814677,0.559643615311,0.0741970184454
337.147,652.728,187.0,0.57191814677,0.559643615311,0.0741970184454
335.838,650.408,187.0,0.57191814677,0.559643615311,0.0741970184454
333.576,649.024,187.0,0.57191814677,0.559643615311,0.0741970184454
331.451,647.45,187.0,0.57191814677,0.559643615311,0.0741970184454
329.941,645.407,187.0,0.57191814677,0.559643615311,0.0741970184454
327.636,643.828,187.0,0.57191814677,0.559643615311,0.0741970184454
326.394,641.859,187.0,0.57191814677,0.559643615311,0.0741970184454
325.117,639.976,187.0,0.57191814677,0.559643615311,0.0741970184454
323.022,638.445,187.0,0.57191814677,0.559643615311,0.0741970184454
321.699,636.168,187.0,0.57191814677,0.559643615311,0.0741970184454
319.889,634.233,187.0,0.57191814677,0.559643615311,0.0741970184454
318.365,632.045,187.0,0.57191814677,0.559643615311,0.0741970184454
316.967,630.348,187.0,0.57191814677,0.559643615311,0.0741970184454
314.993,628.63,187.0,0.57191814677,0.559643615311,0.0741970184454
313.846,626.446,187.0,0.57191814677,0.559643615311,0.0741970184454
312.292,624.428,187.0,0.57191814677,0.559643615311,0.0741970184454
312.394,621.797,187.0,0.57191814677,0.559643615311,0.0741970184454
313.442,619.683,187.0,0.57191814677,0.559643615311,0.0741970184454
315.447,618.093,187.0,0.57191814677,0.559643615311,0.0741970184454
318.135,616.876,187.0,0.57191814677,0.559643615311,0.0741970184454
321.233,615.883,187.0,0.57191814677,0.559643615311,0.0741970184454
