320.452,618.581,193.0,0.231254009518,0.464219188522,0.322583676523
322.648,619.771,193.0,0.231254009518,0.464219188522,0.322583676523
325.081,619.947,193.0,0.231254009518,0.464219188522,0.322583676523
327.227,621.305,193.0,0.231254009518,0.464219188522,0.322583676523
329.681,621.515,193.0,0.231254009518,0.464219188522,0.322583676523
331.441,623.241,193.0,0.231254009518,0.464219188522,0.322583676523
333.743,623.664,193.0,0.231254009518,0.464219188522,0.322583676523
336.067,624.032,193.0,0.231254009518,0.464219188522,0.322583676523
338.086,625.132,193.0,0.231254009518,0.464219188522,0.322583676523
340.52,625.562,193.0,0.231254009518,0.464219188522,0.322583676523
343.011,625.851,193.0,0.231254009518,0.464219188522,0.322583676523
345.043,626.902,193.0,0.231254009518,0.464219188522,0.322583676523
347.253,627.551,193.0,0.231254009518,0.464219188522,0.322583676523
349.696,627.702,193.0,0.231254009518,0.464219188522,0.322583676523
351.947,628.714,193.0,0.231254009518,0.464219188522,0.322583676523
353.981,630.066,193.0,0.231254009518,0.464219188522,0.322583676523
355.92,631.516,193.0,0.231254009518,0.464219188522,0.322583676523
358.444,631.908,193.0,0.231254009518,0.464219188522,0.322583676523
360.275,633.515,193.0,0.231254009518,0.464219188522,0.322583676523
362.199,634.827,193.0,0.231254009518,0.464219188522,0.322583676523
364.616,635.305,193.0,0.231254009518,0.464219188522,0.322583676523
366.406,637.034,193.0,0.231254009518,0.464219188522,0.322583676523
368.145,638.833,193.0,0.231254009518,0.464219188522,0.322583676523
370.392,639.158,193.0,0.231254009518,0.464219188522,0.322583676523
372.819,639.705,193.0,0.231254009518,0.464219188522,0.322583676523
374.158,641.055,193.0,0.231254009518,0.464219188522,0.322583676523
375.918,642.705,193.0,0.231254009518,0.464219188522,0.322583676523
377.386,643.751,193.0,0.231254009518,0.464219188522,0.322583676523
378.91,645.917,193.0,0.231254009518,0.464219188522,0.322583676523
380.765,647.009,193.0,0.231254009518,0.464219188522,0.322583676523
380.76,649.457,193.0,0.231254009518,0.464219188522,0.322583676523
381.68,651.556,193.0,0.231254009518,0.464219188522,0.322583676523
381.696,654.031,193.0,0.231254009518,0.464219188522,0.322583676523
380.816,656.307,193.0,0.231254009518,0.464219188522,0.322583676523
379.362,658.16,193.0,0.231254009518,0.464219188522,0.322583676523
378.118,660.301,193.0,0.231254009518,0.464219188522,0.322583676523
376.126,661.685,193.0,0.231254009518,0.464219188522,0.322583676523
374.682,663.471,193.0,0.231254009518,0.464219188522,0.322583676523
373.112,665.318,193.0,0.231254009518,0.464219188522,0.322583676523
371.026,666.582,193.0,0.231254009518,0.464219188522,0.322583676523
369.51,668.089,193.0,0.231254009518,0.464219188522,0.322583676523
367.433,669.064,193.0,0.231254009518,0.464219188522,0.322583676523
365.673,670.794,193.0,0.231254009518,0.464219188522,0.322583676523
363.454,671.418,193.0,0.231254009518,0.464219188522,0.322583676523
361.091,671.694,193.0,0.231254009518,0.464219188522,0.322583676523
358.587,671.628,193.0,0.231254009518,0.464219188522,0.322583676523
356.109,671.664,193.0,0.231254009518,0.464219188522,0.322583676523
353.772,670.947,193.0,0.231254009518,0.464219188522,0.322583676523
351.744,669.828,193.0,0.231254009518,0.464219188522,0.322583676523
349.734,668.703,193.0,0.231254009518,0.464219188522,0.322583676523
347.735,667.602,193.0,0.231254009518,0.464219188522,0.322583676523
346.573,665.539,193.0,0.231254009518,0.464219188522,0.322583676523
344.537,664.271,193.0,0.231254009518,0.464219188522,0.322583676523
343.164,662.201,193.0,0.231254009518,0.464219188522,0.322583676523
341.773,660.555,193.0,0.231254009518,0.464219188522,0.322583676523
340.58,658.669,193.0,0.231254009518,0.464219188522,0.322583676523
339.457,656.696,193.0,0.231254009518,0.464219188522,0.322583676523
338.502,654.999,193.0,0.231254009518,0.464219188522,0.322583676523
336.836,653.155,193.0,0.231254009518,0.464219188522,0.322583676523
335.097,651.4,193.0,0.231254009518,0.464219188522,0.322583676523
332.695,650.252,193.0,0.231254009518,0.464219188522,0.322583676523
331.535,648.786,193.0,0.231254009518,0.464219188522,0.322583676523
330.367,647.021,193.0,0.231254009518,0.464219188522,0.322583676523
328.104,646.158,193.0,0.231254009518,0.464219188522,0.322583676523
327.158,644.538,193.0,0.231254009518,0.464219188522,0.322583676523
325.219,643.5,193.0,0.231254009518,0.464219188522,0.322583676523
323.003,642.87,193.0,0.231254009518,0.464219188522,0.322583676523
320.995,641.738,193.0,0.231254009518,0.464219188522,0.322583676523
319.262,639.941,193.0,0.231254009518,0.464219188522,0.322583676523
317.525,638.178,193.0,0.231254009518,0.464219188522,0.322583676523
316.346,636.01,193.0,0.231254009518,0.464219188522,0.322583676523
314.489,634.348,193.0,0.231254009518,0.464219188522,0.322583676523
312.82,632.487,193.0,0.231254009518,0.464219188522,0.322583676523
312.366,630.128,193.0,0.231254009518,0.464219188522,0.322583676523
310.755,628.653,193.0,0.231254009518,0.464219188522,0.322583676523
309.66,626.779,193.0,0.231254009518,0.464219188522,0.322583676523
308.739,624.682,193.0,0.231254009518,0.464219188522,0.322583676523
308.826,622.194,193.0,0.231254009518,0.464219188522,0.322583676523
309.774,620.323,193.0,0.231254009518,0.464219188522,0.322583676523
311.762,619.166,193.0,0.231254009518,0.464219188522,0.322583676523
314.495,618.519,193.0,0.231254009518,0.464219188522,0.322583676523
317.673,618.178,193.0,0.231254009518,0.464219188522,0.322583676523
