325.41,618.043,194.0,0.231254009518,0.464219188522,0.322583676523
327.353,618.959,194.0,0.231254009518,0.464219188522,0.322583676523
329.297,619.867,194.0,0.231254009518,0.464219188522,0.322583676523
331.467,620.569,194.0,0.231254009518,0.464219188522,0.322583676523
333.545,621.601,194.0,0.231254009518,0.464219188522,0.322583676523
335.908,621.475,194.0,0.231254009518,0.464219188522,0.322583676523
337.976,622.258,194.0,0.231254009518,0.464219188522,0.322583676523
340.388,622.378,194.0,0.231254009518,0.464219188522,0.322583676523
341.838,623.211,194.0,0.231254009518,0.464219188522,0.322583676523
343.772,624.055,194.0,0.231254009518,0.464219188522,0.322583676523
345.894,624.865,194.0,0.231254009518,0.464219188522,0.322583676523
348.196,625.371,194.0,0.231254009518,0.464219188522,0.322583676523
350.216,626.596,194.0,0.231254009518,0.464219188522,0.322583676523
352.488,626.817,194.0,0.231254009518,0.464219188522,0.322583676523
354.581,627.787,194.0,0.231254009518,0.464219188522,0.322583676523
356.673,628.81,194.0,0.231254009518,0.464219188522,0.322583676523
358.893,629.476,194.0,0.231254009518,0.464219188522,0.322583676523
361.114,630.026,194.0,0.231254009518,0.464219188522,0.322583676523
362.905,631.453,194.0,0.231254009518,0.464219188522,0.322583676523
365.106,632.219,194.0,0.231254009518,0.464219188522,0.322583676523
367.052,633.12,194.0,0.231254009518,0.464219188522,0.322583676523
368.685,634.782,194.0,0.231254009518,0.464219188522,0.322583676523
370.829,635.212,194.0,0.231254009518,0.464219188522,0.322583676523
372.431,636.935,194.0,0.231254009518,0.464219188522,0.322583676523
374.41,638.116,194.0,0.231254009518,0.464219188522,0.322583676523
376.02,639.82,194.0,0.231254009518,0.464219188522,0.322583676523
377.323,641.003,194.0,0.231254009518,0.464219188522,0.322583676523
379.017,642.613,194.0,0.231254009518,0.464219188522,0.322583676523
379.91,644.566,194.0,0.231254009518,0.464219188522,0.322583676523
381.132,646.382,194.0,0.231254009518,0.464219188522,0.322583676523
381.681,648.477,194.0,0.231254009518,0.464219188522,0.322583676523
381.688,650.797,194.0,0.231254009518,0.464219188522,0.322583676523
381.689,653.119,194.0,0.231254009518,0.464219188522,0.322583676523
381.687,655.439,194.0,0.231254009518,0.464219188522,0.322583676523
381.679,657.754,194.0,0.231254009518,0.464219188522,0.322583676523
380.91,659.307,194.0,0.231254009518,0.464219188522,0.322583676523
380.592,661.434,194.0,0.231254009518,0.464219188522,0.322583676523
379.028,663.114,194.0,0.231254009518,0.464219188522,0.322583676523
378.061,665.054,194.0,0.231254009518,0.464219188522,0.322583676523
376.46,666.743,194.0,0.231254009518,0.464219188522,0.322583676523
375.539,668.121,194.0,0.231254009518,0.464219188522,0.322583676523
373.59,669.022,194.0,0.231254009518,0.464219188522,0.322583676523
371.638,669.913,194.0,0.231254009518,0.464219188522,0.322583676523
369.491,670.711,194.0,0.231254009518,0.464219188522,0.322583676523
367.172,670.726,194.0,0.231254009518,0.464219188522,0.322583676523
364.857,670.757,194.0,0.231254009518,0.464219188522,0.322583676523
362.533,670.749,194.0,0.231254009518,0.464219188522,0.322583676523
360.192,670.795,194.0,0.231254009518,0.464219188522,0.322583676523
358.155,670.101,194.0,0.231254009518,0.464219188522,0.322583676523
356.372,668.662,194.0,0.231254009518,0.464219188522,0.322583676523
354.526,667.269,194.0,0.231254009518,0.464219188522,0.322583676523
352.025,667.423,194.0,0.231254009518,0.464219188522,0.322583676523
351.107,665.603,194.0,0.231254009518,0.464219188522,0.322583676523
349.143,664.253,194.0,0.231254009518,0.464219188522,0.322583676523
348.277,662.459,194.0,0.231254009518,0.464219188522,0.322583676523
346.879,660.588,194.0,0.231254009518,0.464219188522,0.322583676523
345.437,658.802,194.0,0.231254009518,0.464219188522,0.322583676523
344.034,657.11,194.0,0.231254009518,0.464219188522,0.322583676523
342.148,655.772,194.0,0.231254009518,0.464219188522,0.322583676523
340.884,654.083,194.0,0.231254009518,0.464219188522,0.322583676523
338.856,653.228,194.0,0.231254009518,0.464219188522,0.322583676523
337.829,651.475,194.0,0.231254009518,0.464219188522,0.322583676523
336.674,649.463,194.0,0.231254009518,0.464219188522,0.322583676523
335.834,647.431,194.0,0.231254009518,0.464219188522,0.322583676523
334.284,646.358,194.0,0.231254009518,0.464219188522,0.322583676523
333.384,644.384,194.0,0.231254009518,0.464219188522,0.322583676523
331.725,642.749,194.0,0.231254009518,0.464219188522,0.322583676523
330.092,641.097,194.0,0.231254009518,0.464219188522,0.322583676523
328.521,639.34,194.0,0.231254009518,0.464219188522,0.322583676523
327.217,638.156,194.0,0.231254009518,0.464219188522,0.322583676523
325.538,636.519,194.0,0.231254009518,0.464219188522,0.322583676523
323.706,636.035,194.0,0.231254009518,0.464219188522,0.322583676523
322.419,634.246,194.0,0.231254009518,0.464219188522,0.322583676523
320.538,632.999,194.0,0.231254009518,0.464219188522,0.322583676523
318.712,631.593,194.0,0.231254009518,0.464219188522,0.322583676523
317.867,629.569,194.0,0.231254009518,0.464219188522,0.322583676523
315.884,628.668,194.0,0.231254009518,0.464219188522,0.322583676523
314.538,626.823,194.0,0.231254009518,0.464219188522,0.322583676523
313.161,624.985,194.0,0.231254009518,0.464219188522,0.322583676523
313.181,622.646,194.0,0.231254009518,0.464219188522,0.322583676523
313.753,620.667,194.0,0.231254009518,0.464219188522,0.322583676523
315.228,619.278,194.0,0.231254009518,0.464219188522,0.322583676523
317.405,618.35,194.0,0.231254009518,0.464219188522,0.322583676523
320.085,617.751,194.0,0.231254009518,0.464219188522,0.322583676523
323.066,617.348,194.0,0.231254009518,0.464219188522,0.322583676523
