110.143,27.2994,100.0,0.879250811287,0.940481771473,0.412479914238
108.024,25.1753,100.0,0.879250811287,0.940481771473,0.412479914238
105.267,24.1594,100.0,0.879250811287,0.940481771473,0.412479914238
102.57,22.8673,100.0,0.879250811287,0.940481771473,0.412479914238
99.7406,22.0528,100.0,0.879250811287,0.940481771473,0.412479914238
97.3091,20.4434,100.0,0.879250811287,0.940481771473,0.412479914238
94.5916,19.6853,100.0,0.879250811287,0.940481771473,0.412479914238
91.9811,18.7451,100.0,0.879250811287,0.940481771473,0.412479914238
88.9274,18.8768,100.0,0.879250811287,0.940481771473,0.412479914238
85.9683,18.7801,100.0,0.879250811287,0.940481771473,0.412479914238
82.9681,18.7846,100.0,0.879250811287,0.940481771473,0.412479914238
79.9733,18.8041,100.0,0.879250811287,0.940481771473,0.412479914238
77.043,19.0957,100.0,0.879250811287,0.940481771473,0.412479914238
74.1773,19.6593,100.0,0.879250811287,0.940481771473,0.412479914238
71.4374,20.843,100.0,0.879250811287,0.940481771473,0.412479914238
68.4316,21.2914,100.0,0.879250811287,0.940481771473,0.412479914238
65.9425,22.7619,100.0,0.879250811287,0.940481771473,0.412479914238
63.81,24.8103,100.0,0.879250811287,0.940481771473,0.412479914238
61.7484,25.9746,100.0,0.879250811287,0.940481771473,0.412479914238
59.2411,27.6173,100.0,0.879250811287,0.940481771473,0.412479914238
56.5531,28.9564,100.0,0.879250811287,0.940481771473,0.412479914238
53.7314,29.9559,100.0,0.879250811287,0.940481771473,0.412479914238
50.8385,30.7196,100.0,0.879250811287,0.940481771473,0.412479914238
48.4132,32.0878,100.0,0.879250811287,0.940481771473,0.412479914238
46.3171,34.2296,100.0,0.879250811287,0.940481771473,0.412479914238
45.7341,37.1102,100.0,0.879250811287,0.940481771473,0.412479914238
45.743,40.108,100.0,0.879250811287,0.940481771473,0.412479914238
46.5502,42.9155,100.0,0.879250811287,0.940481771473,0.412479914238
47.7569,45.5626,100.0,0.879250811287,0.940481771473,0.412479914238
49.5616,47.9332,100.0,0.879250811287,0.940481771473,0.412479914238
51.2259,50.2956,100.0,0.879250811287,0.940481771473,0.412479914238
53.6221,52.1191,100.0,0.879250811287,0.940481771473,0.412479914238
55.1157,54.3459,100.0,0.879250811287,0.940481771473,0.412479914238
57.9708,55.6445,100.0,0.879250811287,0.940481771473,0.412479914238
60.6623,56.9831,100.0,0.879250811287,0.940481771473,0.412479914238
63.343,58.3247,100.0,0.879250811287,0.940481771473,0.412479914238
66.0264,59.6654,100.0,0.879250811287,0.940481771473,0.412479914238
68.7082,61.01,100.0,0.879250811287,0.940481771473,0.412479914238
71.3748,62.4192,100.0,0.879250811287,0.940481771473,0.412479914238
74.3128,62.6784,100.0,0.879250811287,0.940481771473,0.412479914238
77.3087,62.693,100.0,0.879250811287,0.940481771473,0.412479914238
80.3049,62.6874,100.0,0.879250811287,0.940481771473,0.412479914238
82.8038,61.4922,100.0,0.879250811287,0.940481771473,0.412479914238
85.4013,60.0411,100.0,0.879250811287,0.940481771473,0.412479914238
88.0755,58.6895,100.0,0.879250811287,0.940481771473,0.412479914238
90.6641,57.1926,100.0,0.879250811287,0.940481771473,0.412479914238
93.2966,55.7454,100.0,0.879250811287,0.940481771473,0.412479914238
95.7456,54.0823,100.0,0.879250811287,0.940481771473,0.412479914238
97.8932,51.9738,100.0,0.879250811287,0.940481771473,0.412479914238
100.703,51.5175,100.0,0.879250811287,0.940481771473,0.412479914238
103.396,51.0548,100.0,0.879250811287,0.940481771473,0.412479914238
105.543,49.7442,100.0,0.879250811287,0.940481771473,0.412479914238
107.215,47.6987,100.0,0.879250811287,0.940481771473,0.412479914238
108.487,45.0313,100.0,0.879250811287,0.940481771473,0.412479914238
109.43,41.8551,100.0,0.879250811287,0.940481771473,0.412479914238
110.119,38.2831,100.0,0.879250811287,0.940481771473,0.412479914238
110.625,34.4286,100.0,0.879250811287,0.940481771473,0.412479914238
111.022,30.4044,100.0,0.879250811287,0.940481771473,0.412479914238
