244.218,81.8609,104.0,0.879250811287,0.940481771473,0.412479914238
241.677,81.0578,104.0,0.879250811287,0.940481771473,0.412479914238
239.085,80.3767,104.0,0.879250811287,0.940481771473,0.412479914238
236.212,80.3771,104.0,0.879250811287,0.940481771473,0.412479914238
233.386,80.2593,104.0,0.879250811287,0.940481771473,0.412479914238
230.512,80.2654,104.0,0.879250811287,0.940481771473,0.412479914238
227.637,80.2224,104.0,0.879250811287,0.940481771473,0.412479914238
224.805,80.5699,104.0,0.879250811287,0.940481771473,0.412479914238
222.209,81.8496,104.0,0.879250811287,0.940481771473,0.412479914238
219.486,82.4612,104.0,0.879250811287,0.940481771473,0.412479914238
216.857,83.1304,104.0,0.879250811287,0.940481771473,0.412479914238
214.24,84.2538,104.0,0.879250811287,0.940481771473,0.412479914238
211.833,85.5281,104.0,0.879250811287,0.940481771473,0.412479914238
209.21,86.721,104.0,0.879250811287,0.940481771473,0.412479914238
206.859,88.2807,104.0,0.879250811287,0.940481771473,0.412479914238
204.367,89.2395,104.0,0.879250811287,0.940481771473,0.412479914238
201.855,90.6051,104.0,0.879250811287,0.940481771473,0.412479914238
199.568,92.3638,104.0,0.879250811287,0.940481771473,0.412479914238
197.272,94.0457,104.0,0.879250811287,0.940481771473,0.412479914238
195.019,95.4855,104.0,0.879250811287,0.940481771473,0.412479914238
193.996,98.0934,104.0,0.879250811287,0.940481771473,0.412479914238
191.908,100.063,104.0,0.879250811287,0.940481771473,0.412479914238
190.251,102.378,104.0,0.879250811287,0.940481771473,0.412479914238
188.598,104.636,104.0,0.879250811287,0.940481771473,0.412479914238
187.428,107.048,104.0,0.879250811287,0.940481771473,0.412479914238
186.286,109.702,104.0,0.879250811287,0.940481771473,0.412479914238
185.004,112.274,104.0,0.879250811287,0.940481771473,0.412479914238
183.724,114.848,104.0,0.879250811287,0.940481771473,0.412479914238
182.424,117.411,104.0,0.879250811287,0.940481771473,0.412479914238
181.571,120.164,104.0,0.879250811287,0.940481771473,0.412479914238
181.516,123.048,104.0,0.879250811287,0.940481771473,0.412479914238
180.666,125.57,104.0,0.879250811287,0.940481771473,0.412479914238
180.665,128.44,104.0,0.879250811287,0.940481771473,0.412479914238
180.65,131.317,104.0,0.879250811287,0.940481771473,0.412479914238
181.539,133.975,104.0,0.879250811287,0.940481771473,0.412479914238
181.938,136.668,104.0,0.879250811287,0.940481771473,0.412479914238
182.973,139.275,104.0,0.879250811287,0.940481771473,0.412479914238
183.907,141.738,104.0,0.879250811287,0.940481771473,0.412479914238
184.686,144.451,104.0,0.879250811287,0.940481771473,0.412479914238
185.652,147.019,104.0,0.879250811287,0.940481771473,0.412479914238
186.847,149.475,104.0,0.879250811287,0.940481771473,0.412479914238
187.815,152.087,104.0,0.879250811287,0.940481771473,0.412479914238
189.33,154.334,104.0,0.879250811287,0.940481771473,0.412479914238
190.762,156.737,104.0,0.879250811287,0.940481771473,0.412479914238
193.028,158.075,104.0,0.879250811287,0.940481771473,0.412479914238
195.725,158.5,104.0,0.879250811287,0.940481771473,0.412479914238
198.447,157.932,104.0,0.879250811287,0.940481771473,0.412479914238
200.941,157.226,104.0,0.879250811287,0.940481771473,0.412479914238
202.234,154.688,104.0,0.879250811287,0.940481771473,0.412479914238
202.216,151.805,104.0,0.879250811287,0.940481771473,0.412479914238
202.208,148.932,104.0,0.879250811287,0.940481771473,0.412479914238
202.141,146.067,104.0,0.879250811287,0.940481771473,0.412479914238
201.412,143.283,104.0,0.879250811287,0.940481771473,0.412479914238
201.42,140.408,104.0,0.879250811287,0.940481771473,0.412479914238
201.413,137.533,104.0,0.879250811287,0.940481771473,0.412479914238
201.368,134.648,104.0,0.879250811287,0.940481771473,0.412479914238
202.299,131.993,104.0,0.879250811287,0.940481771473,0.412479914238
203.828,129.593,104.0,0.879250811287,0.940481771473,0.412479914238
206.212,127.964,104.0,0.879250811287,0.940481771473,0.412479914238
208.685,126.506,104.0,0.879250811287,0.940481771473,0.412479914238
211.082,124.928,104.0,0.879250811287,0.940481771473,0.412479914238
213.871,124.235,104.0,0.879250811287,0.940481771473,0.412479914238
216.61,123.358,104.0,0.879250811287,0.940481771473,0.412479914238
219.22,122.166,104.0,0.879250811287,0.940481771473,0.412479914238
221.993,121.391,104.0,0.879250811287,0.940481771473,0.412479914238
224.597,120.172,104.0,0.879250811287,0.940481771473,0.412479914238
227.335,119.614,104.0,0.879250811287,0.940481771473,0.412479914238
230.103,118.856,104.0,0.879250811287,0.940481771473,0.412479914238
232.739,117.762,104.0,0.879250811287,0.940481771473,0.412479914238
235.454,117.088,104.0,0.879250811287,0.940481771473,0.412479914238
238.221,116.633,104.0,0.879250811287,0.940481771473,0.412479914238
240.768,115.251,104.0,0.879250811287,0.940481771473,0.412479914238
243.495,114.612,104.0,0.879250811287,0.940481771473,0.412479914238
246.168,113.771,104.0,0.879250811287,0.940481771473,0.412479914238
248.819,112.746,104.0,0.879250811287,0.940481771473,0.412479914238
251.024,110.948,104.0,0.879250811287,0.940481771473,0.412479914238
253.128,109.028,104.0,0.879250811287,0.940481771473,0.412479914238
255.574,107.53,104.0,0.879250811287,0.940481771473,0.412479914238
257.197,105.197,104.0,0.879250811287,0.940481771473,0.412479914238
258.119,102.567,104.0,0.879250811287,0.940481771473,0.412479914238
257.987,99.6419,104.0,0.879250811287,0.940481771473,0.412479914238
258.894,97.1429,104.0,0.879250811287,0.940481771473,0.412479914238
259.72,94.612,104.0,0.879250811287,0.940481771473,0.412479914238
261.112,92.8221,104.0,0.879250811287,0.940481771473,0.412479914238
260.701,91.0072,104.0,0.879250811287,0.940481771473,0.412479914238
258.815,89.1718,104.0,0.879250811287,0.940481771473,0.412479914238
255.781,87.3206,104.0,0.879250811287,0.940481771473,0.412479914238
251.927,85.458,104.0,0.879250811287,0.940481771473,0.412479914238
247.582,83.5887,104.0,0.879250811287,0.940481771473,0.412479914238
