237.695,95.5842,111.0,0.879250811287,0.940481771473,0.412479914238
235.727,94.6283,111.0,0.879250811287,0.940481771473,0.412479914238
233.71,93.4333,111.0,0.879250811287,0.940481771473,0.412479914238
231.854,92.2328,111.0,0.879250811287,0.940481771473,0.412479914238
229.744,91.1809,111.0,0.879250811287,0.940481771473,0.412479914238
227.565,90.2256,111.0,0.879250811287,0.940481771473,0.412479914238
225.727,88.7226,111.0,0.879250811287,0.940481771473,0.412479914238
224.592,87.271,111.0,0.879250811287,0.940481771473,0.412479914238
222.339,86.786,111.0,0.879250811287,0.940481771473,0.412479914238
220.014,86.6754,111.0,0.879250811287,0.940481771473,0.412479914238
217.685,86.6727,111.0,0.879250811287,0.940481771473,0.412479914238
215.462,87.0154,111.0,0.879250811287,0.940481771473,0.412479914238
213.537,88.0646,111.0,0.879250811287,0.940481771473,0.412479914238
211.38,88.9602,111.0,0.879250811287,0.940481771473,0.412479914238
209.245,89.9637,111.0,0.879250811287,0.940481771473,0.412479914238
207.594,91.6583,111.0,0.879250811287,0.940481771473,0.412479914238
205.911,93.313,111.0,0.879250811287,0.940481771473,0.412479914238
204.265,95.0174,111.0,0.879250811287,0.940481771473,0.412479914238
202.246,96.204,111.0,0.879250811287,0.940481771473,0.412479914238
200.57,97.8663,111.0,0.879250811287,0.940481771473,0.412479914238
198.996,99.7676,111.0,0.879250811287,0.940481771473,0.412479914238
196.966,100.571,111.0,0.879250811287,0.940481771473,0.412479914238
195.353,102.381,111.0,0.879250811287,0.940481771473,0.412479914238
193.143,102.735,111.0,0.879250811287,0.940481771473,0.412479914238
191.452,104.453,111.0,0.879250811287,0.940481771473,0.412479914238
189.512,105.723,111.0,0.879250811287,0.940481771473,0.412479914238
187.597,107.084,111.0,0.879250811287,0.940481771473,0.412479914238
186.145,108.87,111.0,0.879250811287,0.940481771473,0.412479914238
184.338,110.295,111.0,0.879250811287,0.940481771473,0.412479914238
183.061,112.181,111.0,0.879250811287,0.940481771473,0.412479914238
181.448,113.877,111.0,0.879250811287,0.940481771473,0.412479914238
180.505,115.849,111.0,0.879250811287,0.940481771473,0.412479914238
180.677,118.281,111.0,0.879250811287,0.940481771473,0.412479914238
180.688,120.63,111.0,0.879250811287,0.940481771473,0.412479914238
180.719,122.977,111.0,0.879250811287,0.940481771473,0.412479914238
180.952,125.243,111.0,0.879250811287,0.940481771473,0.412479914238
181.699,127.345,111.0,0.879250811287,0.940481771473,0.412479914238
182.911,129.408,111.0,0.879250811287,0.940481771473,0.412479914238
183.98,131.507,111.0,0.879250811287,0.940481771473,0.412479914238
185.623,133.196,111.0,0.879250811287,0.940481771473,0.412479914238
186.593,135.374,111.0,0.879250811287,0.940481771473,0.412479914238
188.111,137.164,111.0,0.879250811287,0.940481771473,0.412479914238
188.654,139.296,111.0,0.879250811287,0.940481771473,0.412479914238
189.398,140.912,111.0,0.879250811287,0.940481771473,0.412479914238
189.967,143.011,111.0,0.879250811287,0.940481771473,0.412479914238
190.507,145.233,111.0,0.879250811287,0.940481771473,0.412479914238
191.072,147.491,111.0,0.879250811287,0.940481771473,0.412479914238
191.018,149.867,111.0,0.879250811287,0.940481771473,0.412479914238
191.866,151.878,111.0,0.879250811287,0.940481771473,0.412479914238
191.788,154.265,111.0,0.879250811287,0.940481771473,0.412479914238
192.463,156.46,111.0,0.879250811287,0.940481771473,0.412479914238
192.424,158.903,111.0,0.879250811287,0.940481771473,0.412479914238
193.404,160.832,111.0,0.879250811287,0.940481771473,0.412479914238
193.832,163.096,111.0,0.879250811287,0.940481771473,0.412479914238
195.829,164.086,111.0,0.879250811287,0.940481771473,0.412479914238
197.505,165.755,111.0,0.879250811287,0.940481771473,0.412479914238
199.751,166.4,111.0,0.879250811287,0.940481771473,0.412479914238
201.717,167.331,111.0,0.879250811287,0.940481771473,0.412479914238
204.035,167.144,111.0,0.879250811287,0.940481771473,0.412479914238
205.448,165.311,111.0,0.879250811287,0.940481771473,0.412479914238
205.413,162.932,111.0,0.879250811287,0.940481771473,0.412479914238
205.409,160.568,111.0,0.879250811287,0.940481771473,0.412479914238
205.409,158.205,111.0,0.879250811287,0.940481771473,0.412479914238
205.417,155.842,111.0,0.879250811287,0.940481771473,0.412479914238
204.578,153.681,111.0,0.879250811287,0.940481771473,0.412479914238
203.501,151.781,111.0,0.879250811287,0.940481771473,0.412479914238
202.916,149.706,111.0,0.879250811287,0.940481771473,0.412479914238
201.596,148.286,111.0,0.879250811287,0.940481771473,0.412479914238
201.282,146.036,111.0,0.879250811287,0.940481771473,0.412479914238
200.355,143.834,111.0,0.879250811287,0.940481771473,0.412479914238
199.094,141.902,111.0,0.879250811287,0.940481771473,0.412479914238
198.17,139.923,111.0,0.879250811287,0.940481771473,0.412479914238
198.218,137.542,111.0,0.879250811287,0.940481771473,0.412479914238
198.213,135.172,111.0,0.879250811287,0.940481771473,0.412479914238
199.355,133.275,111.0,0.879250811287,0.940481771473,0.412479914238
200.926,131.501,111.0,0.879250811287,0.940481771473,0.412479914238
202.513,129.922,111.0,0.879250811287,0.940481771473,0.412479914238
204.668,128.906,111.0,0.879250811287,0.940481771473,0.412479914238
206.559,127.538,111.0,0.879250811287,0.940481771473,0.412479914238
208.692,126.507,111.0,0.879250811287,0.940481771473,0.412479914238
210.876,125.747,111.0,0.879250811287,0.940481771473,0.412479914238
213.118,125.223,111.0,0.879250811287,0.940481771473,0.412479914238
215.214,124.117,111.0,0.879250811287,0.940481771473,0.412479914238
217.651,124.319,111.0,0.879250811287,0.940481771473,0.412479914238
219.575,123.272,111.0,0.879250811287,0.940481771473,0.412479914238
221.856,122.809,111.0,0.879250811287,0.940481771473,0.412479914238
223.968,121.761,111.0,0.879250811287,0.940481771473,0.412479914238
226.232,121.34,111.0,0.879250811287,0.940481771473,0.412479914238
228.507,120.975,111.0,0.879250811287,0.940481771473,0.412479914238
230.791,120.354,111.0,0.879250811287,0.940481771473,0.412479914238
233.144,120.217,111.0,0.879250811287,0.940481771473,0.412479914238
235.298,119.342,111.0,0.879250811287,0.940481771473,0.412479914238
237.341,118.582,111.0,0.879250811287,0.940481771473,0.412479914238
239.447,117.478,111.0,0.879250811287,0.940481771473,0.412479914238
241.72,117.056,111.0,0.879250811287,0.940481771473,0.412479914238
243.458,115.606,111.0,0.879250811287,0.940481771473,0.412479914238
244.565,113.71,111.0,0.879250811287,0.940481771473,0.412479914238
245.264,111.638,111.0,0.879250811287,0.940481771473,0.412479914238
246.112,109.625,111.0,0.879250811287,0.940481771473,0.412479914238
245.915,107.059,111.0,0.879250811287,0.940481771473,0.412479914238
246.891,105.677,111.0,0.879250811287,0.940481771473,0.412479914238
245.935,102.96,111.0,0.879250811287,0.940481771473,0.412479914238
244.686,100.755,111.0,0.879250811287,0.940481771473,0.412479914238
243.207,98.9485,111.0,0.879250811287,0.940481771473,0.412479914238
241.566,97.426,111.0,0.879250811287,0.940481771473,0.412479914238
239.826,96.0742,111.0,0.879250811287,0.940481771473,0.412479914238
