234.041,93.7199,114.0,0.99349180428,0.916493951871,0.0229410295726
232.226,91.9029,114.0,0.99349180428,0.916493951871,0.0229410295726
230.426,90.064,114.0,0.99349180428,0.916493951871,0.0229410295726
228.234,88.7751,114.0,0.99349180428,0.916493951871,0.0229410295726
226.265,87.3455,114.0,0.99349180428,0.916493951871,0.0229410295726
223.658,87.4449,114.0,0.99349180428,0.916493951871,0.0229410295726
221.107,87.5197,114.0,0.99349180428,0.916493951871,0.0229410295726
218.829,88.7417,114.0,0.99349180428,0.916493951871,0.0229410295726
216.528,89.8743,114.0,0.99349180428,0.916493951871,0.0229410295726
214.407,91.3303,114.0,0.99349180428,0.916493951871,0.0229410295726
211.976,92.1533,114.0,0.99349180428,0.916493951871,0.0229410295726
209.841,93.5678,114.0,0.99349180428,0.916493951871,0.0229410295726
207.597,94.8031,114.0,0.99349180428,0.916493951871,0.0229410295726
205.805,96.6526,114.0,0.99349180428,0.916493951871,0.0229410295726
203.583,97.9049,114.0,0.99349180428,0.916493951871,0.0229410295726
201.501,99.3521,114.0,0.99349180428,0.916493951871,0.0229410295726
199.348,100.705,114.0,0.99349180428,0.916493951871,0.0229410295726
196.983,101.63,114.0,0.99349180428,0.916493951871,0.0229410295726
194.96,103.151,114.0,0.99349180428,0.916493951871,0.0229410295726
192.617,104.229,114.0,0.99349180428,0.916493951871,0.0229410295726
190.532,105.398,114.0,0.99349180428,0.916493951871,0.0229410295726
188.728,107.276,114.0,0.99349180428,0.916493951871,0.0229410295726
187.216,109.27,114.0,0.99349180428,0.916493951871,0.0229410295726
186.102,111.192,114.0,0.99349180428,0.916493951871,0.0229410295726
184.805,113.437,114.0,0.99349180428,0.916493951871,0.0229410295726
183.642,115.732,114.0,0.99349180428,0.916493951871,0.0229410295726
183.03,118.156,114.0,0.99349180428,0.916493951871,0.0229410295726
183.098,120.74,114.0,0.99349180428,0.916493951871,0.0229410295726
182.363,123.135,114.0,0.99349180428,0.916493951871,0.0229410295726
182.168,125.653,114.0,0.99349180428,0.916493951871,0.0229410295726
182.259,128.244,114.0,0.99349180428,0.916493951871,0.0229410295726
182.107,130.876,114.0,0.99349180428,0.916493951871,0.0229410295726
183.06,133.053,114.0,0.99349180428,0.916493951871,0.0229410295726
184.295,135.319,114.0,0.99349180428,0.916493951871,0.0229410295726
185.378,137.649,114.0,0.99349180428,0.916493951871,0.0229410295726
186.911,139.685,114.0,0.99349180428,0.916493951871,0.0229410295726
186.96,142.338,114.0,0.99349180428,0.916493951871,0.0229410295726
187.916,144.51,114.0,0.99349180428,0.916493951871,0.0229410295726
188.48,146.954,114.0,0.99349180428,0.916493951871,0.0229410295726
188.567,149.502,114.0,0.99349180428,0.916493951871,0.0229410295726
189.369,151.883,114.0,0.99349180428,0.916493951871,0.0229410295726
189.402,154.449,114.0,0.99349180428,0.916493951871,0.0229410295726
190.618,156.513,114.0,0.99349180428,0.916493951871,0.0229410295726
191.327,158.788,114.0,0.99349180428,0.916493951871,0.0229410295726
192.598,160.83,114.0,0.99349180428,0.916493951871,0.0229410295726
193.314,163.209,114.0,0.99349180428,0.916493951871,0.0229410295726
195.205,165.065,114.0,0.99349180428,0.916493951871,0.0229410295726
196.988,166.967,114.0,0.99349180428,0.916493951871,0.0229410295726
199.066,168.15,114.0,0.99349180428,0.916493951871,0.0229410295726
201.135,169.336,114.0,0.99349180428,0.916493951871,0.0229410295726
203.28,170.738,114.0,0.99349180428,0.916493951871,0.0229410295726
205.633,171.231,114.0,0.99349180428,0.916493951871,0.0229410295726
208.049,171.865,114.0,0.99349180428,0.916493951871,0.0229410295726
210.539,171.908,114.0,0.99349180428,0.916493951871,0.0229410295726
211.001,169.464,114.0,0.99349180428,0.916493951871,0.0229410295726
210.984,166.901,114.0,0.99349180428,0.916493951871,0.0229410295726
210.157,164.678,114.0,0.99349180428,0.916493951871,0.0229410295726
209.283,162.309,114.0,0.99349180428,0.916493951871,0.0229410295726
208.213,159.967,114.0,0.99349180428,0.916493951871,0.0229410295726
206.543,158.043,114.0,0.99349180428,0.916493951871,0.0229410295726
204.718,156.233,114.0,0.99349180428,0.916493951871,0.0229410295726
203.554,153.947,114.0,0.99349180428,0.916493951871,0.0229410295726
202.374,151.672,114.0,0.99349180428,0.916493951871,0.0229410295726
201.139,149.438,114.0,0.99349180428,0.916493951871,0.0229410295726
199.792,147.284,114.0,0.99349180428,0.916493951871,0.0229410295726
198.325,145.215,114.0,0.99349180428,0.916493951871,0.0229410295726
197.569,142.734,114.0,0.99349180428,0.916493951871,0.0229410295726
197.424,140.187,114.0,0.99349180428,0.916493951871,0.0229410295726
197.426,137.619,114.0,0.99349180428,0.916493951871,0.0229410295726
197.394,135.037,114.0,0.99349180428,0.916493951871,0.0229410295726
198.335,132.861,114.0,0.99349180428,0.916493951871,0.0229410295726
199.715,130.732,114.0,0.99349180428,0.916493951871,0.0229410295726
201.712,129.163,114.0,0.99349180428,0.916493951871,0.0229410295726
204.003,127.98,114.0,0.99349180428,0.916493951871,0.0229410295726
206.131,126.595,114.0,0.99349180428,0.916493951871,0.0229410295726
208.427,125.442,114.0,0.99349180428,0.916493951871,0.0229410295726
210.732,124.32,114.0,0.99349180428,0.916493951871,0.0229410295726
213.071,123.349,114.0,0.99349180428,0.916493951871,0.0229410295726
215.497,122.755,114.0,0.99349180428,0.916493951871,0.0229410295726
217.881,121.768,114.0,0.99349180428,0.916493951871,0.0229410295726
220.511,121.814,114.0,0.99349180428,0.916493951871,0.0229410295726
222.755,121.032,114.0,0.99349180428,0.916493951871,0.0229410295726
224.949,120.147,114.0,0.99349180428,0.916493951871,0.0229410295726
227.292,119.144,114.0,0.99349180428,0.916493951871,0.0229410295726
229.73,118.594,114.0,0.99349180428,0.916493951871,0.0229410295726
232.036,117.526,114.0,0.99349180428,0.916493951871,0.0229410295726
234.193,116.185,114.0,0.99349180428,0.916493951871,0.0229410295726
236.228,114.887,114.0,0.99349180428,0.916493951871,0.0229410295726
238.091,113.105,114.0,0.99349180428,0.916493951871,0.0229410295726
238.14,110.558,114.0,0.99349180428,0.916493951871,0.0229410295726
238.952,108.181,114.0,0.99349180428,0.916493951871,0.0229410295726
239.759,105.894,114.0,0.99349180428,0.916493951871,0.0229410295726
239.645,103.501,114.0,0.99349180428,0.916493951871,0.0229410295726
238.815,101.025,114.0,0.99349180428,0.916493951871,0.0229410295726
237.473,98.4898,114.0,0.99349180428,0.916493951871,0.0229410295726
235.824,95.9194,114.0,0.99349180428,0.916493951871,0.0229410295726
