216.885,95.4349,117.0,0.99349180428,0.916493951871,0.0229410295726
214.977,97.2492,117.0,0.99349180428,0.916493951871,0.0229410295726
212.643,98.3708,117.0,0.99349180428,0.916493951871,0.0229410295726
210.157,99.3548,117.0,0.99349180428,0.916493951871,0.0229410295726
207.831,100.645,117.0,0.99349180428,0.916493951871,0.0229410295726
205.356,101.556,117.0,0.99349180428,0.916493951871,0.0229410295726
202.844,102.497,117.0,0.99349180428,0.916493951871,0.0229410295726
200.215,102.687,117.0,0.99349180428,0.916493951871,0.0229410295726
198.088,104.24,117.0,0.99349180428,0.916493951871,0.0229410295726
195.418,104.208,117.0,0.99349180428,0.916493951871,0.0229410295726
192.762,104.209,117.0,0.99349180428,0.916493951871,0.0229410295726
190.126,104.257,117.0,0.99349180428,0.916493951871,0.0229410295726
188.153,106.037,117.0,0.99349180428,0.916493951871,0.0229410295726
186.431,107.857,117.0,0.99349180428,0.916493951871,0.0229410295726
184.635,109.801,117.0,0.99349180428,0.916493951871,0.0229410295726
182.829,111.732,117.0,0.99349180428,0.916493951871,0.0229410295726
181.682,114.141,117.0,0.99349180428,0.916493951871,0.0229410295726
180.449,116.5,117.0,0.99349180428,0.916493951871,0.0229410295726
179.955,119.063,117.0,0.99349180428,0.916493951871,0.0229410295726
178.987,121.314,117.0,0.99349180428,0.916493951871,0.0229410295726
179.035,123.995,117.0,0.99349180428,0.916493951871,0.0229410295726
179.067,126.655,117.0,0.99349180428,0.916493951871,0.0229410295726
178.956,129.36,117.0,0.99349180428,0.916493951871,0.0229410295726
180.507,131.457,117.0,0.99349180428,0.916493951871,0.0229410295726
180.851,134.023,117.0,0.99349180428,0.916493951871,0.0229410295726
182.787,135.879,117.0,0.99349180428,0.916493951871,0.0229410295726
184.692,137.734,117.0,0.99349180428,0.916493951871,0.0229410295726
186.679,139.516,117.0,0.99349180428,0.916493951871,0.0229410295726
187.933,141.429,117.0,0.99349180428,0.916493951871,0.0229410295726
189.641,143.479,117.0,0.99349180428,0.916493951871,0.0229410295726
190.335,145.849,117.0,0.99349180428,0.916493951871,0.0229410295726
191.41,148.126,117.0,0.99349180428,0.916493951871,0.0229410295726
191.923,150.643,117.0,0.99349180428,0.916493951871,0.0229410295726
192.614,153.013,117.0,0.99349180428,0.916493951871,0.0229410295726
193.226,155.513,117.0,0.99349180428,0.916493951871,0.0229410295726
193.72,158.009,117.0,0.99349180428,0.916493951871,0.0229410295726
194.305,160.442,117.0,0.99349180428,0.916493951871,0.0229410295726
195.435,162.844,117.0,0.99349180428,0.916493951871,0.0229410295726
196.032,165.448,117.0,0.99349180428,0.916493951871,0.0229410295726
197.718,167.48,117.0,0.99349180428,0.916493951871,0.0229410295726
198.433,169.7,117.0,0.99349180428,0.916493951871,0.0229410295726
199.89,171.436,117.0,0.99349180428,0.916493951871,0.0229410295726
201.783,173.39,117.0,0.99349180428,0.916493951871,0.0229410295726
204.001,174.489,117.0,0.99349180428,0.916493951871,0.0229410295726
206.337,175.834,117.0,0.99349180428,0.916493951871,0.0229410295726
208.942,176.051,117.0,0.99349180428,0.916493951871,0.0229410295726
211.595,176.063,117.0,0.99349180428,0.916493951871,0.0229410295726
214.203,175.692,117.0,0.99349180428,0.916493951871,0.0229410295726
214.974,173.208,117.0,0.99349180428,0.916493951871,0.0229410295726
214.991,170.553,117.0,0.99349180428,0.916493951871,0.0229410295726
215.05,167.881,117.0,0.99349180428,0.916493951871,0.0229410295726
214.079,165.45,117.0,0.99349180428,0.916493951871,0.0229410295726
212.598,163.291,117.0,0.99349180428,0.916493951871,0.0229410295726
210.658,161.459,117.0,0.99349180428,0.916493951871,0.0229410295726
209.011,159.414,117.0,0.99349180428,0.916493951871,0.0229410295726
207.872,157.003,117.0,0.99349180428,0.916493951871,0.0229410295726
205.988,155.13,117.0,0.99349180428,0.916493951871,0.0229410295726
204.052,153.294,117.0,0.99349180428,0.916493951871,0.0229410295726
202.748,151.002,117.0,0.99349180428,0.916493951871,0.0229410295726
200.999,149.027,117.0,0.99349180428,0.916493951871,0.0229410295726
199.884,146.608,117.0,0.99349180428,0.916493951871,0.0229410295726
198.249,144.451,117.0,0.99349180428,0.916493951871,0.0229410295726
197.425,142.129,117.0,0.99349180428,0.916493951871,0.0229410295726
196.639,139.797,117.0,0.99349180428,0.916493951871,0.0229410295726
196.544,137.113,117.0,0.99349180428,0.916493951871,0.0229410295726
197.385,134.807,117.0,0.99349180428,0.916493951871,0.0229410295726
199.105,132.863,117.0,0.99349180428,0.916493951871,0.0229410295726
200.985,130.986,117.0,0.99349180428,0.916493951871,0.0229410295726
202.864,129.11,117.0,0.99349180428,0.916493951871,0.0229410295726
204.73,127.204,117.0,0.99349180428,0.916493951871,0.0229410295726
206.8,125.789,117.0,0.99349180428,0.916493951871,0.0229410295726
208.736,124.05,117.0,0.99349180428,0.916493951871,0.0229410295726
210.766,122.54,117.0,0.99349180428,0.916493951871,0.0229410295726
212.946,121.391,117.0,0.99349180428,0.916493951871,0.0229410295726
214.806,119.483,117.0,0.99349180428,0.916493951871,0.0229410295726
216.73,117.693,117.0,0.99349180428,0.916493951871,0.0229410295726
218.966,116.269,117.0,0.99349180428,0.916493951871,0.0229410295726
220.915,115.534,117.0,0.99349180428,0.916493951871,0.0229410295726
223.123,115.149,117.0,0.99349180428,0.916493951871,0.0229410295726
224.183,113.734,117.0,0.99349180428,0.916493951871,0.0229410295726
224.272,111.448,117.0,0.99349180428,0.916493951871,0.0229410295726
223.566,108.45,117.0,0.99349180428,0.916493951871,0.0229410295726
222.241,104.897,117.0,0.99349180428,0.916493951871,0.0229410295726
220.475,100.948,117.0,0.99349180428,0.916493951871,0.0229410295726
218.444,96.7612,117.0,0.99349180428,0.916493951871,0.0229410295726
