109.112,33.7471,119.0,0.879250811287,0.940481771473,0.412479914238
106.563,33.1866,119.0,0.879250811287,0.940481771473,0.412479914238
104.564,31.5457,119.0,0.879250811287,0.940481771473,0.412479914238
102.525,30.0043,119.0,0.879250811287,0.940481771473,0.412479914238
100.147,29.2809,119.0,0.879250811287,0.940481771473,0.412479914238
97.9803,28.0455,119.0,0.879250811287,0.940481771473,0.412479914238
95.9742,26.2768,119.0,0.879250811287,0.940481771473,0.412479914238
93.56,25.1017,119.0,0.879250811287,0.940481771473,0.412479914238
91.3706,23.6191,119.0,0.879250811287,0.940481771473,0.412479914238
89.1209,22.2181,119.0,0.879250811287,0.940481771473,0.412479914238
86.8918,20.7629,119.0,0.879250811287,0.940481771473,0.412479914238
84.4823,20.1349,119.0,0.879250811287,0.940481771473,0.412479914238
82.3422,18.837,119.0,0.879250811287,0.940481771473,0.412479914238
80.0188,17.9821,119.0,0.879250811287,0.940481771473,0.412479914238
77.7676,16.953,119.0,0.879250811287,0.940481771473,0.412479914238
75.0001,17.1703,119.0,0.879250811287,0.940481771473,0.412479914238
72.4921,16.7623,119.0,0.879250811287,0.940481771473,0.412479914238
69.9641,16.3605,119.0,0.879250811287,0.940481771473,0.412479914238
67.4901,17.2284,119.0,0.879250811287,0.940481771473,0.412479914238
64.9768,17.9262,119.0,0.879250811287,0.940481771473,0.412479914238
62.643,19.3843,119.0,0.879250811287,0.940481771473,0.412479914238
60.0171,19.602,119.0,0.879250811287,0.940481771473,0.412479914238
57.6377,20.8076,119.0,0.879250811287,0.940481771473,0.412479914238
56.1107,22.725,119.0,0.879250811287,0.940481771473,0.412479914238
56.1144,25.4038,119.0,0.879250811287,0.940481771473,0.412479914238
56.1134,28.082,119.0,0.879250811287,0.940481771473,0.412479914238
56.1146,30.7589,119.0,0.879250811287,0.940481771473,0.412479914238
56.0862,33.4481,119.0,0.879250811287,0.940481771473,0.412479914238
57.6463,35.4792,119.0,0.879250811287,0.940481771473,0.412479914238
59.5234,37.393,119.0,0.879250811287,0.940481771473,0.412479914238
61.7649,38.8084,119.0,0.879250811287,0.940481771473,0.412479914238
63.9157,40.0765,119.0,0.879250811287,0.940481771473,0.412479914238
66.0023,41.7186,119.0,0.879250811287,0.940481771473,0.412479914238
68.4141,42.8908,119.0,0.879250811287,0.940481771473,0.412479914238
70.7956,44.165,119.0,0.879250811287,0.940481771473,0.412479914238
73.4559,44.3472,119.0,0.879250811287,0.940481771473,0.412479914238
75.7491,45.695,119.0,0.879250811287,0.940481771473,0.412479914238
78.138,46.3801,119.0,0.879250811287,0.940481771473,0.412479914238
80.6873,46.6897,119.0,0.879250811287,0.940481771473,0.412479914238
83.3496,46.7266,119.0,0.879250811287,0.940481771473,0.412479914238
86.0272,46.7262,119.0,0.879250811287,0.940481771473,0.412479914238
88.7046,46.7258,119.0,0.879250811287,0.940481771473,0.412479914238
91.3662,46.6716,119.0,0.879250811287,0.940481771473,0.412479914238
93.9123,46.2224,119.0,0.879250811287,0.940481771473,0.412479914238
96.3435,45.3805,119.0,0.879250811287,0.940481771473,0.412479914238
98.6751,44.1983,119.0,0.879250811287,0.940481771473,0.412479914238
100.922,42.7281,119.0,0.879250811287,0.940481771473,0.412479914238
103.101,41.0223,119.0,0.879250811287,0.940481771473,0.412479914238
105.226,39.1333,119.0,0.879250811287,0.940481771473,0.412479914238
107.312,37.1134,119.0,0.879250811287,0.940481771473,0.412479914238
109.376,35.0149,119.0,0.879250811287,0.940481771473,0.412479914238
