201.883,108.678,124.0,0.99349180428,0.916493951871,0.0229410295726
199.54,108.232,124.0,0.99349180428,0.916493951871,0.0229410295726
197.352,107.412,124.0,0.99349180428,0.916493951871,0.0229410295726
194.837,107.29,124.0,0.99349180428,0.916493951871,0.0229410295726
192.425,106.48,124.0,0.99349180428,0.916493951871,0.0229410295726
190.056,105.837,124.0,0.99349180428,0.916493951871,0.0229410295726
187.732,104.983,124.0,0.99349180428,0.916493951871,0.0229410295726
186.175,103.985,124.0,0.99349180428,0.916493951871,0.0229410295726
183.717,102.976,124.0,0.99349180428,0.916493951871,0.0229410295726
181.49,101.847,124.0,0.99349180428,0.916493951871,0.0229410295726
179.458,100.633,124.0,0.99349180428,0.916493951871,0.0229410295726
177.204,100.444,124.0,0.99349180428,0.916493951871,0.0229410295726
175.119,101.641,124.0,0.99349180428,0.916493951871,0.0229410295726
173.902,103.68,124.0,0.99349180428,0.916493951871,0.0229410295726
173.502,106.049,124.0,0.99349180428,0.916493951871,0.0229410295726
172.681,108.236,124.0,0.99349180428,0.916493951871,0.0229410295726
172.664,110.76,124.0,0.99349180428,0.916493951871,0.0229410295726
172.656,113.296,124.0,0.99349180428,0.916493951871,0.0229410295726
173.18,115.656,124.0,0.99349180428,0.916493951871,0.0229410295726
174.793,117.733,124.0,0.99349180428,0.916493951871,0.0229410295726
175.077,120.199,124.0,0.99349180428,0.916493951871,0.0229410295726
175.852,122.553,124.0,0.99349180428,0.916493951871,0.0229410295726
177.27,124.403,124.0,0.99349180428,0.916493951871,0.0229410295726
178.27,126.254,124.0,0.99349180428,0.916493951871,0.0229410295726
179.388,128.487,124.0,0.99349180428,0.916493951871,0.0229410295726
180.925,130.459,124.0,0.99349180428,0.916493951871,0.0229410295726
182.18,132.688,124.0,0.99349180428,0.916493951871,0.0229410295726
182.205,135.205,124.0,0.99349180428,0.916493951871,0.0229410295726
182.921,137.584,124.0,0.99349180428,0.916493951871,0.0229410295726
184.423,139.581,124.0,0.99349180428,0.916493951871,0.0229410295726
185.519,141.867,124.0,0.99349180428,0.916493951871,0.0229410295726
186.658,144.122,124.0,0.99349180428,0.916493951871,0.0229410295726
187.678,146.469,124.0,0.99349180428,0.916493951871,0.0229410295726
189.058,148.537,124.0,0.99349180428,0.916493951871,0.0229410295726
190.242,150.728,124.0,0.99349180428,0.916493951871,0.0229410295726
191.048,152.914,124.0,0.99349180428,0.916493951871,0.0229410295726
193.17,154.229,124.0,0.99349180428,0.916493951871,0.0229410295726
194.68,156.228,124.0,0.99349180428,0.916493951871,0.0229410295726
196.256,158.227,124.0,0.99349180428,0.916493951871,0.0229410295726
198.01,160.055,124.0,0.99349180428,0.916493951871,0.0229410295726
200.219,160.552,124.0,0.99349180428,0.916493951871,0.0229410295726
201.499,162.985,124.0,0.99349180428,0.916493951871,0.0229410295726
203.914,163.335,124.0,0.99349180428,0.916493951871,0.0229410295726
205.788,164.914,124.0,0.99349180428,0.916493951871,0.0229410295726
207.965,165.757,124.0,0.99349180428,0.916493951871,0.0229410295726
210.487,165.979,124.0,0.99349180428,0.916493951871,0.0229410295726
212.907,166.461,124.0,0.99349180428,0.916493951871,0.0229410295726
214.473,165.321,124.0,0.99349180428,0.916493951871,0.0229410295726
214.992,163.026,124.0,0.99349180428,0.916493951871,0.0229410295726
214.782,160.504,124.0,0.99349180428,0.916493951871,0.0229410295726
213.335,158.46,124.0,0.99349180428,0.916493951871,0.0229410295726
211.178,157.189,124.0,0.99349180428,0.916493951871,0.0229410295726
209.434,155.34,124.0,0.99349180428,0.916493951871,0.0229410295726
207.6,153.61,124.0,0.99349180428,0.916493951871,0.0229410295726
205.783,152.026,124.0,0.99349180428,0.916493951871,0.0229410295726
203.804,150.794,124.0,0.99349180428,0.916493951871,0.0229410295726
201.766,149.364,124.0,0.99349180428,0.916493951871,0.0229410295726
199.425,148.353,124.0,0.99349180428,0.916493951871,0.0229410295726
197.817,146.468,124.0,0.99349180428,0.916493951871,0.0229410295726
196.257,144.501,124.0,0.99349180428,0.916493951871,0.0229410295726
195.926,141.967,124.0,0.99349180428,0.916493951871,0.0229410295726
194.072,140.589,124.0,0.99349180428,0.916493951871,0.0229410295726
194.323,137.929,124.0,0.99349180428,0.916493951871,0.0229410295726
193.099,135.892,124.0,0.99349180428,0.916493951871,0.0229410295726
193.488,133.248,124.0,0.99349180428,0.916493951871,0.0229410295726
193.369,130.675,124.0,0.99349180428,0.916493951871,0.0229410295726
195.446,129.365,124.0,0.99349180428,0.916493951871,0.0229410295726
196.637,127.308,124.0,0.99349180428,0.916493951871,0.0229410295726
198.694,126.153,124.0,0.99349180428,0.916493951871,0.0229410295726
200.807,124.759,124.0,0.99349180428,0.916493951871,0.0229410295726
202.991,123.786,124.0,0.99349180428,0.916493951871,0.0229410295726
205.176,122.831,124.0,0.99349180428,0.916493951871,0.0229410295726
206.418,120.924,124.0,0.99349180428,0.916493951871,0.0229410295726
207.809,119.139,124.0,0.99349180428,0.916493951871,0.0229410295726
207.687,116.642,124.0,0.99349180428,0.916493951871,0.0229410295726
206.901,114.303,124.0,0.99349180428,0.916493951871,0.0229410295726
205.566,112.12,124.0,0.99349180428,0.916493951871,0.0229410295726
203.901,110.029,124.0,0.99349180428,0.916493951871,0.0229410295726
