132.798,73.9016,128.0,0.879250811287,0.940481771473,0.412479914238
134.943,74.9104,128.0,0.879250811287,0.940481771473,0.412479914238
137.231,75.4791,128.0,0.879250811287,0.940481771473,0.412479914238
139.485,75.7414,128.0,0.879250811287,0.940481771473,0.412479914238
141.45,77.0525,128.0,0.879250811287,0.940481771473,0.412479914238
143.804,77.2143,128.0,0.879250811287,0.940481771473,0.412479914238
145.658,78.6792,128.0,0.879250811287,0.940481771473,0.412479914238
147.154,79.5178,128.0,0.879250811287,0.940481771473,0.412479914238
149.542,79.8022,128.0,0.879250811287,0.940481771473,0.412479914238
151.757,80.26,128.0,0.879250811287,0.940481771473,0.412479914238
153.466,79.6128,128.0,0.879250811287,0.940481771473,0.412479914238
154.858,78.644,128.0,0.879250811287,0.940481771473,0.412479914238
155.087,76.5245,128.0,0.879250811287,0.940481771473,0.412479914238
154.156,74.5712,128.0,0.879250811287,0.940481771473,0.412479914238
153.072,72.673,128.0,0.879250811287,0.940481771473,0.412479914238
151.653,71.5185,128.0,0.879250811287,0.940481771473,0.412479914238
149.909,70.0727,128.0,0.879250811287,0.940481771473,0.412479914238
147.943,69.1062,128.0,0.879250811287,0.940481771473,0.412479914238
145.899,68.3407,128.0,0.879250811287,0.940481771473,0.412479914238
143.886,67.4998,128.0,0.879250811287,0.940481771473,0.412479914238
141.866,66.6751,128.0,0.879250811287,0.940481771473,0.412479914238
140.121,65.1859,128.0,0.879250811287,0.940481771473,0.412479914238
137.931,64.7735,128.0,0.879250811287,0.940481771473,0.412479914238
136.291,63.0322,128.0,0.879250811287,0.940481771473,0.412479914238
134.651,61.2901,128.0,0.879250811287,0.940481771473,0.412479914238
132.45,60.9006,128.0,0.879250811287,0.940481771473,0.412479914238
130.748,59.2414,128.0,0.879250811287,0.940481771473,0.412479914238
128.618,58.2597,128.0,0.879250811287,0.940481771473,0.412479914238
127.183,56.583,128.0,0.879250811287,0.940481771473,0.412479914238
125.708,54.8309,128.0,0.879250811287,0.940481771473,0.412479914238
124.87,52.7092,128.0,0.879250811287,0.940481771473,0.412479914238
122.862,52.0564,128.0,0.879250811287,0.940481771473,0.412479914238
122.379,49.9221,128.0,0.879250811287,0.940481771473,0.412479914238
121.247,47.7981,128.0,0.879250811287,0.940481771473,0.412479914238
119.921,46.5287,128.0,0.879250811287,0.940481771473,0.412479914238
118.421,44.6872,128.0,0.879250811287,0.940481771473,0.412479914238
118.158,42.4093,128.0,0.879250811287,0.940481771473,0.412479914238
116.567,40.6699,128.0,0.879250811287,0.940481771473,0.412479914238
115.203,38.7669,128.0,0.879250811287,0.940481771473,0.412479914238
115.207,36.404,128.0,0.879250811287,0.940481771473,0.412479914238
113.59,34.7124,128.0,0.879250811287,0.940481771473,0.412479914238
112.393,32.846,128.0,0.879250811287,0.940481771473,0.412479914238
112.02,30.6369,128.0,0.879250811287,0.940481771473,0.412479914238
110.503,29.2205,128.0,0.879250811287,0.940481771473,0.412479914238
108.808,27.5738,128.0,0.879250811287,0.940481771473,0.412479914238
107.245,26.7795,128.0,0.879250811287,0.940481771473,0.412479914238
105.559,25.1545,128.0,0.879250811287,0.940481771473,0.412479914238
103.41,24.6422,128.0,0.879250811287,0.940481771473,0.412479914238
101.515,23.5353,128.0,0.879250811287,0.940481771473,0.412479914238
99.3026,22.8337,128.0,0.879250811287,0.940481771473,0.412479914238
97.1203,22.0138,128.0,0.879250811287,0.940481771473,0.412479914238
95.1362,21.1234,128.0,0.879250811287,0.940481771473,0.412479914238
92.7342,21.2436,128.0,0.879250811287,0.940481771473,0.412479914238
90.45,20.7546,128.0,0.879250811287,0.940481771473,0.412479914238
88.1305,20.3533,128.0,0.879250811287,0.940481771473,0.412479914238
85.7664,20.3812,128.0,0.879250811287,0.940481771473,0.412479914238
83.405,20.3805,128.0,0.879250811287,0.940481771473,0.412479914238
81.0439,20.3812,128.0,0.879250811287,0.940481771473,0.412479914238
78.6864,20.3962,128.0,0.879250811287,0.940481771473,0.412479914238
76.3066,20.325,128.0,0.879250811287,0.940481771473,0.412479914238
74.1404,21.1953,128.0,0.879250811287,0.940481771473,0.412479914238
71.8805,21.4013,128.0,0.879250811287,0.940481771473,0.412479914238
69.983,22.5251,128.0,0.879250811287,0.940481771473,0.412479914238
68.0615,23.5875,128.0,0.879250811287,0.940481771473,0.412479914238
65.7695,23.8618,128.0,0.879250811287,0.940481771473,0.412479914238
63.6385,24.9546,128.0,0.879250811287,0.940481771473,0.412479914238
61.9427,26.5833,128.0,0.879250811287,0.940481771473,0.412479914238
59.8978,27.7437,128.0,0.879250811287,0.940481771473,0.412479914238
59.2886,29.9991,128.0,0.879250811287,0.940481771473,0.412479914238
58.5183,32.044,128.0,0.879250811287,0.940481771473,0.412479914238
58.7289,34.3233,128.0,0.879250811287,0.940481771473,0.412479914238
60.9232,35.2613,128.0,0.879250811287,0.940481771473,0.412479914238
63.2189,35.7945,128.0,0.879250811287,0.940481771473,0.412479914238
65.0519,37.2585,128.0,0.879250811287,0.940481771473,0.412479914238
67.1752,38.3579,128.0,0.879250811287,0.940481771473,0.412479914238
69.4489,38.7036,128.0,0.879250811287,0.940481771473,0.412479914238
71.6201,39.5475,128.0,0.879250811287,0.940481771473,0.412479914238
73.6508,40.3196,128.0,0.879250811287,0.940481771473,0.412479914238
76.0551,40.2569,128.0,0.879250811287,0.940481771473,0.412479914238
78.3879,40.6767,128.0,0.879250811287,0.940481771473,0.412479914238
80.4757,41.8472,128.0,0.879250811287,0.940481771473,0.412479914238
82.7449,42.1145,128.0,0.879250811287,0.940481771473,0.412479914238
84.49,43.5895,128.0,0.879250811287,0.940481771473,0.412479914238
86.7406,44.1208,128.0,0.879250811287,0.940481771473,0.412479914238
89.0144,44.4227,128.0,0.879250811287,0.940481771473,0.412479914238
90.7441,45.9563,128.0,0.879250811287,0.940481771473,0.412479914238
92.86,46.595,128.0,0.879250811287,0.940481771473,0.412479914238
95.1989,47.751,128.0,0.879250811287,0.940481771473,0.412479914238
96.2254,49.5454,128.0,0.879250811287,0.940481771473,0.412479914238
98.2659,50.4461,128.0,0.879250811287,0.940481771473,0.412479914238
100.251,51.4905,128.0,0.879250811287,0.940481771473,0.412479914238
101.602,53.0714,128.0,0.879250811287,0.940481771473,0.412479914238
103.621,53.8942,128.0,0.879250811287,0.940481771473,0.412479914238
105.428,55.2389,128.0,0.879250811287,0.940481771473,0.412479914238
107.323,56.6345,128.0,0.879250811287,0.940481771473,0.412479914238
108.576,58.6032,128.0,0.879250811287,0.940481771473,0.412479914238
109.823,59.9321,128.0,0.879250811287,0.940481771473,0.412479914238
111.94,61.0621,128.0,0.879250811287,0.940481771473,0.412479914238
112.873,62.9948,128.0,0.879250811287,0.940481771473,0.412479914238
115.038,63.9532,128.0,0.879250811287,0.940481771473,0.412479914238
116.805,65.4654,128.0,0.879250811287,0.940481771473,0.412479914238
118.07,67.4311,128.0,0.879250811287,0.940481771473,0.412479914238
120.071,68.3862,128.0,0.879250811287,0.940481771473,0.412479914238
121.75,70.0364,128.0,0.879250811287,0.940481771473,0.412479914238
123.653,71.3284,128.0,0.879250811287,0.940481771473,0.412479914238
125.83,72.1575,128.0,0.879250811287,0.940481771473,0.412479914238
128.204,72.6558,128.0,0.879250811287,0.940481771473,0.412479914238
130.694,72.9556,128.0,0.879250811287,0.940481771473,0.412479914238
