156.542,79.9875,132.0,0.879250811287,0.940481771473,0.412479914238
154.885,78.396,132.0,0.879250811287,0.940481771473,0.412479914238
153.545,76.635,132.0,0.879250811287,0.940481771473,0.412479914238
151.975,75.5332,132.0,0.879250811287,0.940481771473,0.412479914238
151.024,73.6379,132.0,0.879250811287,0.940481771473,0.412479914238
149.173,72.2103,132.0,0.879250811287,0.940481771473,0.412479914238
148.185,70.0244,132.0,0.879250811287,0.940481771473,0.412479914238
146.336,69.0867,132.0,0.879250811287,0.940481771473,0.412479914238
145.395,67.1891,132.0,0.879250811287,0.940481771473,0.412479914238
143.408,66.0341,132.0,0.879250811287,0.940481771473,0.412479914238
142.334,64.2471,132.0,0.879250811287,0.940481771473,0.412479914238
140.535,62.9629,132.0,0.879250811287,0.940481771473,0.412479914238
139.119,61.2987,132.0,0.879250811287,0.940481771473,0.412479914238
138.162,59.6447,132.0,0.879250811287,0.940481771473,0.412479914238
135.958,58.726,132.0,0.879250811287,0.940481771473,0.412479914238
135.378,56.5703,132.0,0.879250811287,0.940481771473,0.412479914238
133.78,54.9395,132.0,0.879250811287,0.940481771473,0.412479914238
132.105,53.3459,132.0,0.879250811287,0.940481771473,0.412479914238
131.193,51.2507,132.0,0.879250811287,0.940481771473,0.412479914238
129.508,50.4582,132.0,0.879250811287,0.940481771473,0.412479914238
127.98,48.8243,132.0,0.879250811287,0.940481771473,0.412479914238
126.485,47.6971,132.0,0.879250811287,0.940481771473,0.412479914238
124.896,46.0555,132.0,0.879250811287,0.940481771473,0.412479914238
123.296,44.4362,132.0,0.879250811287,0.940481771473,0.412479914238
121.68,42.8366,132.0,0.879250811287,0.940481771473,0.412479914238
120.056,41.2384,132.0,0.879250811287,0.940481771473,0.412479914238
118.888,39.2898,132.0,0.879250811287,0.940481771473,0.412479914238
117.99,37.3216,132.0,0.879250811287,0.940481771473,0.412479914238
116.03,36.4173,132.0,0.879250811287,0.940481771473,0.412479914238
114.914,34.4901,132.0,0.879250811287,0.940481771473,0.412479914238
112.562,33.69,132.0,0.879250811287,0.940481771473,0.412479914238
111.649,31.9894,132.0,0.879250811287,0.940481771473,0.412479914238
109.632,30.7907,132.0,0.879250811287,0.940481771473,0.412479914238
107.478,30.0232,132.0,0.879250811287,0.940481771473,0.412479914238
106.414,28.3651,132.0,0.879250811287,0.940481771473,0.412479914238
104.151,27.8932,132.0,0.879250811287,0.940481771473,0.412479914238
102.132,26.8861,132.0,0.879250811287,0.940481771473,0.412479914238
100.166,26.0708,132.0,0.879250811287,0.940481771473,0.412479914238
97.914,26.0388,132.0,0.879250811287,0.940481771473,0.412479914238
95.8558,25.1314,132.0,0.879250811287,0.940481771473,0.412479914238
93.5692,25.1797,132.0,0.879250811287,0.940481771473,0.412479914238
91.2969,25.1759,132.0,0.879250811287,0.940481771473,0.412479914238
89.0927,24.601,132.0,0.879250811287,0.940481771473,0.412479914238
86.8483,24.3575,132.0,0.879250811287,0.940481771473,0.412479914238
84.5719,24.3715,132.0,0.879250811287,0.940481771473,0.412479914238
82.2972,24.3722,132.0,0.879250811287,0.940481771473,0.412479914238
80.0224,24.372,132.0,0.879250811287,0.940481771473,0.412479914238
77.7499,24.3777,132.0,0.879250811287,0.940481771473,0.412479914238
75.6835,25.0779,132.0,0.879250811287,0.940481771473,0.412479914238
73.6866,25.4714,132.0,0.879250811287,0.940481771473,0.412479914238
72.1086,26.5849,132.0,0.879250811287,0.940481771473,0.412479914238
70.8632,27.8253,132.0,0.879250811287,0.940481771473,0.412479914238
69.1533,29.4993,132.0,0.879250811287,0.940481771473,0.412479914238
68.8811,31.6409,132.0,0.879250811287,0.940481771473,0.412479914238
70.1441,33.1386,132.0,0.879250811287,0.940481771473,0.412479914238
71.3682,34.8088,132.0,0.879250811287,0.940481771473,0.412479914238
73.6445,34.9864,132.0,0.879250811287,0.940481771473,0.412479914238
75.6178,36.1483,132.0,0.879250811287,0.940481771473,0.412479914238
77.747,37.0037,132.0,0.879250811287,0.940481771473,0.412479914238
80.0043,37.1301,132.0,0.879250811287,0.940481771473,0.412479914238
81.6169,38.7299,132.0,0.879250811287,0.940481771473,0.412479914238
83.734,39.4053,132.0,0.879250811287,0.940481771473,0.412479914238
86.0486,39.416,132.0,0.879250811287,0.940481771473,0.412479914238
87.2554,41.1459,132.0,0.879250811287,0.940481771473,0.412479914238
89.3398,41.982,132.0,0.879250811287,0.940481771473,0.412479914238
90.8095,42.8125,132.0,0.879250811287,0.940481771473,0.412479914238
93.2403,43.0755,132.0,0.879250811287,0.940481771473,0.412479914238
94.1185,45.0124,132.0,0.879250811287,0.940481771473,0.412479914238
96.0512,45.948,132.0,0.879250811287,0.940481771473,0.412479914238
97.6327,47.563,132.0,0.879250811287,0.940481771473,0.412479914238
98.7793,49.3082,132.0,0.879250811287,0.940481771473,0.412479914238
100.731,50.4948,132.0,0.879250811287,0.940481771473,0.412479914238
101.724,52.1849,132.0,0.879250811287,0.940481771473,0.412479914238
104.008,53.0422,132.0,0.879250811287,0.940481771473,0.412479914238
105.477,53.9763,132.0,0.879250811287,0.940481771473,0.412479914238
107.212,55.5106,132.0,0.879250811287,0.940481771473,0.412479914238
108.991,56.95,132.0,0.879250811287,0.940481771473,0.412479914238
111.18,57.3741,132.0,0.879250811287,0.940481771473,0.412479914238
113.173,58.5335,132.0,0.879250811287,0.940481771473,0.412479914238
115.217,59.5252,132.0,0.879250811287,0.940481771473,0.412479914238
117.219,60.2434,132.0,0.879250811287,0.940481771473,0.412479914238
118.429,61.95,132.0,0.879250811287,0.940481771473,0.412479914238
120.648,62.4432,132.0,0.879250811287,0.940481771473,0.412479914238
122.518,63.6347,132.0,0.879250811287,0.940481771473,0.412479914238
124.175,65.1325,132.0,0.879250811287,0.940481771473,0.412479914238
126.212,65.6949,132.0,0.879250811287,0.940481771473,0.412479914238
127.57,67.494,132.0,0.879250811287,0.940481771473,0.412479914238
129.166,69.0309,132.0,0.879250811287,0.940481771473,0.412479914238
131.212,69.653,132.0,0.879250811287,0.940481771473,0.412479914238
132.741,71.4641,132.0,0.879250811287,0.940481771473,0.412479914238
134.791,72.5319,132.0,0.879250811287,0.940481771473,0.412479914238
135.829,73.9365,132.0,0.879250811287,0.940481771473,0.412479914238
137.797,74.9347,132.0,0.879250811287,0.940481771473,0.412479914238
139.517,76.2873,132.0,0.879250811287,0.940481771473,0.412479914238
141.301,77.4734,132.0,0.879250811287,0.940481771473,0.412479914238
143.081,78.6681,132.0,0.879250811287,0.940481771473,0.412479914238
144.716,79.8009,132.0,0.879250811287,0.940481771473,0.412479914238
146.49,80.2704,132.0,0.879250811287,0.940481771473,0.412479914238
148.65,80.4388,132.0,0.879250811287,0.940481771473,0.412479914238
150.893,80.6119,132.0,0.879250811287,0.940481771473,0.412479914238
153.195,80.7883,132.0,0.879250811287,0.940481771473,0.412479914238
155.534,80.9666,132.0,0.879250811287,0.940481771473,0.412479914238
