155.026,76.171,134.0,0.879250811287,0.940481771473,0.412479914238
152.96,74.8035,134.0,0.879250811287,0.940481771473,0.412479914238
151.468,72.8197,134.0,0.879250811287,0.940481771473,0.412479914238
149.482,71.4495,134.0,0.879250811287,0.940481771473,0.412479914238
147.956,69.4607,134.0,0.879250811287,0.940481771473,0.412479914238
146.375,67.5296,134.0,0.879250811287,0.940481771473,0.412479914238
144.689,65.7182,134.0,0.879250811287,0.940481771473,0.412479914238
143.961,63.5044,134.0,0.879250811287,0.940481771473,0.412479914238
142.316,62.0383,134.0,0.879250811287,0.940481771473,0.412479914238
141.069,60.084,134.0,0.879250811287,0.940481771473,0.412479914238
139.337,58.4845,134.0,0.879250811287,0.940481771473,0.412479914238
138.231,56.2161,134.0,0.879250811287,0.940481771473,0.412479914238
136.09,54.9196,134.0,0.879250811287,0.940481771473,0.412479914238
134.784,52.8526,134.0,0.879250811287,0.940481771473,0.412479914238
132.718,51.4504,134.0,0.879250811287,0.940481771473,0.412479914238
131.406,49.3421,134.0,0.879250811287,0.940481771473,0.412479914238
129.623,47.5697,134.0,0.879250811287,0.940481771473,0.412479914238
127.838,45.8008,134.0,0.879250811287,0.940481771473,0.412479914238
126.049,44.0465,134.0,0.879250811287,0.940481771473,0.412479914238
124.041,42.7694,134.0,0.879250811287,0.940481771473,0.412479914238
122.737,40.9031,134.0,0.879250811287,0.940481771473,0.412479914238
120.469,39.88,134.0,0.879250811287,0.940481771473,0.412479914238
118.668,38.0486,134.0,0.879250811287,0.940481771473,0.412479914238
116.319,37.4098,134.0,0.879250811287,0.940481771473,0.412479914238
114.006,36.3948,134.0,0.879250811287,0.940481771473,0.412479914238
112.653,34.8097,134.0,0.879250811287,0.940481771473,0.412479914238
110.068,34.6533,134.0,0.879250811287,0.940481771473,0.412479914238
107.847,33.4099,134.0,0.879250811287,0.940481771473,0.412479914238
105.414,32.6773,134.0,0.879250811287,0.940481771473,0.412479914238
103.469,31.1234,134.0,0.879250811287,0.940481771473,0.412479914238
100.996,30.7984,134.0,0.879250811287,0.940481771473,0.412479914238
98.5653,30.015,134.0,0.879250811287,0.940481771473,0.412479914238
97.2759,28.5835,134.0,0.879250811287,0.940481771473,0.412479914238
94.8271,28.2201,134.0,0.879250811287,0.940481771473,0.412479914238
92.4956,27.494,134.0,0.879250811287,0.940481771473,0.412479914238
90.3057,26.7285,134.0,0.879250811287,0.940481771473,0.412479914238
88.0035,26.5642,134.0,0.879250811287,0.940481771473,0.412479914238
86.3959,25.1779,134.0,0.879250811287,0.940481771473,0.412479914238
83.9888,24.7233,134.0,0.879250811287,0.940481771473,0.412479914238
81.5606,24.376,134.0,0.879250811287,0.940481771473,0.412479914238
79.0497,24.3722,134.0,0.879250811287,0.940481771473,0.412479914238
76.5446,24.3634,134.0,0.879250811287,0.940481771473,0.412479914238
73.9846,25.2314,134.0,0.879250811287,0.940481771473,0.412479914238
73.0039,27.3704,134.0,0.879250811287,0.940481771473,0.412479914238
72.0457,29.4569,134.0,0.879250811287,0.940481771473,0.412479914238
72.9716,31.1254,134.0,0.879250811287,0.940481771473,0.412479914238
73.272,33.408,134.0,0.879250811287,0.940481771473,0.412479914238
75.6871,34.3309,134.0,0.879250811287,0.940481771473,0.412479914238
77.8163,35.6071,134.0,0.879250811287,0.940481771473,0.412479914238
80.0311,36.8363,134.0,0.879250811287,0.940481771473,0.412479914238
82.4717,37.1489,134.0,0.879250811287,0.940481771473,0.412479914238
84.8166,37.9268,134.0,0.879250811287,0.940481771473,0.412479914238
86.8006,39.1658,134.0,0.879250811287,0.940481771473,0.412479914238
89.1692,39.5321,134.0,0.879250811287,0.940481771473,0.412479914238
91.596,40.1638,134.0,0.879250811287,0.940481771473,0.412479914238
93.8247,41.312,134.0,0.879250811287,0.940481771473,0.412479914238
95.8923,42.6835,134.0,0.879250811287,0.940481771473,0.412479914238
98.0415,43.9402,134.0,0.879250811287,0.940481771473,0.412479914238
100.205,45.1716,134.0,0.879250811287,0.940481771473,0.412479914238
102.539,46.0497,134.0,0.879250811287,0.940481771473,0.412479914238
104.443,47.5161,134.0,0.879250811287,0.940481771473,0.412479914238
105.951,49.4096,134.0,0.879250811287,0.940481771473,0.412479914238
108.048,50.04,134.0,0.879250811287,0.940481771473,0.412479914238
109.37,52.0127,134.0,0.879250811287,0.940481771473,0.412479914238
111.357,53.1885,134.0,0.879250811287,0.940481771473,0.412479914238
112.7,55.2627,134.0,0.879250811287,0.940481771473,0.412479914238
115.378,56.1705,134.0,0.879250811287,0.940481771473,0.412479914238
116.22,58.2551,134.0,0.879250811287,0.940481771473,0.412479914238
118.921,59.1101,134.0,0.879250811287,0.940481771473,0.412479914238
120.006,61.1076,134.0,0.879250811287,0.940481771473,0.412479914238
121.947,62.51,134.0,0.879250811287,0.940481771473,0.412479914238
123.485,64.4575,134.0,0.879250811287,0.940481771473,0.412479914238
125.458,65.8677,134.0,0.879250811287,0.940481771473,0.412479914238
126.809,68.038,134.0,0.879250811287,0.940481771473,0.412479914238
128.646,69.7556,134.0,0.879250811287,0.940481771473,0.412479914238
130.625,71.2182,134.0,0.879250811287,0.940481771473,0.412479914238
131.958,73.085,134.0,0.879250811287,0.940481771473,0.412479914238
133.366,74.6527,134.0,0.879250811287,0.940481771473,0.412479914238
135.175,76.3553,134.0,0.879250811287,0.940481771473,0.412479914238
136.987,78.0678,134.0,0.879250811287,0.940481771473,0.412479914238
139.425,78.5713,134.0,0.879250811287,0.940481771473,0.412479914238
141.265,80.1678,134.0,0.879250811287,0.940481771473,0.412479914238
143.398,81.0842,134.0,0.879250811287,0.940481771473,0.412479914238
145.286,82.5045,134.0,0.879250811287,0.940481771473,0.412479914238
147.188,83.2229,134.0,0.879250811287,0.940481771473,0.412479914238
149.434,82.4958,134.0,0.879250811287,0.940481771473,0.412479914238
151.926,80.7362,134.0,0.879250811287,0.940481771473,0.412479914238
154.566,78.3571,134.0,0.879250811287,0.940481771473,0.412479914238
