177.949,141.546,145.0,0.879250811287,0.940481771473,0.412479914238
176.143,140.148,145.0,0.879250811287,0.940481771473,0.412479914238
174.255,138.621,145.0,0.879250811287,0.940481771473,0.412479914238
172.679,136.972,145.0,0.879250811287,0.940481771473,0.412479914238
171.703,135.012,145.0,0.879250811287,0.940481771473,0.412479914238
170.281,133.066,145.0,0.879250811287,0.940481771473,0.412479914238
168.913,131.52,145.0,0.879250811287,0.940481771473,0.412479914238
168.6,129.283,145.0,0.879250811287,0.940481771473,0.412479914238
167.273,127.236,145.0,0.879250811287,0.940481771473,0.412479914238
166.743,125.0,145.0,0.879250811287,0.940481771473,0.412479914238
165.414,123.016,145.0,0.879250811287,0.940481771473,0.412479914238
165.539,120.606,145.0,0.879250811287,0.940481771473,0.412479914238
164.562,118.467,145.0,0.879250811287,0.940481771473,0.412479914238
163.931,116.35,145.0,0.879250811287,0.940481771473,0.412479914238
162.32,114.635,145.0,0.879250811287,0.940481771473,0.412479914238
162.317,112.254,145.0,0.879250811287,0.940481771473,0.412479914238
162.316,109.872,145.0,0.879250811287,0.940481771473,0.412479914238
160.689,108.163,145.0,0.879250811287,0.940481771473,0.412479914238
160.085,106.031,145.0,0.879250811287,0.940481771473,0.412479914238
159.598,103.849,145.0,0.879250811287,0.940481771473,0.412479914238
159.036,101.722,145.0,0.879250811287,0.940481771473,0.412479914238
158.353,99.461,145.0,0.879250811287,0.940481771473,0.412479914238
157.551,97.4079,145.0,0.879250811287,0.940481771473,0.412479914238
156.022,95.6572,145.0,0.879250811287,0.940481771473,0.412479914238
155.429,93.4134,145.0,0.879250811287,0.940481771473,0.412479914238
153.766,91.6881,145.0,0.879250811287,0.940481771473,0.412479914238
152.082,90.0013,145.0,0.879250811287,0.940481771473,0.412479914238
150.397,88.317,145.0,0.879250811287,0.940481771473,0.412479914238
148.713,86.632,145.0,0.879250811287,0.940481771473,0.412479914238
147.058,84.9144,145.0,0.879250811287,0.940481771473,0.412479914238
145.613,83.4278,145.0,0.879250811287,0.940481771473,0.412479914238
144.006,82.1513,145.0,0.879250811287,0.940481771473,0.412479914238
142.868,80.0821,145.0,0.879250811287,0.940481771473,0.412479914238
140.869,78.8123,145.0,0.879250811287,0.940481771473,0.412479914238
139.029,77.3851,145.0,0.879250811287,0.940481771473,0.412479914238
137.542,75.7416,145.0,0.879250811287,0.940481771473,0.412479914238
136.095,73.9418,145.0,0.879250811287,0.940481771473,0.412479914238
134.002,72.7921,145.0,0.879250811287,0.940481771473,0.412479914238
132.803,70.7446,145.0,0.879250811287,0.940481771473,0.412479914238
130.57,69.9376,145.0,0.879250811287,0.940481771473,0.412479914238
129.95,67.7161,145.0,0.879250811287,0.940481771473,0.412479914238
127.727,67.3367,145.0,0.879250811287,0.940481771473,0.412479914238
126.068,65.5887,145.0,0.879250811287,0.940481771473,0.412479914238
124.363,63.9587,145.0,0.879250811287,0.940481771473,0.412479914238
122.726,62.1465,145.0,0.879250811287,0.940481771473,0.412479914238
120.45,61.8445,145.0,0.879250811287,0.940481771473,0.412479914238
118.527,60.4383,145.0,0.879250811287,0.940481771473,0.412479914238
116.907,58.6,145.0,0.879250811287,0.940481771473,0.412479914238
114.803,57.9326,145.0,0.879250811287,0.940481771473,0.412479914238
112.986,56.5598,145.0,0.879250811287,0.940481771473,0.412479914238
111.189,55.0325,145.0,0.879250811287,0.940481771473,0.412479914238
109.001,54.0361,145.0,0.879250811287,0.940481771473,0.412479914238
107.592,52.1396,145.0,0.879250811287,0.940481771473,0.412479914238
105.752,50.8045,145.0,0.879250811287,0.940481771473,0.412479914238
103.889,49.2991,145.0,0.879250811287,0.940481771473,0.412479914238
101.527,49.1046,145.0,0.879250811287,0.940481771473,0.412479914238
100.047,47.2667,145.0,0.879250811287,0.940481771473,0.412479914238
98.1726,46.5513,145.0,0.879250811287,0.940481771473,0.412479914238
96.5422,44.6567,145.0,0.879250811287,0.940481771473,0.412479914238
95.1981,43.3686,145.0,0.879250811287,0.940481771473,0.412479914238
93.1341,42.1382,145.0,0.879250811287,0.940481771473,0.412479914238
91.4105,40.5324,145.0,0.879250811287,0.940481771473,0.412479914238
89.4368,39.4791,145.0,0.879250811287,0.940481771473,0.412479914238
88.4558,37.4474,145.0,0.879250811287,0.940481771473,0.412479914238
86.7188,35.7809,145.0,0.879250811287,0.940481771473,0.412479914238
85.6547,33.8306,145.0,0.879250811287,0.940481771473,0.412479914238
84.099,32.0723,145.0,0.879250811287,0.940481771473,0.412479914238
83.1857,30.2392,145.0,0.879250811287,0.940481771473,0.412479914238
82.4446,27.9997,145.0,0.879250811287,0.940481771473,0.412479914238
82.4303,25.6069,145.0,0.879250811287,0.940481771473,0.412479914238
84.06,24.2876,145.0,0.879250811287,0.940481771473,0.412479914238
86.4554,24.3574,145.0,0.879250811287,0.940481771473,0.412479914238
88.8369,24.367,145.0,0.879250811287,0.940481771473,0.412479914238
90.7733,25.4439,145.0,0.879250811287,0.940481771473,0.412479914238
92.9412,25.962,145.0,0.879250811287,0.940481771473,0.412479914238
94.8289,27.1562,145.0,0.879250811287,0.940481771473,0.412479914238
96.7152,28.3528,145.0,0.879250811287,0.940481771473,0.412479914238
98.4326,29.9611,145.0,0.879250811287,0.940481771473,0.412479914238
99.7276,31.3355,145.0,0.879250811287,0.940481771473,0.412479914238
101.732,32.3718,145.0,0.879250811287,0.940481771473,0.412479914238
103.385,34.1286,145.0,0.879250811287,0.940481771473,0.412479914238
105.177,35.5545,145.0,0.879250811287,0.940481771473,0.412479914238
106.975,36.9616,145.0,0.879250811287,0.940481771473,0.412479914238
109.1,38.073,145.0,0.879250811287,0.940481771473,0.412479914238
110.352,40.0247,145.0,0.879250811287,0.940481771473,0.412479914238
112.199,41.0004,145.0,0.879250811287,0.940481771473,0.412479914238
113.787,42.7382,145.0,0.879250811287,0.940481771473,0.412479914238
115.639,44.0197,145.0,0.879250811287,0.940481771473,0.412479914238
117.271,45.7867,145.0,0.879250811287,0.940481771473,0.412479914238
118.575,47.0503,145.0,0.879250811287,0.940481771473,0.412479914238
120.71,48.2545,145.0,0.879250811287,0.940481771473,0.412479914238
122.755,49.4368,145.0,0.879250811287,0.940481771473,0.412479914238
124.519,51.0098,145.0,0.879250811287,0.940481771473,0.412479914238
126.427,52.3846,145.0,0.879250811287,0.940481771473,0.412479914238
128.439,53.6326,145.0,0.879250811287,0.940481771473,0.412479914238
129.691,55.5474,145.0,0.879250811287,0.940481771473,0.412479914238
131.642,56.1964,145.0,0.879250811287,0.940481771473,0.412479914238
133.134,57.9531,145.0,0.879250811287,0.940481771473,0.412479914238
134.535,59.0374,145.0,0.879250811287,0.940481771473,0.412479914238
135.896,60.9584,145.0,0.879250811287,0.940481771473,0.412479914238
137.607,62.1366,145.0,0.879250811287,0.940481771473,0.412479914238
138.781,64.0999,145.0,0.879250811287,0.940481771473,0.412479914238
139.97,65.9646,145.0,0.879250811287,0.940481771473,0.412479914238
142.062,67.1888,145.0,0.879250811287,0.940481771473,0.412479914238
142.582,69.4903,145.0,0.879250811287,0.940481771473,0.412479914238
144.711,70.649,145.0,0.879250811287,0.940481771473,0.412479914238
146.032,72.3422,145.0,0.879250811287,0.940481771473,0.412479914238
148.103,73.1887,145.0,0.879250811287,0.940481771473,0.412479914238
149.884,74.6474,145.0,0.879250811287,0.940481771473,0.412479914238
151.233,76.3128,145.0,0.879250811287,0.940481771473,0.412479914238
153.614,76.3344,145.0,0.879250811287,0.940481771473,0.412479914238
155.364,77.865,145.0,0.879250811287,0.940481771473,0.412479914238
157.277,79.1238,145.0,0.879250811287,0.940481771473,0.412479914238
159.603,79.4741,145.0,0.879250811287,0.940481771473,0.412479914238
162.053,79.6563,145.0,0.879250811287,0.940481771473,0.412479914238
163.892,81.2361,145.0,0.879250811287,0.940481771473,0.412479914238
165.998,81.8248,145.0,0.879250811287,0.940481771473,0.412479914238
168.183,82.6873,145.0,0.879250811287,0.940481771473,0.412479914238
170.545,82.7666,145.0,0.879250811287,0.940481771473,0.412479914238
172.814,83.3944,145.0,0.879250811287,0.940481771473,0.412479914238
174.874,84.1178,145.0,0.879250811287,0.940481771473,0.412479914238
177.046,84.6268,145.0,0.879250811287,0.940481771473,0.412479914238
179.218,85.126,145.0,0.879250811287,0.940481771473,0.412479914238
181.0,86.679,145.0,0.879250811287,0.940481771473,0.412479914238
182.298,87.6329,145.0,0.879250811287,0.940481771473,0.412479914238
183.425,89.782,145.0,0.879250811287,0.940481771473,0.412479914238
185.483,90.2017,145.0,0.879250811287,0.940481771473,0.412479914238
186.447,92.3573,145.0,0.879250811287,0.940481771473,0.412479914238
188.583,93.5876,145.0,0.879250811287,0.940481771473,0.412479914238
189.581,95.5493,145.0,0.879250811287,0.940481771473,0.412479914238
190.233,97.7989,145.0,0.879250811287,0.940481771473,0.412479914238
192.346,98.9623,145.0,0.879250811287,0.940481771473,0.412479914238
192.7,101.226,145.0,0.879250811287,0.940481771473,0.412479914238
193.404,103.459,145.0,0.879250811287,0.940481771473,0.412479914238
194.644,105.318,145.0,0.879250811287,0.940481771473,0.412479914238
195.059,107.534,145.0,0.879250811287,0.940481771473,0.412479914238
195.917,109.71,145.0,0.879250811287,0.940481771473,0.412479914238
196.117,112.047,145.0,0.879250811287,0.940481771473,0.412479914238
196.65,114.304,145.0,0.879250811287,0.940481771473,0.412479914238
196.605,116.697,145.0,0.879250811287,0.940481771473,0.412479914238
197.525,118.862,145.0,0.879250811287,0.940481771473,0.412479914238
197.477,121.256,145.0,0.879250811287,0.940481771473,0.412479914238
197.429,123.65,145.0,0.879250811287,0.940481771473,0.412479914238
197.425,126.034,145.0,0.879250811287,0.940481771473,0.412479914238
197.428,128.417,145.0,0.879250811287,0.940481771473,0.412479914238
197.389,130.783,145.0,0.879250811287,0.940481771473,0.412479914238
196.677,132.871,145.0,0.879250811287,0.940481771473,0.412479914238
196.683,135.256,145.0,0.879250811287,0.940481771473,0.412479914238
195.872,137.302,145.0,0.879250811287,0.940481771473,0.412479914238
194.297,138.993,145.0,0.879250811287,0.940481771473,0.412479914238
192.065,140.093,145.0,0.879250811287,0.940481771473,0.412479914238
189.776,140.853,145.0,0.879250811287,0.940481771473,0.412479914238
187.443,141.336,145.0,0.879250811287,0.940481771473,0.412479914238
185.074,141.604,145.0,0.879250811287,0.940481771473,0.412479914238
182.68,141.717,145.0,0.879250811287,0.940481771473,0.412479914238
180.27,141.737,145.0,0.879250811287,0.940481771473,0.412479914238
