179.526,137.835,148.0,0.879250811287,0.940481771473,0.412479914238
177.107,137.088,148.0,0.879250811287,0.940481771473,0.412479914238
174.941,135.973,148.0,0.879250811287,0.940481771473,0.412479914238
172.772,134.605,148.0,0.879250811287,0.940481771473,0.412479914238
171.309,132.477,148.0,0.879250811287,0.940481771473,0.412479914238
169.123,131.131,148.0,0.879250811287,0.940481771473,0.412479914238
168.392,128.733,148.0,0.879250811287,0.940481771473,0.412479914238
167.097,126.612,148.0,0.879250811287,0.940481771473,0.412479914238
165.256,124.775,148.0,0.879250811287,0.940481771473,0.412479914238
164.634,122.433,148.0,0.879250811287,0.940481771473,0.412479914238
163.116,120.462,148.0,0.879250811287,0.940481771473,0.412479914238
162.215,118.236,148.0,0.879250811287,0.940481771473,0.412479914238
162.287,115.606,148.0,0.879250811287,0.940481771473,0.412479914238
162.297,113.003,148.0,0.879250811287,0.940481771473,0.412479914238
162.329,110.39,148.0,0.879250811287,0.940481771473,0.412479914238
161.505,108.132,148.0,0.879250811287,0.940481771473,0.412479914238
161.488,105.539,148.0,0.879250811287,0.940481771473,0.412479914238
161.622,102.885,148.0,0.879250811287,0.940481771473,0.412479914238
160.616,100.681,148.0,0.879250811287,0.940481771473,0.412479914238
159.896,98.2587,148.0,0.879250811287,0.940481771473,0.412479914238
159.084,95.9939,148.0,0.879250811287,0.940481771473,0.412479914238
158.288,93.6952,148.0,0.879250811287,0.940481771473,0.412479914238
156.594,92.1619,148.0,0.879250811287,0.940481771473,0.412479914238
154.843,90.2568,148.0,0.879250811287,0.940481771473,0.412479914238
152.916,88.4797,148.0,0.879250811287,0.940481771473,0.412479914238
151.627,86.19,148.0,0.879250811287,0.940481771473,0.412479914238
149.5,85.0084,148.0,0.879250811287,0.940481771473,0.412479914238
147.488,83.4656,148.0,0.879250811287,0.940481771473,0.412479914238
146.36,82.068,148.0,0.879250811287,0.940481771473,0.412479914238
144.077,80.9296,148.0,0.879250811287,0.940481771473,0.412479914238
141.839,79.825,148.0,0.879250811287,0.940481771473,0.412479914238
139.788,78.56,148.0,0.879250811287,0.940481771473,0.412479914238
138.146,77.048,148.0,0.879250811287,0.940481771473,0.412479914238
136.409,75.2923,148.0,0.879250811287,0.940481771473,0.412479914238
134.242,74.6326,148.0,0.879250811287,0.940481771473,0.412479914238
132.321,72.8847,148.0,0.879250811287,0.940481771473,0.412479914238
130.111,71.7682,148.0,0.879250811287,0.940481771473,0.412479914238
128.208,70.7069,148.0,0.879250811287,0.940481771473,0.412479914238
126.689,68.6233,148.0,0.879250811287,0.940481771473,0.412479914238
124.339,68.1737,148.0,0.879250811287,0.940481771473,0.412479914238
122.026,66.9434,148.0,0.879250811287,0.940481771473,0.412479914238
120.205,65.1054,148.0,0.879250811287,0.940481771473,0.412479914238
117.653,64.1265,148.0,0.879250811287,0.940481771473,0.412479914238
115.218,63.641,148.0,0.879250811287,0.940481771473,0.412479914238
114.028,61.5597,148.0,0.879250811287,0.940481771473,0.412479914238
111.79,60.3187,148.0,0.879250811287,0.940481771473,0.412479914238
110.864,58.2309,148.0,0.879250811287,0.940481771473,0.412479914238
108.464,57.7217,148.0,0.879250811287,0.940481771473,0.412479914238
107.585,55.1788,148.0,0.879250811287,0.940481771473,0.412479914238
105.591,53.7713,148.0,0.879250811287,0.940481771473,0.412479914238
104.223,51.7762,148.0,0.879250811287,0.940481771473,0.412479914238
102.708,49.9323,148.0,0.879250811287,0.940481771473,0.412479914238
100.789,48.2799,148.0,0.879250811287,0.940481771473,0.412479914238
99.4529,46.0759,148.0,0.879250811287,0.940481771473,0.412479914238
96.9635,44.8335,148.0,0.879250811287,0.940481771473,0.412479914238
95.6828,43.3292,148.0,0.879250811287,0.940481771473,0.412479914238
94.2333,41.1425,148.0,0.879250811287,0.940481771473,0.412479914238
92.3849,40.3096,148.0,0.879250811287,0.940481771473,0.412479914238
90.8754,38.4045,148.0,0.879250811287,0.940481771473,0.412479914238
88.7829,36.9839,148.0,0.879250811287,0.940481771473,0.412479914238
87.3212,34.7977,148.0,0.879250811287,0.940481771473,0.412479914238
85.8412,33.1783,148.0,0.879250811287,0.940481771473,0.412479914238
85.0465,31.0047,148.0,0.879250811287,0.940481771473,0.412479914238
85.5049,29.1422,148.0,0.879250811287,0.940481771473,0.412479914238
88.1257,29.1635,148.0,0.879250811287,0.940481771473,0.412479914238
90.6997,29.2725,148.0,0.879250811287,0.940481771473,0.412479914238
93.1174,30.0431,148.0,0.879250811287,0.940481771473,0.412479914238
95.5338,30.8162,148.0,0.879250811287,0.940481771473,0.412479914238
97.8542,32.0481,148.0,0.879250811287,0.940481771473,0.412479914238
99.5672,33.9253,148.0,0.879250811287,0.940481771473,0.412479914238
101.48,35.4716,148.0,0.879250811287,0.940481771473,0.412479914238
102.996,37.5333,148.0,0.879250811287,0.940481771473,0.412479914238
104.714,39.4542,148.0,0.879250811287,0.940481771473,0.412479914238
106.578,41.2748,148.0,0.879250811287,0.940481771473,0.412479914238
108.409,43.1173,148.0,0.879250811287,0.940481771473,0.412479914238
109.929,45.2076,148.0,0.879250811287,0.940481771473,0.412479914238
111.774,46.995,148.0,0.879250811287,0.940481771473,0.412479914238
113.437,48.7946,148.0,0.879250811287,0.940481771473,0.412479914238
115.518,50.4527,148.0,0.879250811287,0.940481771473,0.412479914238
116.778,52.3581,148.0,0.879250811287,0.940481771473,0.412479914238
118.257,54.1584,148.0,0.879250811287,0.940481771473,0.412479914238
119.984,56.0105,148.0,0.879250811287,0.940481771473,0.412479914238
121.403,57.1012,148.0,0.879250811287,0.940481771473,0.412479914238
123.175,58.9084,148.0,0.879250811287,0.940481771473,0.412479914238
125.036,60.3495,148.0,0.879250811287,0.940481771473,0.412479914238
126.448,62.0967,148.0,0.879250811287,0.940481771473,0.412479914238
128.69,63.4509,148.0,0.879250811287,0.940481771473,0.412479914238
130.85,64.8879,148.0,0.879250811287,0.940481771473,0.412479914238
133.18,66.045,148.0,0.879250811287,0.940481771473,0.412479914238
135.196,67.7315,148.0,0.879250811287,0.940481771473,0.412479914238
137.553,68.284,148.0,0.879250811287,0.940481771473,0.412479914238
139.456,69.9503,148.0,0.879250811287,0.940481771473,0.412479914238
142.002,70.3779,148.0,0.879250811287,0.940481771473,0.412479914238
144.112,71.7918,148.0,0.879250811287,0.940481771473,0.412479914238
146.315,73.0645,148.0,0.879250811287,0.940481771473,0.412479914238
148.823,73.4379,148.0,0.879250811287,0.940481771473,0.412479914238
151.13,74.6785,148.0,0.879250811287,0.940481771473,0.412479914238
153.411,75.4448,148.0,0.879250811287,0.940481771473,0.412479914238
155.313,77.1212,148.0,0.879250811287,0.940481771473,0.412479914238
157.828,77.5547,148.0,0.879250811287,0.940481771473,0.412479914238
160.131,78.7986,148.0,0.879250811287,0.940481771473,0.412479914238
162.579,79.4242,148.0,0.879250811287,0.940481771473,0.412479914238
164.956,80.3099,148.0,0.879250811287,0.940481771473,0.412479914238
167.683,80.6356,148.0,0.879250811287,0.940481771473,0.412479914238
169.23,81.8005,148.0,0.879250811287,0.940481771473,0.412479914238
171.28,83.3501,148.0,0.879250811287,0.940481771473,0.412479914238
173.519,84.3163,148.0,0.879250811287,0.940481771473,0.412479914238
175.821,85.0322,148.0,0.879250811287,0.940481771473,0.412479914238
177.739,86.6531,148.0,0.879250811287,0.940481771473,0.412479914238
179.123,88.3714,148.0,0.879250811287,0.940481771473,0.412479914238
180.346,90.6648,148.0,0.879250811287,0.940481771473,0.412479914238
182.194,92.1883,148.0,0.879250811287,0.940481771473,0.412479914238
183.314,94.5436,148.0,0.879250811287,0.940481771473,0.412479914238
184.899,96.5606,148.0,0.879250811287,0.940481771473,0.412479914238
185.909,98.9848,148.0,0.879250811287,0.940481771473,0.412479914238
187.019,101.177,148.0,0.879250811287,0.940481771473,0.412479914238
188.744,102.699,148.0,0.879250811287,0.940481771473,0.412479914238
189.55,105.184,148.0,0.879250811287,0.940481771473,0.412479914238
191.032,107.161,148.0,0.879250811287,0.940481771473,0.412479914238
192.669,109.081,148.0,0.879250811287,0.940481771473,0.412479914238
193.004,111.636,148.0,0.879250811287,0.940481771473,0.412479914238
194.8,113.536,148.0,0.879250811287,0.940481771473,0.412479914238
195.914,115.891,148.0,0.879250811287,0.940481771473,0.412479914238
197.162,118.01,148.0,0.879250811287,0.940481771473,0.412479914238
198.165,119.966,148.0,0.879250811287,0.940481771473,0.412479914238
199.009,122.217,148.0,0.879250811287,0.940481771473,0.412479914238
198.86,124.645,148.0,0.879250811287,0.940481771473,0.412479914238
198.12,126.835,148.0,0.879250811287,0.940481771473,0.412479914238
196.855,128.817,148.0,0.879250811287,0.940481771473,0.412479914238
195.134,130.619,148.0,0.879250811287,0.940481771473,0.412479914238
193.028,132.267,148.0,0.879250811287,0.940481771473,0.412479914238
190.606,133.79,148.0,0.879250811287,0.940481771473,0.412479914238
187.94,135.216,148.0,0.879250811287,0.940481771473,0.412479914238
185.098,136.573,148.0,0.879250811287,0.940481771473,0.412479914238
182.151,137.888,148.0,0.879250811287,0.940481771473,0.412479914238
