180.627,144.777,152.0,0.879250811287,0.940481771473,0.412479914238
179.074,142.838,152.0,0.879250811287,0.940481771473,0.412479914238
177.457,140.926,152.0,0.879250811287,0.940481771473,0.412479914238
176.704,138.643,152.0,0.879250811287,0.940481771473,0.412479914238
174.661,137.24,152.0,0.879250811287,0.940481771473,0.412479914238
173.618,134.837,152.0,0.879250811287,0.940481771473,0.412479914238
172.338,132.618,152.0,0.879250811287,0.940481771473,0.412479914238
170.988,130.45,152.0,0.879250811287,0.940481771473,0.412479914238
169.609,128.31,152.0,0.879250811287,0.940481771473,0.412479914238
168.438,126.209,152.0,0.879250811287,0.940481771473,0.412479914238
167.404,123.834,152.0,0.879250811287,0.940481771473,0.412479914238
166.072,122.022,152.0,0.879250811287,0.940481771473,0.412479914238
164.679,120.099,152.0,0.879250811287,0.940481771473,0.412479914238
163.434,118.043,152.0,0.879250811287,0.940481771473,0.412479914238
161.551,116.241,152.0,0.879250811287,0.940481771473,0.412479914238
160.738,113.845,152.0,0.879250811287,0.940481771473,0.412479914238
159.267,111.972,152.0,0.879250811287,0.940481771473,0.412479914238
158.16,110.045,152.0,0.879250811287,0.940481771473,0.412479914238
156.935,107.737,152.0,0.879250811287,0.940481771473,0.412479914238
155.48,105.661,152.0,0.879250811287,0.940481771473,0.412479914238
154.274,103.549,152.0,0.879250811287,0.940481771473,0.412479914238
152.926,101.83,152.0,0.879250811287,0.940481771473,0.412479914238
151.51,99.7606,152.0,0.879250811287,0.940481771473,0.412479914238
150.373,97.6899,152.0,0.879250811287,0.940481771473,0.412479914238
148.661,96.1696,152.0,0.879250811287,0.940481771473,0.412479914238
147.312,93.9949,152.0,0.879250811287,0.940481771473,0.412479914238
145.51,92.1627,152.0,0.879250811287,0.940481771473,0.412479914238
144.715,90.1031,152.0,0.879250811287,0.940481771473,0.412479914238
142.549,88.5775,152.0,0.879250811287,0.940481771473,0.412479914238
141.393,86.2546,152.0,0.879250811287,0.940481771473,0.412479914238
139.737,84.4874,152.0,0.879250811287,0.940481771473,0.412479914238
137.595,82.8999,152.0,0.879250811287,0.940481771473,0.412479914238
136.349,81.0588,152.0,0.879250811287,0.940481771473,0.412479914238
134.425,79.5062,152.0,0.879250811287,0.940481771473,0.412479914238
132.269,78.1688,152.0,0.879250811287,0.940481771473,0.412479914238
130.085,76.6672,152.0,0.879250811287,0.940481771473,0.412479914238
129.474,74.4703,152.0,0.879250811287,0.940481771473,0.412479914238
126.837,73.9643,152.0,0.879250811287,0.940481771473,0.412479914238
125.448,72.0488,152.0,0.879250811287,0.940481771473,0.412479914238
123.104,71.4432,152.0,0.879250811287,0.940481771473,0.412479914238
121.29,69.5739,152.0,0.879250811287,0.940481771473,0.412479914238
119.502,67.712,152.0,0.879250811287,0.940481771473,0.412479914238
117.286,66.426,152.0,0.879250811287,0.940481771473,0.412479914238
115.478,64.5737,152.0,0.879250811287,0.940481771473,0.412479914238
113.642,62.7582,152.0,0.879250811287,0.940481771473,0.412479914238
112.208,60.7377,152.0,0.879250811287,0.940481771473,0.412479914238
110.148,59.2053,152.0,0.879250811287,0.940481771473,0.412479914238
108.316,57.3831,152.0,0.879250811287,0.940481771473,0.412479914238
106.562,55.4041,152.0,0.879250811287,0.940481771473,0.412479914238
104.211,54.7685,152.0,0.879250811287,0.940481771473,0.412479914238
102.88,52.6547,152.0,0.879250811287,0.940481771473,0.412479914238
100.688,51.3552,152.0,0.879250811287,0.940481771473,0.412479914238
99.3186,49.1777,152.0,0.879250811287,0.940481771473,0.412479914238
97.2234,47.7205,152.0,0.879250811287,0.940481771473,0.412479914238
95.6594,45.9113,152.0,0.879250811287,0.940481771473,0.412479914238
93.4251,44.8042,152.0,0.879250811287,0.940481771473,0.412479914238
91.9832,42.7064,152.0,0.879250811287,0.940481771473,0.412479914238
90.5014,41.0736,152.0,0.879250811287,0.940481771473,0.412479914238
89.6741,38.7931,152.0,0.879250811287,0.940481771473,0.412479914238
88.0709,37.2474,152.0,0.879250811287,0.940481771473,0.412479914238
86.7815,35.035,152.0,0.879250811287,0.940481771473,0.412479914238
85.6652,32.9168,152.0,0.879250811287,0.940481771473,0.412479914238
85.5692,30.2549,152.0,0.879250811287,0.940481771473,0.412479914238
86.7608,28.6563,152.0,0.879250811287,0.940481771473,0.412479914238
89.1088,27.5247,152.0,0.879250811287,0.940481771473,0.412479914238
91.7072,27.5726,152.0,0.879250811287,0.940481771473,0.412479914238
94.2854,27.5781,152.0,0.879250811287,0.940481771473,0.412479914238
96.8677,27.5734,152.0,0.879250811287,0.940481771473,0.412479914238
99.1138,28.8181,152.0,0.879250811287,0.940481771473,0.412479914238
102.04,29.2277,152.0,0.879250811287,0.940481771473,0.412479914238
103.27,30.8218,152.0,0.879250811287,0.940481771473,0.412479914238
105.6,31.5411,152.0,0.879250811287,0.940481771473,0.412479914238
107.556,33.1395,152.0,0.879250811287,0.940481771473,0.412479914238
108.862,34.9287,152.0,0.879250811287,0.940481771473,0.412479914238
109.607,37.1606,152.0,0.879250811287,0.940481771473,0.412479914238
111.446,38.9305,152.0,0.879250811287,0.940481771473,0.412479914238
112.804,41.142,152.0,0.879250811287,0.940481771473,0.412479914238
114.395,42.7403,152.0,0.879250811287,0.940481771473,0.412479914238
115.546,45.0648,152.0,0.879250811287,0.940481771473,0.412479914238
117.161,47.0317,152.0,0.879250811287,0.940481771473,0.412479914238
118.735,49.04,152.0,0.879250811287,0.940481771473,0.412479914238
120.319,51.026,152.0,0.879250811287,0.940481771473,0.412479914238
121.741,53.2358,152.0,0.879250811287,0.940481771473,0.412479914238
123.86,54.6012,152.0,0.879250811287,0.940481771473,0.412479914238
125.276,56.6404,152.0,0.879250811287,0.940481771473,0.412479914238
127.368,58.1267,152.0,0.879250811287,0.940481771473,0.412479914238
129.016,60.1394,152.0,0.879250811287,0.940481771473,0.412479914238
131.013,61.0542,152.0,0.879250811287,0.940481771473,0.412479914238
132.469,63.1044,152.0,0.879250811287,0.940481771473,0.412479914238
135.049,64.0096,152.0,0.879250811287,0.940481771473,0.412479914238
136.214,66.026,152.0,0.879250811287,0.940481771473,0.412479914238
138.493,67.265,152.0,0.879250811287,0.940481771473,0.412479914238
141.011,67.6017,152.0,0.879250811287,0.940481771473,0.412479914238
142.112,69.5529,152.0,0.879250811287,0.940481771473,0.412479914238
144.753,70.4445,152.0,0.879250811287,0.940481771473,0.412479914238
146.504,72.4611,152.0,0.879250811287,0.940481771473,0.412479914238
148.948,73.0544,152.0,0.879250811287,0.940481771473,0.412479914238
151.287,74.0161,152.0,0.879250811287,0.940481771473,0.412479914238
153.2,75.7055,152.0,0.879250811287,0.940481771473,0.412479914238
155.303,77.1074,152.0,0.879250811287,0.940481771473,0.412479914238
157.561,77.8948,152.0,0.879250811287,0.940481771473,0.412479914238
160.153,78.0286,152.0,0.879250811287,0.940481771473,0.412479914238
162.501,79.1315,152.0,0.879250811287,0.940481771473,0.412479914238
164.817,80.2606,152.0,0.879250811287,0.940481771473,0.412479914238
167.07,81.045,152.0,0.879250811287,0.940481771473,0.412479914238
169.627,81.3041,152.0,0.879250811287,0.940481771473,0.412479914238
171.732,82.6491,152.0,0.879250811287,0.940481771473,0.412479914238
173.36,84.1588,152.0,0.879250811287,0.940481771473,0.412479914238
175.454,84.9639,152.0,0.879250811287,0.940481771473,0.412479914238
177.48,85.8536,152.0,0.879250811287,0.940481771473,0.412479914238
179.661,87.0033,152.0,0.879250811287,0.940481771473,0.412479914238
180.836,89.1641,152.0,0.879250811287,0.940481771473,0.412479914238
181.455,91.4893,152.0,0.879250811287,0.940481771473,0.412479914238
182.01,94.0074,152.0,0.879250811287,0.940481771473,0.412479914238
183.145,96.3298,152.0,0.879250811287,0.940481771473,0.412479914238
184.852,98.2345,152.0,0.879250811287,0.940481771473,0.412479914238
186.285,100.331,152.0,0.879250811287,0.940481771473,0.412479914238
187.034,102.604,152.0,0.879250811287,0.940481771473,0.412479914238
188.035,104.803,152.0,0.879250811287,0.940481771473,0.412479914238
188.977,107.248,152.0,0.879250811287,0.940481771473,0.412479914238
190.247,109.361,152.0,0.879250811287,0.940481771473,0.412479914238
191.77,111.31,152.0,0.879250811287,0.940481771473,0.412479914238
192.682,113.673,152.0,0.879250811287,0.940481771473,0.412479914238
192.63,116.262,152.0,0.879250811287,0.940481771473,0.412479914238
193.446,118.652,152.0,0.879250811287,0.940481771473,0.412479914238
193.437,121.236,152.0,0.879250811287,0.940481771473,0.412479914238
193.434,123.819,152.0,0.879250811287,0.940481771473,0.412479914238
193.433,126.4,152.0,0.879250811287,0.940481771473,0.412479914238
193.563,129.036,152.0,0.879250811287,0.940481771473,0.412479914238
192.621,131.228,152.0,0.879250811287,0.940481771473,0.412479914238
192.634,133.815,152.0,0.879250811287,0.940481771473,0.412479914238
191.906,136.096,152.0,0.879250811287,0.940481771473,0.412479914238
189.659,137.734,152.0,0.879250811287,0.940481771473,0.412479914238
187.62,139.439,152.0,0.879250811287,0.940481771473,0.412479914238
185.743,141.197,152.0,0.879250811287,0.940481771473,0.412479914238
183.983,142.993,152.0,0.879250811287,0.940481771473,0.412479914238
182.292,144.811,152.0,0.879250811287,0.940481771473,0.412479914238
