155.906,101.002,156.0,0.879250811287,0.940481771473,0.412479914238
156.151,103.129,156.0,0.879250811287,0.940481771473,0.412479914238
158.022,104.585,156.0,0.879250811287,0.940481771473,0.412479914238
158.514,106.675,156.0,0.879250811287,0.940481771473,0.412479914238
159.925,108.39,156.0,0.879250811287,0.940481771473,0.412479914238
160.66,110.451,156.0,0.879250811287,0.940481771473,0.412479914238
160.983,112.548,156.0,0.879250811287,0.940481771473,0.412479914238
162.225,114.389,156.0,0.879250811287,0.940481771473,0.412479914238
163.016,116.497,156.0,0.879250811287,0.940481771473,0.412479914238
163.113,118.708,156.0,0.879250811287,0.940481771473,0.412479914238
164.359,120.566,156.0,0.879250811287,0.940481771473,0.412479914238
164.707,122.645,156.0,0.879250811287,0.940481771473,0.412479914238
165.521,124.678,156.0,0.879250811287,0.940481771473,0.412479914238
166.308,126.577,156.0,0.879250811287,0.940481771473,0.412479914238
167.501,128.38,156.0,0.879250811287,0.940481771473,0.412479914238
168.248,130.497,156.0,0.879250811287,0.940481771473,0.412479914238
169.162,132.539,156.0,0.879250811287,0.940481771473,0.412479914238
170.268,134.337,156.0,0.879250811287,0.940481771473,0.412479914238
171.668,136.057,156.0,0.879250811287,0.940481771473,0.412479914238
172.164,138.15,156.0,0.879250811287,0.940481771473,0.412479914238
173.679,139.785,156.0,0.879250811287,0.940481771473,0.412479914238
175.008,141.574,156.0,0.879250811287,0.940481771473,0.412479914238
175.894,143.433,156.0,0.879250811287,0.940481771473,0.412479914238
176.971,145.215,156.0,0.879250811287,0.940481771473,0.412479914238
178.272,146.903,156.0,0.879250811287,0.940481771473,0.412479914238
179.749,148.402,156.0,0.879250811287,0.940481771473,0.412479914238
181.168,149.899,156.0,0.879250811287,0.940481771473,0.412479914238
182.631,151.528,156.0,0.879250811287,0.940481771473,0.412479914238
184.568,152.7,156.0,0.879250811287,0.940481771473,0.412479914238
185.509,154.521,156.0,0.879250811287,0.940481771473,0.412479914238
187.539,154.99,156.0,0.879250811287,0.940481771473,0.412479914238
189.642,155.294,156.0,0.879250811287,0.940481771473,0.412479914238
191.861,155.295,156.0,0.879250811287,0.940481771473,0.412479914238
193.586,153.826,156.0,0.879250811287,0.940481771473,0.412479914238
195.669,153.241,156.0,0.879250811287,0.940481771473,0.412479914238
195.916,151.057,156.0,0.879250811287,0.940481771473,0.412479914238
196.632,148.998,156.0,0.879250811287,0.940481771473,0.412479914238
196.626,146.768,156.0,0.879250811287,0.940481771473,0.412479914238
196.645,144.538,156.0,0.879250811287,0.940481771473,0.412479914238
196.283,142.365,156.0,0.879250811287,0.940481771473,0.412479914238
194.829,140.671,156.0,0.879250811287,0.940481771473,0.412479914238
194.233,138.501,156.0,0.879250811287,0.940481771473,0.412479914238
193.938,136.347,156.0,0.879250811287,0.940481771473,0.412479914238
193.465,134.226,156.0,0.879250811287,0.940481771473,0.412479914238
192.645,132.192,156.0,0.879250811287,0.940481771473,0.412479914238
192.393,130.021,156.0,0.879250811287,0.940481771473,0.412479914238
191.812,127.926,156.0,0.879250811287,0.940481771473,0.412479914238
190.531,126.097,156.0,0.879250811287,0.940481771473,0.412479914238
189.447,124.174,156.0,0.879250811287,0.940481771473,0.412479914238
188.664,122.272,156.0,0.879250811287,0.940481771473,0.412479914238
187.895,120.22,156.0,0.879250811287,0.940481771473,0.412479914238
186.958,118.377,156.0,0.879250811287,0.940481771473,0.412479914238
185.307,116.832,156.0,0.879250811287,0.940481771473,0.412479914238
183.722,115.26,156.0,0.879250811287,0.940481771473,0.412479914238
182.15,113.683,156.0,0.879250811287,0.940481771473,0.412479914238
180.574,112.107,156.0,0.879250811287,0.940481771473,0.412479914238
178.999,110.531,156.0,0.879250811287,0.940481771473,0.412479914238
177.424,108.954,156.0,0.879250811287,0.940481771473,0.412479914238
175.661,107.639,156.0,0.879250811287,0.940481771473,0.412479914238
173.62,106.703,156.0,0.879250811287,0.940481771473,0.412479914238
172.06,105.075,156.0,0.879250811287,0.940481771473,0.412479914238
170.202,104.186,156.0,0.879250811287,0.940481771473,0.412479914238
168.688,103.004,156.0,0.879250811287,0.940481771473,0.412479914238
167.352,101.349,156.0,0.879250811287,0.940481771473,0.412479914238
166.278,99.3751,156.0,0.879250811287,0.940481771473,0.412479914238
164.267,98.2132,156.0,0.879250811287,0.940481771473,0.412479914238
163.369,96.4579,156.0,0.879250811287,0.940481771473,0.412479914238
162.222,94.5541,156.0,0.879250811287,0.940481771473,0.412479914238
161.325,92.7004,156.0,0.879250811287,0.940481771473,0.412479914238
159.851,91.0827,156.0,0.879250811287,0.940481771473,0.412479914238
159.756,88.8942,156.0,0.879250811287,0.940481771473,0.412479914238
158.746,87.1011,156.0,0.879250811287,0.940481771473,0.412479914238
157.496,85.8449,156.0,0.879250811287,0.940481771473,0.412479914238
155.924,84.262,156.0,0.879250811287,0.940481771473,0.412479914238
154.353,82.6794,156.0,0.879250811287,0.940481771473,0.412479914238
152.449,81.5285,156.0,0.879250811287,0.940481771473,0.412479914238
150.591,80.6551,156.0,0.879250811287,0.940481771473,0.412479914238
148.898,79.3862,156.0,0.879250811287,0.940481771473,0.412479914238
146.699,79.0215,156.0,0.879250811287,0.940481771473,0.412479914238
144.912,77.8802,156.0,0.879250811287,0.940481771473,0.412479914238
143.177,76.5795,156.0,0.879250811287,0.940481771473,0.412479914238
140.925,76.1069,156.0,0.879250811287,0.940481771473,0.412479914238
139.205,74.6877,156.0,0.879250811287,0.940481771473,0.412479914238
137.408,73.6593,156.0,0.879250811287,0.940481771473,0.412479914238
135.761,72.1906,156.0,0.879250811287,0.940481771473,0.412479914238
134.046,70.9138,156.0,0.879250811287,0.940481771473,0.412479914238
132.63,69.3642,156.0,0.879250811287,0.940481771473,0.412479914238
131.013,67.9051,156.0,0.879250811287,0.940481771473,0.412479914238
130.284,65.8101,156.0,0.879250811287,0.940481771473,0.412479914238
129.62,63.8303,156.0,0.879250811287,0.940481771473,0.412479914238
127.927,62.6592,156.0,0.879250811287,0.940481771473,0.412479914238
126.828,60.7357,156.0,0.879250811287,0.940481771473,0.412479914238
125.674,58.8576,156.0,0.879250811287,0.940481771473,0.412479914238
124.291,57.1401,156.0,0.879250811287,0.940481771473,0.412479914238
123.444,55.0524,156.0,0.879250811287,0.940481771473,0.412479914238
121.757,53.4948,156.0,0.879250811287,0.940481771473,0.412479914238
121.51,51.3736,156.0,0.879250811287,0.940481771473,0.412479914238
119.954,49.7906,156.0,0.879250811287,0.940481771473,0.412479914238
119.497,47.7479,156.0,0.879250811287,0.940481771473,0.412479914238
117.788,46.2554,156.0,0.879250811287,0.940481771473,0.412479914238
116.752,44.2937,156.0,0.879250811287,0.940481771473,0.412479914238
114.745,43.2412,156.0,0.879250811287,0.940481771473,0.412479914238
114.394,41.1345,156.0,0.879250811287,0.940481771473,0.412479914238
112.446,40.0537,156.0,0.879250811287,0.940481771473,0.412479914238
110.917,38.4298,156.0,0.879250811287,0.940481771473,0.412479914238
109.031,37.2872,156.0,0.879250811287,0.940481771473,0.412479914238
107.414,35.7771,156.0,0.879250811287,0.940481771473,0.412479914238
105.609,34.7507,156.0,0.879250811287,0.940481771473,0.412479914238
103.598,33.7691,156.0,0.879250811287,0.940481771473,0.412479914238
101.814,32.4593,156.0,0.879250811287,0.940481771473,0.412479914238
99.7496,31.8815,156.0,0.879250811287,0.940481771473,0.412479914238
97.735,30.8674,156.0,0.879250811287,0.940481771473,0.412479914238
95.9936,29.8599,156.0,0.879250811287,0.940481771473,0.412479914238
94.4513,29.1529,156.0,0.879250811287,0.940481771473,0.412479914238
92.85,30.7174,156.0,0.879250811287,0.940481771473,0.412479914238
91.5306,32.1295,156.0,0.879250811287,0.940481771473,0.412479914238
91.1744,34.1655,156.0,0.879250811287,0.940481771473,0.412479914238
90.3725,36.2088,156.0,0.879250811287,0.940481771473,0.412479914238
90.4349,38.4541,156.0,0.879250811287,0.940481771473,0.412479914238
90.4067,40.6983,156.0,0.879250811287,0.940481771473,0.412479914238
91.5461,42.5078,156.0,0.879250811287,0.940481771473,0.412479914238
92.831,44.2882,156.0,0.879250811287,0.940481771473,0.412479914238
94.1209,45.4391,156.0,0.879250811287,0.940481771473,0.412479914238
95.734,46.9919,156.0,0.879250811287,0.940481771473,0.412479914238
97.5852,48.2364,156.0,0.879250811287,0.940481771473,0.412479914238
98.7711,49.9216,156.0,0.879250811287,0.940481771473,0.412479914238
100.509,51.1817,156.0,0.879250811287,0.940481771473,0.412479914238
101.599,53.0898,156.0,0.879250811287,0.940481771473,0.412479914238
102.523,54.9076,156.0,0.879250811287,0.940481771473,0.412479914238
104.512,55.9897,156.0,0.879250811287,0.940481771473,0.412479914238
104.952,58.5235,156.0,0.879250811287,0.940481771473,0.412479914238
106.466,59.5133,156.0,0.879250811287,0.940481771473,0.412479914238
107.339,61.719,156.0,0.879250811287,0.940481771473,0.412479914238
108.958,62.7357,156.0,0.879250811287,0.940481771473,0.412479914238
109.738,64.676,156.0,0.879250811287,0.940481771473,0.412479914238
111.526,66.1756,156.0,0.879250811287,0.940481771473,0.412479914238
113.145,67.7327,156.0,0.879250811287,0.940481771473,0.412479914238
114.382,69.4487,156.0,0.879250811287,0.940481771473,0.412479914238
115.682,71.1391,156.0,0.879250811287,0.940481771473,0.412479914238
117.237,72.7287,156.0,0.879250811287,0.940481771473,0.412479914238
118.775,74.3925,156.0,0.879250811287,0.940481771473,0.412479914238
120.627,75.2874,156.0,0.879250811287,0.940481771473,0.412479914238
122.555,76.3869,156.0,0.879250811287,0.940481771473,0.412479914238
124.151,77.9005,156.0,0.879250811287,0.940481771473,0.412479914238
126.168,78.4094,156.0,0.879250811287,0.940481771473,0.412479914238
127.699,80.0983,156.0,0.879250811287,0.940481771473,0.412479914238
129.803,80.6125,156.0,0.879250811287,0.940481771473,0.412479914238
131.455,82.1451,156.0,0.879250811287,0.940481771473,0.412479914238
133.571,82.6905,156.0,0.879250811287,0.940481771473,0.412479914238
134.888,83.8415,156.0,0.879250811287,0.940481771473,0.412479914238
136.748,85.048,156.0,0.879250811287,0.940481771473,0.412479914238
138.81,85.4443,156.0,0.879250811287,0.940481771473,0.412479914238
140.346,87.1042,156.0,0.879250811287,0.940481771473,0.412479914238
142.437,87.8477,156.0,0.879250811287,0.940481771473,0.412479914238
144.259,89.0156,156.0,0.879250811287,0.940481771473,0.412479914238
145.58,89.8899,156.0,0.879250811287,0.940481771473,0.412479914238
146.745,91.4626,156.0,0.879250811287,0.940481771473,0.412479914238
148.797,91.6395,156.0,0.879250811287,0.940481771473,0.412479914238
150.531,92.6582,156.0,0.879250811287,0.940481771473,0.412479914238
152.017,94.3425,156.0,0.879250811287,0.940481771473,0.412479914238
153.326,96.5021,156.0,0.879250811287,0.940481771473,0.412479914238
154.528,98.947,156.0,0.879250811287,0.940481771473,0.412479914238
