177.634,142.042,158.0,0.99349180428,0.916493951871,0.0229410295726
176.656,140.092,158.0,0.99349180428,0.916493951871,0.0229410295726
174.597,138.728,158.0,0.99349180428,0.916493951871,0.0229410295726
173.073,136.82,158.0,0.99349180428,0.916493951871,0.0229410295726
171.187,135.404,158.0,0.99349180428,0.916493951871,0.0229410295726
169.907,133.355,158.0,0.99349180428,0.916493951871,0.0229410295726
168.637,131.309,158.0,0.99349180428,0.916493951871,0.0229410295726
166.901,129.528,158.0,0.99349180428,0.916493951871,0.0229410295726
166.302,127.172,158.0,0.99349180428,0.916493951871,0.0229410295726
165.435,124.899,158.0,0.99349180428,0.916493951871,0.0229410295726
163.822,123.092,158.0,0.99349180428,0.916493951871,0.0229410295726
163.46,120.653,158.0,0.99349180428,0.916493951871,0.0229410295726
161.681,118.869,158.0,0.99349180428,0.916493951871,0.0229410295726
161.218,116.577,158.0,0.99349180428,0.916493951871,0.0229410295726
159.893,114.643,158.0,0.99349180428,0.916493951871,0.0229410295726
159.313,112.408,158.0,0.99349180428,0.916493951871,0.0229410295726
157.989,110.317,158.0,0.99349180428,0.916493951871,0.0229410295726
157.484,108.043,158.0,0.99349180428,0.916493951871,0.0229410295726
156.02,106.028,158.0,0.99349180428,0.916493951871,0.0229410295726
154.85,104.033,158.0,0.99349180428,0.916493951871,0.0229410295726
154.283,101.73,158.0,0.99349180428,0.916493951871,0.0229410295726
152.883,99.6783,158.0,0.99349180428,0.916493951871,0.0229410295726
152.415,97.3938,158.0,0.99349180428,0.916493951871,0.0229410295726
151.12,95.4478,158.0,0.99349180428,0.916493951871,0.0229410295726
149.757,93.379,158.0,0.99349180428,0.916493951871,0.0229410295726
148.974,91.167,158.0,0.99349180428,0.916493951871,0.0229410295726
146.428,90.1189,158.0,0.99349180428,0.916493951871,0.0229410295726
145.068,88.7544,158.0,0.99349180428,0.916493951871,0.0229410295726
143.271,86.9595,158.0,0.99349180428,0.916493951871,0.0229410295726
141.883,85.5928,158.0,0.99349180428,0.916493951871,0.0229410295726
140.253,83.5692,158.0,0.99349180428,0.916493951871,0.0229410295726
138.33,82.9754,158.0,0.99349180428,0.916493951871,0.0229410295726
136.43,81.904,158.0,0.99349180428,0.916493951871,0.0229410295726
134.612,80.3733,158.0,0.99349180428,0.916493951871,0.0229410295726
132.605,78.9992,158.0,0.99349180428,0.916493951871,0.0229410295726
130.69,77.4529,158.0,0.99349180428,0.916493951871,0.0229410295726
129.019,75.6316,158.0,0.99349180428,0.916493951871,0.0229410295726
127.068,74.0297,158.0,0.99349180428,0.916493951871,0.0229410295726
125.12,73.0125,158.0,0.99349180428,0.916493951871,0.0229410295726
123.101,72.253,158.0,0.99349180428,0.916493951871,0.0229410295726
122.27,69.9945,158.0,0.99349180428,0.916493951871,0.0229410295726
120.268,69.0744,158.0,0.99349180428,0.916493951871,0.0229410295726
118.125,67.9432,158.0,0.99349180428,0.916493951871,0.0229410295726
116.765,65.8657,158.0,0.99349180428,0.916493951871,0.0229410295726
115.197,63.9956,158.0,0.99349180428,0.916493951871,0.0229410295726
114.025,62.6609,158.0,0.99349180428,0.916493951871,0.0229410295726
112.173,61.0314,158.0,0.99349180428,0.916493951871,0.0229410295726
111.335,59.0073,158.0,0.99349180428,0.916493951871,0.0229410295726
109.605,57.3893,158.0,0.99349180428,0.916493951871,0.0229410295726
107.817,55.8083,158.0,0.99349180428,0.916493951871,0.0229410295726
106.413,54.0274,158.0,0.99349180428,0.916493951871,0.0229410295726
105.229,51.8222,158.0,0.99349180428,0.916493951871,0.0229410295726
103.156,51.2536,158.0,0.99349180428,0.916493951871,0.0229410295726
102.196,49.0859,158.0,0.99349180428,0.916493951871,0.0229410295726
100.027,48.3266,158.0,0.99349180428,0.916493951871,0.0229410295726
98.7878,46.1284,158.0,0.99349180428,0.916493951871,0.0229410295726
96.8207,45.0046,158.0,0.99349180428,0.916493951871,0.0229410295726
95.5703,42.9686,158.0,0.99349180428,0.916493951871,0.0229410295726
93.6229,41.8339,158.0,0.99349180428,0.916493951871,0.0229410295726
92.6197,39.6746,158.0,0.99349180428,0.916493951871,0.0229410295726
92.0513,37.3645,158.0,0.99349180428,0.916493951871,0.0229410295726
90.6928,35.5934,158.0,0.99349180428,0.916493951871,0.0229410295726
90.4428,33.3791,158.0,0.99349180428,0.916493951871,0.0229410295726
90.3921,30.8337,158.0,0.99349180428,0.916493951871,0.0229410295726
92.4395,29.9091,158.0,0.99349180428,0.916493951871,0.0229410295726
94.947,29.9595,158.0,0.99349180428,0.916493951871,0.0229410295726
97.4425,29.9127,158.0,0.99349180428,0.916493951871,0.0229410295726
99.7666,30.732,158.0,0.99349180428,0.916493951871,0.0229410295726
101.391,32.0807,158.0,0.99349180428,0.916493951871,0.0229410295726
103.582,32.6386,158.0,0.99349180428,0.916493951871,0.0229410295726
105.654,33.9828,158.0,0.99349180428,0.916493951871,0.0229410295726
107.645,35.4139,158.0,0.99349180428,0.916493951871,0.0229410295726
109.859,36.5421,158.0,0.99349180428,0.916493951871,0.0229410295726
111.135,38.6567,158.0,0.99349180428,0.916493951871,0.0229410295726
113.245,39.9859,158.0,0.99349180428,0.916493951871,0.0229410295726
114.525,42.0534,158.0,0.99349180428,0.916493951871,0.0229410295726
116.65,43.3311,158.0,0.99349180428,0.916493951871,0.0229410295726
117.854,45.4879,158.0,0.99349180428,0.916493951871,0.0229410295726
119.676,47.1996,158.0,0.99349180428,0.916493951871,0.0229410295726
121.39,48.9739,158.0,0.99349180428,0.916493951871,0.0229410295726
122.427,51.0245,158.0,0.99349180428,0.916493951871,0.0229410295726
124.288,52.7228,158.0,0.99349180428,0.916493951871,0.0229410295726
126.255,54.2649,158.0,0.99349180428,0.916493951871,0.0229410295726
127.938,55.9702,158.0,0.99349180428,0.916493951871,0.0229410295726
128.378,58.1997,158.0,0.99349180428,0.916493951871,0.0229410295726
130.169,59.8071,158.0,0.99349180428,0.916493951871,0.0229410295726
131.725,61.7179,158.0,0.99349180428,0.916493951871,0.0229410295726
133.189,63.7248,158.0,0.99349180428,0.916493951871,0.0229410295726
135.275,64.7332,158.0,0.99349180428,0.916493951871,0.0229410295726
137.404,65.8416,158.0,0.99349180428,0.916493951871,0.0229410295726
138.804,67.3839,158.0,0.99349180428,0.916493951871,0.0229410295726
140.688,69.0185,158.0,0.99349180428,0.916493951871,0.0229410295726
142.338,70.8678,158.0,0.99349180428,0.916493951871,0.0229410295726
144.613,72.0635,158.0,0.99349180428,0.916493951871,0.0229410295726
145.565,73.9118,158.0,0.99349180428,0.916493951871,0.0229410295726
148.171,74.8657,158.0,0.99349180428,0.916493951871,0.0229410295726
149.874,76.7067,158.0,0.99349180428,0.916493951871,0.0229410295726
152.155,77.1938,158.0,0.99349180428,0.916493951871,0.0229410295726
154.019,78.6734,158.0,0.99349180428,0.916493951871,0.0229410295726
156.222,79.7436,158.0,0.99349180428,0.916493951871,0.0229410295726
157.958,81.5058,158.0,0.99349180428,0.916493951871,0.0229410295726
159.696,83.2481,158.0,0.99349180428,0.916493951871,0.0229410295726
162.044,84.3863,158.0,0.99349180428,0.916493951871,0.0229410295726
163.012,86.3468,158.0,0.99349180428,0.916493951871,0.0229410295726
165.054,86.9044,158.0,0.99349180428,0.916493951871,0.0229410295726
166.284,88.9536,158.0,0.99349180428,0.916493951871,0.0229410295726
167.757,90.5106,158.0,0.99349180428,0.916493951871,0.0229410295726
168.198,92.7756,158.0,0.99349180428,0.916493951871,0.0229410295726
169.884,94.6778,158.0,0.99349180428,0.916493951871,0.0229410295726
171.716,96.1267,158.0,0.99349180428,0.916493951871,0.0229410295726
172.649,98.3491,158.0,0.99349180428,0.916493951871,0.0229410295726
174.604,99.8272,158.0,0.99349180428,0.916493951871,0.0229410295726
175.132,101.968,158.0,0.99349180428,0.916493951871,0.0229410295726
177.291,103.248,158.0,0.99349180428,0.916493951871,0.0229410295726
178.605,105.3,158.0,0.99349180428,0.916493951871,0.0229410295726
180.669,106.638,158.0,0.99349180428,0.916493951871,0.0229410295726
181.287,108.861,158.0,0.99349180428,0.916493951871,0.0229410295726
182.226,111.117,158.0,0.99349180428,0.916493951871,0.0229410295726
184.228,112.412,158.0,0.99349180428,0.916493951871,0.0229410295726
184.672,114.736,158.0,0.99349180428,0.916493951871,0.0229410295726
186.14,116.75,158.0,0.99349180428,0.916493951871,0.0229410295726
187.105,118.829,158.0,0.99349180428,0.916493951871,0.0229410295726
187.482,121.233,158.0,0.99349180428,0.916493951871,0.0229410295726
188.648,123.442,158.0,0.99349180428,0.916493951871,0.0229410295726
189.288,125.657,158.0,0.99349180428,0.916493951871,0.0229410295726
190.231,127.751,158.0,0.99349180428,0.916493951871,0.0229410295726
190.058,130.116,158.0,0.99349180428,0.916493951871,0.0229410295726
189.325,132.311,158.0,0.99349180428,0.916493951871,0.0229410295726
188.113,134.364,158.0,0.99349180428,0.916493951871,0.0229410295726
186.509,136.299,158.0,0.99349180428,0.916493951871,0.0229410295726
184.599,138.145,158.0,0.99349180428,0.916493951871,0.0229410295726
182.472,139.925,158.0,0.99349180428,0.916493951871,0.0229410295726
180.214,141.666,158.0,0.99349180428,0.916493951871,0.0229410295726
