175.899,138.167,160.0,0.99349180428,0.916493951871,0.0229410295726
173.744,137.317,160.0,0.99349180428,0.916493951871,0.0229410295726
171.817,135.735,160.0,0.99349180428,0.916493951871,0.0229410295726
169.879,134.178,160.0,0.99349180428,0.916493951871,0.0229410295726
168.601,132.058,160.0,0.99349180428,0.916493951871,0.0229410295726
166.443,130.735,160.0,0.99349180428,0.916493951871,0.0229410295726
165.121,128.696,160.0,0.99349180428,0.916493951871,0.0229410295726
163.051,127.308,160.0,0.99349180428,0.916493951871,0.0229410295726
161.026,125.924,160.0,0.99349180428,0.916493951871,0.0229410295726
159.812,123.969,160.0,0.99349180428,0.916493951871,0.0229410295726
157.96,122.235,160.0,0.99349180428,0.916493951871,0.0229410295726
156.331,120.356,160.0,0.99349180428,0.916493951871,0.0229410295726
155.306,118.045,160.0,0.99349180428,0.916493951871,0.0229410295726
153.743,116.095,160.0,0.99349180428,0.916493951871,0.0229410295726
153.544,113.612,160.0,0.99349180428,0.916493951871,0.0229410295726
152.708,111.452,160.0,0.99349180428,0.916493951871,0.0229410295726
151.952,109.124,160.0,0.99349180428,0.916493951871,0.0229410295726
151.584,106.705,160.0,0.99349180428,0.916493951871,0.0229410295726
151.138,104.305,160.0,0.99349180428,0.916493951871,0.0229410295726
150.313,101.993,160.0,0.99349180428,0.916493951871,0.0229410295726
149.569,99.6706,160.0,0.99349180428,0.916493951871,0.0229410295726
148.696,97.5127,160.0,0.99349180428,0.916493951871,0.0229410295726
147.231,95.6216,160.0,0.99349180428,0.916493951871,0.0229410295726
146.667,93.4648,160.0,0.99349180428,0.916493951871,0.0229410295726
144.541,92.041,160.0,0.99349180428,0.916493951871,0.0229410295726
143.204,89.9741,160.0,0.99349180428,0.916493951871,0.0229410295726
141.2,88.8171,160.0,0.99349180428,0.916493951871,0.0229410295726
139.116,87.4346,160.0,0.99349180428,0.916493951871,0.0229410295726
136.767,86.4711,160.0,0.99349180428,0.916493951871,0.0229410295726
134.881,84.8516,160.0,0.99349180428,0.916493951871,0.0229410295726
132.569,83.8306,160.0,0.99349180428,0.916493951871,0.0229410295726
130.722,82.1638,160.0,0.99349180428,0.916493951871,0.0229410295726
128.576,80.9153,160.0,0.99349180428,0.916493951871,0.0229410295726
126.704,79.3984,160.0,0.99349180428,0.916493951871,0.0229410295726
124.493,78.6477,160.0,0.99349180428,0.916493951871,0.0229410295726
121.952,78.0119,160.0,0.99349180428,0.916493951871,0.0229410295726
120.778,76.2624,160.0,0.99349180428,0.916493951871,0.0229410295726
118.779,74.8521,160.0,0.99349180428,0.916493951871,0.0229410295726
117.538,72.9155,160.0,0.99349180428,0.916493951871,0.0229410295726
115.356,71.6136,160.0,0.99349180428,0.916493951871,0.0229410295726
114.36,69.3287,160.0,0.99349180428,0.916493951871,0.0229410295726
112.369,67.8207,160.0,0.99349180428,0.916493951871,0.0229410295726
111.828,65.6726,160.0,0.99349180428,0.916493951871,0.0229410295726
109.66,64.3494,160.0,0.99349180428,0.916493951871,0.0229410295726
108.29,62.3018,160.0,0.99349180428,0.916493951871,0.0229410295726
107.187,60.2196,160.0,0.99349180428,0.916493951871,0.0229410295726
105.444,58.3781,160.0,0.99349180428,0.916493951871,0.0229410295726
104.034,56.322,160.0,0.99349180428,0.916493951871,0.0229410295726
102.401,54.4933,160.0,0.99349180428,0.916493951871,0.0229410295726
101.556,52.3365,160.0,0.99349180428,0.916493951871,0.0229410295726
100.49,50.2735,160.0,0.99349180428,0.916493951871,0.0229410295726
98.5555,48.5695,160.0,0.99349180428,0.916493951871,0.0229410295726
97.3567,46.558,160.0,0.99349180428,0.916493951871,0.0229410295726
96.0282,44.6205,160.0,0.99349180428,0.916493951871,0.0229410295726
94.8299,42.6867,160.0,0.99349180428,0.916493951871,0.0229410295726
92.8405,41.6994,160.0,0.99349180428,0.916493951871,0.0229410295726
92.0395,39.5352,160.0,0.99349180428,0.916493951871,0.0229410295726
91.1935,37.3858,160.0,0.99349180428,0.916493951871,0.0229410295726
91.0533,34.7572,160.0,0.99349180428,0.916493951871,0.0229410295726
89.607,32.7952,160.0,0.99349180428,0.916493951871,0.0229410295726
89.6557,30.2728,160.0,0.99349180428,0.916493951871,0.0229410295726
90.716,28.3746,160.0,0.99349180428,0.916493951871,0.0229410295726
92.5975,28.1721,160.0,0.99349180428,0.916493951871,0.0229410295726
94.6151,29.4366,160.0,0.99349180428,0.916493951871,0.0229410295726
96.9147,29.9505,160.0,0.99349180428,0.916493951871,0.0229410295726
98.2928,31.4725,160.0,0.99349180428,0.916493951871,0.0229410295726
100.134,33.1586,160.0,0.99349180428,0.916493951871,0.0229410295726
101.513,34.6777,160.0,0.99349180428,0.916493951871,0.0229410295726
103.308,36.4352,160.0,0.99349180428,0.916493951871,0.0229410295726
105.078,38.2072,160.0,0.99349180428,0.916493951871,0.0229410295726
106.849,39.9793,160.0,0.99349180428,0.916493951871,0.0229410295726
108.615,41.7545,160.0,0.99349180428,0.916493951871,0.0229410295726
110.105,43.7288,160.0,0.99349180428,0.916493951871,0.0229410295726
111.682,45.6408,160.0,0.99349180428,0.916493951871,0.0229410295726
113.489,47.3858,160.0,0.99349180428,0.916493951871,0.0229410295726
114.757,49.4922,160.0,0.99349180428,0.916493951871,0.0229410295726
116.917,50.8324,160.0,0.99349180428,0.916493951871,0.0229410295726
118.779,52.4931,160.0,0.99349180428,0.916493951871,0.0229410295726
120.431,54.1715,160.0,0.99349180428,0.916493951871,0.0229410295726
122.402,55.5643,160.0,0.99349180428,0.916493951871,0.0229410295726
123.138,57.5921,160.0,0.99349180428,0.916493951871,0.0229410295726
125.168,59.1149,160.0,0.99349180428,0.916493951871,0.0229410295726
126.932,60.8966,160.0,0.99349180428,0.916493951871,0.0229410295726
128.717,62.6535,160.0,0.99349180428,0.916493951871,0.0229410295726
130.082,64.8108,160.0,0.99349180428,0.916493951871,0.0229410295726
132.302,65.3232,160.0,0.99349180428,0.916493951871,0.0229410295726
134.017,67.1928,160.0,0.99349180428,0.916493951871,0.0229410295726
136.119,68.4768,160.0,0.99349180428,0.916493951871,0.0229410295726
137.354,70.6668,160.0,0.99349180428,0.916493951871,0.0229410295726
139.348,72.2237,160.0,0.99349180428,0.916493951871,0.0229410295726
141.543,73.4272,160.0,0.99349180428,0.916493951871,0.0229410295726
143.448,75.0103,160.0,0.99349180428,0.916493951871,0.0229410295726
145.578,76.285,160.0,0.99349180428,0.916493951871,0.0229410295726
147.788,77.5032,160.0,0.99349180428,0.916493951871,0.0229410295726
150.23,77.8286,160.0,0.99349180428,0.916493951871,0.0229410295726
152.015,79.5636,160.0,0.99349180428,0.916493951871,0.0229410295726
154.175,80.6507,160.0,0.99349180428,0.916493951871,0.0229410295726
156.441,81.5469,160.0,0.99349180428,0.916493951871,0.0229410295726
158.223,83.2858,160.0,0.99349180428,0.916493951871,0.0229410295726
159.993,85.0603,160.0,0.99349180428,0.916493951871,0.0229410295726
161.969,86.3414,160.0,0.99349180428,0.916493951871,0.0229410295726
163.775,88.078,160.0,0.99349180428,0.916493951871,0.0229410295726
164.553,90.453,160.0,0.99349180428,0.916493951871,0.0229410295726
165.494,92.6506,160.0,0.99349180428,0.916493951871,0.0229410295726
167.134,94.0346,160.0,0.99349180428,0.916493951871,0.0229410295726
168.575,95.9901,160.0,0.99349180428,0.916493951871,0.0229410295726
169.207,98.3493,160.0,0.99349180428,0.916493951871,0.0229410295726
171.069,100.112,160.0,0.99349180428,0.916493951871,0.0229410295726
171.869,102.284,160.0,0.99349180428,0.916493951871,0.0229410295726
172.669,104.458,160.0,0.99349180428,0.916493951871,0.0229410295726
173.487,106.624,160.0,0.99349180428,0.916493951871,0.0229410295726
173.758,109.081,160.0,0.99349180428,0.916493951871,0.0229410295726
175.064,111.263,160.0,0.99349180428,0.916493951871,0.0229410295726
176.208,113.299,160.0,0.99349180428,0.916493951871,0.0229410295726
177.948,115.094,160.0,0.99349180428,0.916493951871,0.0229410295726
180.15,116.276,160.0,0.99349180428,0.916493951871,0.0229410295726
181.893,117.9,160.0,0.99349180428,0.916493951871,0.0229410295726
183.798,119.352,160.0,0.99349180428,0.916493951871,0.0229410295726
185.638,121.04,160.0,0.99349180428,0.916493951871,0.0229410295726
187.356,122.877,160.0,0.99349180428,0.916493951871,0.0229410295726
189.126,124.651,160.0,0.99349180428,0.916493951871,0.0229410295726
190.829,126.499,160.0,0.99349180428,0.916493951871,0.0229410295726
191.9,128.148,160.0,0.99349180428,0.916493951871,0.0229410295726
193.917,127.975,160.0,0.99349180428,0.916493951871,0.0229410295726
194.2,128.515,160.0,0.99349180428,0.916493951871,0.0229410295726
193.014,129.659,160.0,0.99349180428,0.916493951871,0.0229410295726
190.627,131.298,160.0,0.99349180428,0.916493951871,0.0229410295726
187.306,133.32,160.0,0.99349180428,0.916493951871,0.0229410295726
183.318,135.617,160.0,0.99349180428,0.916493951871,0.0229410295726
178.929,138.079,160.0,0.99349180428,0.916493951871,0.0229410295726
