175.146,142.601,165.0,0.879250811287,0.940481771473,0.412479914238
173.731,141.072,165.0,0.879250811287,0.940481771473,0.412479914238
171.92,140.497,165.0,0.879250811287,0.940481771473,0.412479914238
170.569,138.807,165.0,0.879250811287,0.940481771473,0.412479914238
169.094,137.387,165.0,0.879250811287,0.940481771473,0.412479914238
168.051,135.643,165.0,0.879250811287,0.940481771473,0.412479914238
166.583,134.183,165.0,0.879250811287,0.940481771473,0.412479914238
165.861,132.432,165.0,0.879250811287,0.940481771473,0.412479914238
164.734,130.739,165.0,0.879250811287,0.940481771473,0.412479914238
164.187,128.386,165.0,0.879250811287,0.940481771473,0.412479914238
162.726,127.377,165.0,0.879250811287,0.940481771473,0.412479914238
161.559,125.955,165.0,0.879250811287,0.940481771473,0.412479914238
160.667,124.088,165.0,0.879250811287,0.940481771473,0.412479914238
159.602,122.336,165.0,0.879250811287,0.940481771473,0.412479914238
158.791,120.63,165.0,0.879250811287,0.940481771473,0.412479914238
158.078,118.884,165.0,0.879250811287,0.940481771473,0.412479914238
156.527,117.444,165.0,0.879250811287,0.940481771473,0.412479914238
155.969,115.453,165.0,0.879250811287,0.940481771473,0.412479914238
155.106,113.758,165.0,0.879250811287,0.940481771473,0.412479914238
153.566,112.347,165.0,0.879250811287,0.940481771473,0.412479914238
152.761,110.631,165.0,0.879250811287,0.940481771473,0.412479914238
151.241,109.211,165.0,0.879250811287,0.940481771473,0.412479914238
151.079,107.16,165.0,0.879250811287,0.940481771473,0.412479914238
149.88,105.47,165.0,0.879250811287,0.940481771473,0.412479914238
149.176,103.718,165.0,0.879250811287,0.940481771473,0.412479914238
147.88,102.206,165.0,0.879250811287,0.940481771473,0.412479914238
147.271,100.41,165.0,0.879250811287,0.940481771473,0.412479914238
147.096,98.4234,165.0,0.879250811287,0.940481771473,0.412479914238
145.94,96.712,165.0,0.879250811287,0.940481771473,0.412479914238
145.528,94.8413,165.0,0.879250811287,0.940481771473,0.412479914238
144.818,93.0864,165.0,0.879250811287,0.940481771473,0.412479914238
143.927,91.4063,165.0,0.879250811287,0.940481771473,0.412479914238
142.455,89.967,165.0,0.879250811287,0.940481771473,0.412479914238
141.018,88.5153,165.0,0.879250811287,0.940481771473,0.412479914238
139.558,87.0837,165.0,0.879250811287,0.940481771473,0.412479914238
138.041,85.7985,165.0,0.879250811287,0.940481771473,0.412479914238
136.17,85.3676,165.0,0.879250811287,0.940481771473,0.412479914238
134.577,84.2655,165.0,0.879250811287,0.940481771473,0.412479914238
133.015,82.9646,165.0,0.879250811287,0.940481771473,0.412479914238
131.028,82.6015,165.0,0.879250811287,0.940481771473,0.412479914238
129.614,81.0658,165.0,0.879250811287,0.940481771473,0.412479914238
127.905,80.243,165.0,0.879250811287,0.940481771473,0.412479914238
126.194,79.4261,165.0,0.879250811287,0.940481771473,0.412479914238
124.592,78.3466,165.0,0.879250811287,0.940481771473,0.412479914238
123.075,77.0628,165.0,0.879250811287,0.940481771473,0.412479914238
121.437,76.0778,165.0,0.879250811287,0.940481771473,0.412479914238
119.745,74.9781,165.0,0.879250811287,0.940481771473,0.412479914238
118.194,73.6675,165.0,0.879250811287,0.940481771473,0.412479914238
116.74,72.2247,165.0,0.879250811287,0.940481771473,0.412479914238
115.302,70.7602,165.0,0.879250811287,0.940481771473,0.412479914238
113.498,69.8041,165.0,0.879250811287,0.940481771473,0.412479914238
112.06,68.3402,165.0,0.879250811287,0.940481771473,0.412479914238
110.612,66.8902,165.0,0.879250811287,0.940481771473,0.412479914238
109.18,65.4176,165.0,0.879250811287,0.940481771473,0.412479914238
107.409,64.4153,165.0,0.879250811287,0.940481771473,0.412479914238
105.933,63.0038,165.0,0.879250811287,0.940481771473,0.412479914238
104.48,61.5598,165.0,0.879250811287,0.940481771473,0.412479914238
103.031,60.1114,165.0,0.879250811287,0.940481771473,0.412479914238
101.581,58.6626,165.0,0.879250811287,0.940481771473,0.412479914238
100.149,57.2065,165.0,0.879250811287,0.940481771473,0.412479914238
99.2326,55.5368,165.0,0.879250811287,0.940481771473,0.412479914238
97.9733,53.939,165.0,0.879250811287,0.940481771473,0.412479914238
96.8098,52.3004,165.0,0.879250811287,0.940481771473,0.412479914238
95.9674,50.5996,165.0,0.879250811287,0.940481771473,0.412479914238
95.1864,48.8603,165.0,0.879250811287,0.940481771473,0.412479914238
94.4001,47.0039,165.0,0.879250811287,0.940481771473,0.412479914238
93.9852,45.051,165.0,0.879250811287,0.940481771473,0.412479914238
93.6798,43.0723,165.0,0.879250811287,0.940481771473,0.412479914238
92.8469,41.2235,165.0,0.879250811287,0.940481771473,0.412479914238
92.032,39.5083,165.0,0.879250811287,0.940481771473,0.412479914238
91.1975,37.8049,165.0,0.879250811287,0.940481771473,0.412479914238
91.2408,35.7378,165.0,0.879250811287,0.940481771473,0.412479914238
91.2435,33.6881,165.0,0.879250811287,0.940481771473,0.412479914238
91.2406,31.6379,165.0,0.879250811287,0.940481771473,0.412479914238
91.4887,29.6924,165.0,0.879250811287,0.940481771473,0.412479914238
92.298,27.9948,165.0,0.879250811287,0.940481771473,0.412479914238
93.9139,26.7549,165.0,0.879250811287,0.940481771473,0.412479914238
95.5415,25.6702,165.0,0.879250811287,0.940481771473,0.412479914238
97.5019,25.1642,165.0,0.879250811287,0.940481771473,0.412479914238
99.4693,25.3659,165.0,0.879250811287,0.940481771473,0.412479914238
101.29,25.917,165.0,0.879250811287,0.940481771473,0.412479914238
102.813,27.187,165.0,0.879250811287,0.940481771473,0.412479914238
104.264,28.6233,165.0,0.879250811287,0.940481771473,0.412479914238
105.727,30.0601,165.0,0.879250811287,0.940481771473,0.412479914238
106.865,31.7333,165.0,0.879250811287,0.940481771473,0.412479914238
108.122,33.3211,165.0,0.879250811287,0.940481771473,0.412479914238
109.13,35.0869,165.0,0.879250811287,0.940481771473,0.412479914238
110.218,36.7991,165.0,0.879250811287,0.940481771473,0.412479914238
111.642,38.2824,165.0,0.879250811287,0.940481771473,0.412479914238
111.977,40.1975,165.0,0.879250811287,0.940481771473,0.412479914238
113.345,41.6626,165.0,0.879250811287,0.940481771473,0.412479914238
114.329,43.4572,165.0,0.879250811287,0.940481771473,0.412479914238
115.194,45.1537,165.0,0.879250811287,0.940481771473,0.412479914238
116.178,46.9441,165.0,0.879250811287,0.940481771473,0.412479914238
117.6,48.3972,165.0,0.879250811287,0.940481771473,0.412479914238
118.53,50.0683,165.0,0.879250811287,0.940481771473,0.412479914238
119.365,51.9515,165.0,0.879250811287,0.940481771473,0.412479914238
120.52,53.6518,165.0,0.879250811287,0.940481771473,0.412479914238
121.848,55.1913,165.0,0.879250811287,0.940481771473,0.412479914238
122.939,56.8994,165.0,0.879250811287,0.940481771473,0.412479914238
124.301,58.4111,165.0,0.879250811287,0.940481771473,0.412479914238
125.11,60.3216,165.0,0.879250811287,0.940481771473,0.412479914238
126.377,61.9013,165.0,0.879250811287,0.940481771473,0.412479914238
127.828,63.3435,165.0,0.879250811287,0.940481771473,0.412479914238
128.765,65.1545,165.0,0.879250811287,0.940481771473,0.412479914238
129.711,66.8103,165.0,0.879250811287,0.940481771473,0.412479914238
131.144,68.2656,165.0,0.879250811287,0.940481771473,0.412479914238
132.599,69.7119,165.0,0.879250811287,0.940481771473,0.412479914238
134.138,71.119,165.0,0.879250811287,0.940481771473,0.412479914238
134.903,72.7145,165.0,0.879250811287,0.940481771473,0.412479914238
136.713,73.8302,165.0,0.879250811287,0.940481771473,0.412479914238
138.123,75.37,165.0,0.879250811287,0.940481771473,0.412479914238
139.825,76.2046,165.0,0.879250811287,0.940481771473,0.412479914238
141.521,77.0567,165.0,0.879250811287,0.940481771473,0.412479914238
143.206,77.9482,165.0,0.879250811287,0.940481771473,0.412479914238
145.119,78.6197,165.0,0.879250811287,0.940481771473,0.412479914238
146.803,79.4796,165.0,0.879250811287,0.940481771473,0.412479914238
148.68,80.2442,165.0,0.879250811287,0.940481771473,0.412479914238
150.611,80.5361,165.0,0.879250811287,0.940481771473,0.412479914238
152.315,81.354,165.0,0.879250811287,0.940481771473,0.412479914238
154.105,82.2814,165.0,0.879250811287,0.940481771473,0.412479914238
155.777,83.3935,165.0,0.879250811287,0.940481771473,0.412479914238
157.483,84.2185,165.0,0.879250811287,0.940481771473,0.412479914238
158.912,85.6974,165.0,0.879250811287,0.940481771473,0.412479914238
160.713,86.6584,165.0,0.879250811287,0.940481771473,0.412479914238
162.344,87.5263,165.0,0.879250811287,0.940481771473,0.412479914238
163.133,89.2688,165.0,0.879250811287,0.940481771473,0.412479914238
164.748,90.6413,165.0,0.879250811287,0.940481771473,0.412479914238
165.733,91.8622,165.0,0.879250811287,0.940481771473,0.412479914238
167.23,93.2875,165.0,0.879250811287,0.940481771473,0.412479914238
168.253,95.0452,165.0,0.879250811287,0.940481771473,0.412479914238
169.667,96.5202,165.0,0.879250811287,0.940481771473,0.412479914238
170.62,98.3154,165.0,0.879250811287,0.940481771473,0.412479914238
172.238,99.675,165.0,0.879250811287,0.940481771473,0.412479914238
172.746,101.548,165.0,0.879250811287,0.940481771473,0.412479914238
174.133,103.135,165.0,0.879250811287,0.940481771473,0.412479914238
174.941,104.845,165.0,0.879250811287,0.940481771473,0.412479914238
174.906,106.909,165.0,0.879250811287,0.940481771473,0.412479914238
175.921,108.538,165.0,0.879250811287,0.940481771473,0.412479914238
176.481,110.355,165.0,0.879250811287,0.940481771473,0.412479914238
176.652,112.333,165.0,0.879250811287,0.940481771473,0.412479914238
177.484,114.038,165.0,0.879250811287,0.940481771473,0.412479914238
178.322,115.741,165.0,0.879250811287,0.940481771473,0.412479914238
178.492,117.781,165.0,0.879250811287,0.940481771473,0.412479914238
179.849,119.348,165.0,0.879250811287,0.940481771473,0.412479914238
180.063,121.308,165.0,0.879250811287,0.940481771473,0.412479914238
181.461,122.778,165.0,0.879250811287,0.940481771473,0.412479914238
182.276,124.491,165.0,0.879250811287,0.940481771473,0.412479914238
183.306,126.142,165.0,0.879250811287,0.940481771473,0.412479914238
184.419,127.848,165.0,0.879250811287,0.940481771473,0.412479914238
184.652,129.795,165.0,0.879250811287,0.940481771473,0.412479914238
184.653,131.845,165.0,0.879250811287,0.940481771473,0.412479914238
184.647,133.892,165.0,0.879250811287,0.940481771473,0.412479914238
184.595,135.918,165.0,0.879250811287,0.940481771473,0.412479914238
183.967,137.69,165.0,0.879250811287,0.940481771473,0.412479914238
182.764,139.207,165.0,0.879250811287,0.940481771473,0.412479914238
181.113,140.526,165.0,0.879250811287,0.940481771473,0.412479914238
179.144,141.703,165.0,0.879250811287,0.940481771473,0.412479914238
176.982,142.796,165.0,0.879250811287,0.940481771473,0.412479914238
