188.614,143.188,168.0,0.99349180428,0.916493951871,0.0229410295726
187.823,141.517,168.0,0.99349180428,0.916493951871,0.0229410295726
187.022,139.879,168.0,0.99349180428,0.916493951871,0.0229410295726
186.106,138.302,168.0,0.99349180428,0.916493951871,0.0229410295726
186.314,136.201,168.0,0.99349180428,0.916493951871,0.0229410295726
185.34,135.12,168.0,0.99349180428,0.916493951871,0.0229410295726
184.706,133.432,168.0,0.99349180428,0.916493951871,0.0229410295726
183.798,131.841,168.0,0.99349180428,0.916493951871,0.0229410295726
183.68,129.881,168.0,0.99349180428,0.916493951871,0.0229410295726
183.027,128.018,168.0,0.99349180428,0.916493951871,0.0229410295726
183.113,126.021,168.0,0.99349180428,0.916493951871,0.0229410295726
182.211,124.426,168.0,0.99349180428,0.916493951871,0.0229410295726
181.563,122.726,168.0,0.99349180428,0.916493951871,0.0229410295726
181.454,120.805,168.0,0.99349180428,0.916493951871,0.0229410295726
181.423,118.763,168.0,0.99349180428,0.916493951871,0.0229410295726
180.645,116.97,168.0,0.99349180428,0.916493951871,0.0229410295726
179.87,115.323,168.0,0.99349180428,0.916493951871,0.0229410295726
178.972,113.727,168.0,0.99349180428,0.916493951871,0.0229410295726
178.285,112.044,168.0,0.99349180428,0.916493951871,0.0229410295726
177.316,110.48,168.0,0.99349180428,0.916493951871,0.0229410295726
176.228,108.876,168.0,0.99349180428,0.916493951871,0.0229410295726
175.017,107.352,168.0,0.99349180428,0.916493951871,0.0229410295726
173.628,105.958,168.0,0.99349180428,0.916493951871,0.0229410295726
172.229,104.57,168.0,0.99349180428,0.916493951871,0.0229410295726
170.789,103.198,168.0,0.99349180428,0.916493951871,0.0229410295726
170.127,101.493,168.0,0.99349180428,0.916493951871,0.0229410295726
168.357,100.503,168.0,0.99349180428,0.916493951871,0.0229410295726
166.903,99.2254,168.0,0.99349180428,0.916493951871,0.0229410295726
165.508,97.8394,168.0,0.99349180428,0.916493951871,0.0229410295726
164.116,96.4479,168.0,0.99349180428,0.916493951871,0.0229410295726
162.723,95.0574,168.0,0.99349180428,0.916493951871,0.0229410295726
161.323,93.6722,168.0,0.99349180428,0.916493951871,0.0229410295726
160.231,92.0643,168.0,0.99349180428,0.916493951871,0.0229410295726
159.011,90.5497,168.0,0.99349180428,0.916493951871,0.0229410295726
157.623,89.1551,168.0,0.99349180428,0.916493951871,0.0229410295726
156.231,87.7636,168.0,0.99349180428,0.916493951871,0.0229410295726
154.841,86.3707,168.0,0.99349180428,0.916493951871,0.0229410295726
153.451,84.9757,168.0,0.99349180428,0.916493951871,0.0229410295726
151.859,83.8836,168.0,0.99349180428,0.916493951871,0.0229410295726
150.333,82.6553,168.0,0.99349180428,0.916493951871,0.0229410295726
148.7,81.8472,168.0,0.99349180428,0.916493951871,0.0229410295726
147.066,81.0407,168.0,0.99349180428,0.916493951871,0.0229410295726
145.432,80.2329,168.0,0.99349180428,0.916493951871,0.0229410295726
143.831,79.3371,168.0,0.99349180428,0.916493951871,0.0229410295726
142.168,78.271,168.0,0.99349180428,0.916493951871,0.0229410295726
140.686,77.0103,168.0,0.99349180428,0.916493951871,0.0229410295726
139.326,75.5426,168.0,0.99349180428,0.916493951871,0.0229410295726
137.675,74.8106,168.0,0.99349180428,0.916493951871,0.0229410295726
136.764,73.1982,168.0,0.99349180428,0.916493951871,0.0229410295726
135.428,71.7826,168.0,0.99349180428,0.916493951871,0.0229410295726
134.073,70.3753,168.0,0.99349180428,0.916493951871,0.0229410295726
132.673,68.9877,168.0,0.99349180428,0.916493951871,0.0229410295726
131.213,67.6243,168.0,0.99349180428,0.916493951871,0.0229410295726
130.467,65.9653,168.0,0.99349180428,0.916493951871,0.0229410295726
129.06,64.5808,168.0,0.99349180428,0.916493951871,0.0229410295726
127.645,63.2044,168.0,0.99349180428,0.916493951871,0.0229410295726
126.63,61.5418,168.0,0.99349180428,0.916493951871,0.0229410295726
125.379,60.0483,168.0,0.99349180428,0.916493951871,0.0229410295726
124.591,58.222,168.0,0.99349180428,0.916493951871,0.0229410295726
123.506,56.6099,168.0,0.99349180428,0.916493951871,0.0229410295726
122.119,55.2203,168.0,0.99349180428,0.916493951871,0.0229410295726
120.768,53.812,168.0,0.99349180428,0.916493951871,0.0229410295726
119.86,52.2177,168.0,0.99349180428,0.916493951871,0.0229410295726
118.697,50.6252,168.0,0.99349180428,0.916493951871,0.0229410295726
117.887,48.8123,168.0,0.99349180428,0.916493951871,0.0229410295726
116.557,47.3655,168.0,0.99349180428,0.916493951871,0.0229410295726
115.817,45.7028,168.0,0.99349180428,0.916493951871,0.0229410295726
114.994,44.0755,168.0,0.99349180428,0.916493951871,0.0229410295726
114.182,42.444,168.0,0.99349180428,0.916493951871,0.0229410295726
113.657,40.6935,168.0,0.99349180428,0.916493951871,0.0229410295726
112.759,39.0974,168.0,0.99349180428,0.916493951871,0.0229410295726
112.785,37.1188,168.0,0.99349180428,0.916493951871,0.0229410295726
111.991,35.4766,168.0,0.99349180428,0.916493951871,0.0229410295726
111.21,33.6878,168.0,0.99349180428,0.916493951871,0.0229410295726
110.341,32.0808,168.0,0.99349180428,0.916493951871,0.0229410295726
109.87,30.3348,168.0,0.99349180428,0.916493951871,0.0229410295726
108.871,29.1858,168.0,0.99349180428,0.916493951871,0.0229410295726
108.052,27.5949,168.0,0.99349180428,0.916493951871,0.0229410295726
106.682,26.1913,168.0,0.99349180428,0.916493951871,0.0229410295726
105.623,24.6302,168.0,0.99349180428,0.916493951871,0.0229410295726
103.918,24.3629,168.0,0.99349180428,0.916493951871,0.0229410295726
102.851,25.2551,168.0,0.99349180428,0.916493951871,0.0229410295726
101.024,25.6881,168.0,0.99349180428,0.916493951871,0.0229410295726
99.5112,26.7833,168.0,0.99349180428,0.916493951871,0.0229410295726
97.6945,27.4932,168.0,0.99349180428,0.916493951871,0.0229410295726
96.0861,28.3716,168.0,0.99349180428,0.916493951871,0.0229410295726
94.4419,29.1535,168.0,0.99349180428,0.916493951871,0.0229410295726
92.811,29.9672,168.0,0.99349180428,0.916493951871,0.0229410295726
91.4575,31.4601,168.0,0.99349180428,0.916493951871,0.0229410295726
89.5458,31.9149,168.0,0.99349180428,0.916493951871,0.0229410295726
88.8705,33.789,168.0,0.99349180428,0.916493951871,0.0229410295726
87.4845,35.1794,168.0,0.99349180428,0.916493951871,0.0229410295726
87.2509,37.0511,168.0,0.99349180428,0.916493951871,0.0229410295726
87.4046,38.9534,168.0,0.99349180428,0.916493951871,0.0229410295726
88.0392,40.6588,168.0,0.99349180428,0.916493951871,0.0229410295726
89.1856,42.1519,168.0,0.99349180428,0.916493951871,0.0229410295726
89.9028,43.8228,168.0,0.99349180428,0.916493951871,0.0229410295726
90.7229,45.4513,168.0,0.99349180428,0.916493951871,0.0229410295726
91.4718,47.1106,168.0,0.99349180428,0.916493951871,0.0229410295726
92.9345,48.4809,168.0,0.99349180428,0.916493951871,0.0229410295726
93.8572,50.2069,168.0,0.99349180428,0.916493951871,0.0229410295726
95.2455,51.5922,168.0,0.99349180428,0.916493951871,0.0229410295726
96.1264,53.1951,168.0,0.99349180428,0.916493951871,0.0229410295726
97.572,54.5644,168.0,0.99349180428,0.916493951871,0.0229410295726
98.3126,56.2267,168.0,0.99349180428,0.916493951871,0.0229410295726
99.5443,57.7363,168.0,0.99349180428,0.916493951871,0.0229410295726
100.641,59.3434,168.0,0.99349180428,0.916493951871,0.0229410295726
101.916,60.7977,168.0,0.99349180428,0.916493951871,0.0229410295726
102.921,62.5576,168.0,0.99349180428,0.916493951871,0.0229410295726
104.621,63.227,168.0,0.99349180428,0.916493951871,0.0229410295726
105.992,64.6638,168.0,0.99349180428,0.916493951871,0.0229410295726
107.367,66.0674,168.0,0.99349180428,0.916493951871,0.0229410295726
108.445,67.6715,168.0,0.99349180428,0.916493951871,0.0229410295726
109.775,69.0936,168.0,0.99349180428,0.916493951871,0.0229410295726
111.346,70.0506,168.0,0.99349180428,0.916493951871,0.0229410295726
112.745,71.4217,168.0,0.99349180428,0.916493951871,0.0229410295726
114.134,72.8163,168.0,0.99349180428,0.916493951871,0.0229410295726
115.493,74.2363,168.0,0.99349180428,0.916493951871,0.0229410295726
117.348,75.1589,168.0,0.99349180428,0.916493951871,0.0229410295726
118.019,76.7677,168.0,0.99349180428,0.916493951871,0.0229410295726
119.587,77.8677,168.0,0.99349180428,0.916493951871,0.0229410295726
121.056,79.0784,168.0,0.99349180428,0.916493951871,0.0229410295726
122.754,79.7208,168.0,0.99349180428,0.916493951871,0.0229410295726
124.329,80.9096,168.0,0.99349180428,0.916493951871,0.0229410295726
126.149,81.6989,168.0,0.99349180428,0.916493951871,0.0229410295726
127.535,83.1256,168.0,0.99349180428,0.916493951871,0.0229410295726
129.388,83.408,168.0,0.99349180428,0.916493951871,0.0229410295726
130.822,84.6964,168.0,0.99349180428,0.916493951871,0.0229410295726
132.311,85.8524,168.0,0.99349180428,0.916493951871,0.0229410295726
133.816,86.9609,168.0,0.99349180428,0.916493951871,0.0229410295726
135.396,88.0953,168.0,0.99349180428,0.916493951871,0.0229410295726
136.974,89.2758,168.0,0.99349180428,0.916493951871,0.0229410295726
138.596,90.3461,168.0,0.99349180428,0.916493951871,0.0229410295726
140.091,91.5956,168.0,0.99349180428,0.916493951871,0.0229410295726
141.49,92.9702,168.0,0.99349180428,0.916493951871,0.0229410295726
143.102,93.8252,168.0,0.99349180428,0.916493951871,0.0229410295726
143.936,95.4329,168.0,0.99349180428,0.916493951871,0.0229410295726
145.323,96.8106,168.0,0.99349180428,0.916493951871,0.0229410295726
146.276,98.538,168.0,0.99349180428,0.916493951871,0.0229410295726
147.63,99.9479,168.0,0.99349180428,0.916493951871,0.0229410295726
148.719,101.466,168.0,0.99349180428,0.916493951871,0.0229410295726
149.874,102.956,168.0,0.99349180428,0.916493951871,0.0229410295726
151.144,104.398,168.0,0.99349180428,0.916493951871,0.0229410295726
151.968,106.003,168.0,0.99349180428,0.916493951871,0.0229410295726
153.22,107.567,168.0,0.99349180428,0.916493951871,0.0229410295726
154.428,109.083,168.0,0.99349180428,0.916493951871,0.0229410295726
155.086,110.779,168.0,0.99349180428,0.916493951871,0.0229410295726
156.086,112.33,168.0,0.99349180428,0.916493951871,0.0229410295726
157.166,113.939,168.0,0.99349180428,0.916493951871,0.0229410295726
158.389,115.455,168.0,0.99349180428,0.916493951871,0.0229410295726
159.445,117.058,168.0,0.99349180428,0.916493951871,0.0229410295726
160.123,118.882,168.0,0.99349180428,0.916493951871,0.0229410295726
161.508,120.27,168.0,0.99349180428,0.916493951871,0.0229410295726
162.343,121.892,168.0,0.99349180428,0.916493951871,0.0229410295726
162.653,123.732,168.0,0.99349180428,0.916493951871,0.0229410295726
163.061,125.527,168.0,0.99349180428,0.916493951871,0.0229410295726
163.878,127.3,168.0,0.99349180428,0.916493951871,0.0229410295726
164.081,129.187,168.0,0.99349180428,0.916493951871,0.0229410295726
164.675,130.909,168.0,0.99349180428,0.916493951871,0.0229410295726
164.665,132.881,168.0,0.99349180428,0.916493951871,0.0229410295726
165.486,134.509,168.0,0.99349180428,0.916493951871,0.0229410295726
166.978,135.825,168.0,0.99349180428,0.916493951871,0.0229410295726
167.933,136.947,168.0,0.99349180428,0.916493951871,0.0229410295726
168.708,138.608,168.0,0.99349180428,0.916493951871,0.0229410295726
170.142,139.985,168.0,0.99349180428,0.916493951871,0.0229410295726
171.52,141.382,168.0,0.99349180428,0.916493951871,0.0229410295726
172.855,142.804,168.0,0.99349180428,0.916493951871,0.0229410295726
173.789,144.603,168.0,0.99349180428,0.916493951871,0.0229410295726
175.588,145.21,168.0,0.99349180428,0.916493951871,0.0229410295726
176.179,147.07,168.0,0.99349180428,0.916493951871,0.0229410295726
177.931,147.74,168.0,0.99349180428,0.916493951871,0.0229410295726
179.737,148.154,168.0,0.99349180428,0.916493951871,0.0229410295726
181.802,147.469,168.0,0.99349180428,0.916493951871,0.0229410295726
183.686,146.668,168.0,0.99349180428,0.916493951871,0.0229410295726
185.431,145.778,168.0,0.99349180428,0.916493951871,0.0229410295726
187.075,144.824,168.0,0.99349180428,0.916493951871,0.0229410295726
188.66,143.831,168.0,0.99349180428,0.916493951871,0.0229410295726
