101.077,56.0568,172.0,0.99349180428,0.916493951871,0.0229410295726
102.905,57.6985,172.0,0.99349180428,0.916493951871,0.0229410295726
104.789,58.7525,172.0,0.99349180428,0.916493951871,0.0229410295726
107.173,59.3577,172.0,0.99349180428,0.916493951871,0.0229410295726
108.615,60.3143,172.0,0.99349180428,0.916493951871,0.0229410295726
110.623,61.4905,172.0,0.99349180428,0.916493951871,0.0229410295726
111.947,63.4447,172.0,0.99349180428,0.916493951871,0.0229410295726
113.642,65.133,172.0,0.99349180428,0.916493951871,0.0229410295726
115.492,66.6886,172.0,0.99349180428,0.916493951871,0.0229410295726
117.538,67.8467,172.0,0.99349180428,0.916493951871,0.0229410295726
119.202,69.4101,172.0,0.99349180428,0.916493951871,0.0229410295726
120.643,70.9952,172.0,0.99349180428,0.916493951871,0.0229410295726
122.291,72.6907,172.0,0.99349180428,0.916493951871,0.0229410295726
123.449,74.6871,172.0,0.99349180428,0.916493951871,0.0229410295726
124.79,75.7438,172.0,0.99349180428,0.916493951871,0.0229410295726
126.227,77.6535,172.0,0.99349180428,0.916493951871,0.0229410295726
127.899,79.3424,172.0,0.99349180428,0.916493951871,0.0229410295726
129.08,81.3971,172.0,0.99349180428,0.916493951871,0.0229410295726
130.912,82.9262,172.0,0.99349180428,0.916493951871,0.0229410295726
132.512,84.5009,172.0,0.99349180428,0.916493951871,0.0229410295726
134.205,86.1328,172.0,0.99349180428,0.916493951871,0.0229410295726
135.732,87.7881,172.0,0.99349180428,0.916493951871,0.0229410295726
137.454,89.5114,172.0,0.99349180428,0.916493951871,0.0229410295726
139.119,91.2239,172.0,0.99349180428,0.916493951871,0.0229410295726
140.188,93.0399,172.0,0.99349180428,0.916493951871,0.0229410295726
142.109,94.3146,172.0,0.99349180428,0.916493951871,0.0229410295726
142.64,96.6702,172.0,0.99349180428,0.916493951871,0.0229410295726
144.788,97.1201,172.0,0.99349180428,0.916493951871,0.0229410295726
145.424,99.2705,172.0,0.99349180428,0.916493951871,0.0229410295726
147.144,100.679,172.0,0.99349180428,0.916493951871,0.0229410295726
148.122,102.83,172.0,0.99349180428,0.916493951871,0.0229410295726
149.826,104.501,172.0,0.99349180428,0.916493951871,0.0229410295726
151.452,106.221,172.0,0.99349180428,0.916493951871,0.0229410295726
152.705,108.091,172.0,0.99349180428,0.916493951871,0.0229410295726
154.638,109.447,172.0,0.99349180428,0.916493951871,0.0229410295726
155.892,111.374,172.0,0.99349180428,0.916493951871,0.0229410295726
157.926,112.604,172.0,0.99349180428,0.916493951871,0.0229410295726
158.467,114.914,172.0,0.99349180428,0.916493951871,0.0229410295726
160.647,116.081,172.0,0.99349180428,0.916493951871,0.0229410295726
161.094,118.275,172.0,0.99349180428,0.916493951871,0.0229410295726
162.613,120.096,172.0,0.99349180428,0.916493951871,0.0229410295726
163.936,122.02,172.0,0.99349180428,0.916493951871,0.0229410295726
163.928,124.429,172.0,0.99349180428,0.916493951871,0.0229410295726
165.388,126.348,172.0,0.99349180428,0.916493951871,0.0229410295726
166.464,128.288,172.0,0.99349180428,0.916493951871,0.0229410295726
167.442,130.375,172.0,0.99349180428,0.916493951871,0.0229410295726
168.255,132.567,172.0,0.99349180428,0.916493951871,0.0229410295726
169.97,134.244,172.0,0.99349180428,0.916493951871,0.0229410295726
171.666,135.932,172.0,0.99349180428,0.916493951871,0.0229410295726
173.355,137.627,172.0,0.99349180428,0.916493951871,0.0229410295726
175.042,139.328,172.0,0.99349180428,0.916493951871,0.0229410295726
177.252,140.073,172.0,0.99349180428,0.916493951871,0.0229410295726
179.455,140.544,172.0,0.99349180428,0.916493951871,0.0229410295726
181.59,140.522,172.0,0.99349180428,0.916493951871,0.0229410295726
182.992,138.748,172.0,0.99349180428,0.916493951871,0.0229410295726
183.974,137.213,172.0,0.99349180428,0.916493951871,0.0229410295726
184.644,135.028,172.0,0.99349180428,0.916493951871,0.0229410295726
184.559,132.662,172.0,0.99349180428,0.916493951871,0.0229410295726
183.874,130.43,172.0,0.99349180428,0.916493951871,0.0229410295726
183.183,128.323,172.0,0.99349180428,0.916493951871,0.0229410295726
183.019,125.979,172.0,0.99349180428,0.916493951871,0.0229410295726
181.857,123.869,172.0,0.99349180428,0.916493951871,0.0229410295726
180.659,121.769,172.0,0.99349180428,0.916493951871,0.0229410295726
180.158,119.586,172.0,0.99349180428,0.916493951871,0.0229410295726
179.019,117.667,172.0,0.99349180428,0.916493951871,0.0229410295726
177.591,115.765,172.0,0.99349180428,0.916493951871,0.0229410295726
176.538,113.623,172.0,0.99349180428,0.916493951871,0.0229410295726
175.064,111.848,172.0,0.99349180428,0.916493951871,0.0229410295726
173.544,110.23,172.0,0.99349180428,0.916493951871,0.0229410295726
171.868,108.712,172.0,0.99349180428,0.916493951871,0.0229410295726
170.4,107.06,172.0,0.99349180428,0.916493951871,0.0229410295726
168.661,105.579,172.0,0.99349180428,0.916493951871,0.0229410295726
167.427,103.895,172.0,0.99349180428,0.916493951871,0.0229410295726
165.455,102.413,172.0,0.99349180428,0.916493951871,0.0229410295726
164.795,100.451,172.0,0.99349180428,0.916493951871,0.0229410295726
162.353,99.5595,172.0,0.99349180428,0.916493951871,0.0229410295726
161.73,97.3507,172.0,0.99349180428,0.916493951871,0.0229410295726
159.815,96.2045,172.0,0.99349180428,0.916493951871,0.0229410295726
158.568,93.9173,172.0,0.99349180428,0.916493951871,0.0229410295726
156.684,92.9911,172.0,0.99349180428,0.916493951871,0.0229410295726
155.496,91.0964,172.0,0.99349180428,0.916493951871,0.0229410295726
153.644,89.8488,172.0,0.99349180428,0.916493951871,0.0229410295726
152.284,87.8602,172.0,0.99349180428,0.916493951871,0.0229410295726
150.189,87.4151,172.0,0.99349180428,0.916493951871,0.0229410295726
148.556,85.5982,172.0,0.99349180428,0.916493951871,0.0229410295726
146.388,85.0568,172.0,0.99349180428,0.916493951871,0.0229410295726
144.688,83.3897,172.0,0.99349180428,0.916493951871,0.0229410295726
142.706,82.1264,172.0,0.99349180428,0.916493951871,0.0229410295726
140.73,81.0536,172.0,0.99349180428,0.916493951871,0.0229410295726
139.041,79.3613,172.0,0.99349180428,0.916493951871,0.0229410295726
137.336,77.6778,172.0,0.99349180428,0.916493951871,0.0229410295726
136.088,75.6484,172.0,0.99349180428,0.916493951871,0.0229410295726
134.008,74.4699,172.0,0.99349180428,0.916493951871,0.0229410295726
133.018,72.4709,172.0,0.99349180428,0.916493951871,0.0229410295726
131.228,70.8196,172.0,0.99349180428,0.916493951871,0.0229410295726
130.721,68.5535,172.0,0.99349180428,0.916493951871,0.0229410295726
128.827,66.8531,172.0,0.99349180428,0.916493951871,0.0229410295726
127.763,64.9048,172.0,0.99349180428,0.916493951871,0.0229410295726
126.308,63.1325,172.0,0.99349180428,0.916493951871,0.0229410295726
125.494,61.0939,172.0,0.99349180428,0.916493951871,0.0229410295726
124.44,59.4722,172.0,0.99349180428,0.916493951871,0.0229410295726
123.973,57.2338,172.0,0.99349180428,0.916493951871,0.0229410295726
123.288,55.0032,172.0,0.99349180428,0.916493951871,0.0229410295726
123.299,52.5901,172.0,0.99349180428,0.916493951871,0.0229410295726
122.397,50.573,172.0,0.99349180428,0.916493951871,0.0229410295726
121.594,48.3731,172.0,0.99349180428,0.916493951871,0.0229410295726
121.053,46.2013,172.0,0.99349180428,0.916493951871,0.0229410295726
120.739,43.9145,172.0,0.99349180428,0.916493951871,0.0229410295726
119.227,42.034,172.0,0.99349180428,0.916493951871,0.0229410295726
119.195,39.6603,172.0,0.99349180428,0.916493951871,0.0229410295726
118.428,37.3936,172.0,0.99349180428,0.916493951871,0.0229410295726
118.472,34.9727,172.0,0.99349180428,0.916493951871,0.0229410295726
117.542,32.9671,172.0,0.99349180428,0.916493951871,0.0229410295726
117.241,30.6393,172.0,0.99349180428,0.916493951871,0.0229410295726
116.009,28.5414,172.0,0.99349180428,0.916493951871,0.0229410295726
114.93,26.5914,172.0,0.99349180428,0.916493951871,0.0229410295726
114.204,24.4693,172.0,0.99349180428,0.916493951871,0.0229410295726
112.6,22.728,172.0,0.99349180428,0.916493951871,0.0229410295726
111.129,21.7778,172.0,0.99349180428,0.916493951871,0.0229410295726
109.277,20.3233,172.0,0.99349180428,0.916493951871,0.0229410295726
106.963,20.1292,172.0,0.99349180428,0.916493951871,0.0229410295726
104.799,19.582,172.0,0.99349180428,0.916493951871,0.0229410295726
102.41,19.5887,172.0,0.99349180428,0.916493951871,0.0229410295726
100.323,20.3042,172.0,0.99349180428,0.916493951871,0.0229410295726
98.1055,21.0172,172.0,0.99349180428,0.916493951871,0.0229410295726
95.8137,21.531,172.0,0.99349180428,0.916493951871,0.0229410295726
94.0353,23.1436,172.0,0.99349180428,0.916493951871,0.0229410295726
92.1393,24.3475,172.0,0.99349180428,0.916493951871,0.0229410295726
90.319,25.366,172.0,0.99349180428,0.916493951871,0.0229410295726
89.5554,27.352,172.0,0.99349180428,0.916493951871,0.0229410295726
88.0217,28.9785,172.0,0.99349180428,0.916493951871,0.0229410295726
87.265,31.0943,172.0,0.99349180428,0.916493951871,0.0229410295726
86.4779,32.6676,172.0,0.99349180428,0.916493951871,0.0229410295726
86.454,35.0407,172.0,0.99349180428,0.916493951871,0.0229410295726
86.4335,37.4386,172.0,0.99349180428,0.916493951871,0.0229410295726
86.6823,39.7151,172.0,0.99349180428,0.916493951871,0.0229410295726
87.3243,41.8668,172.0,0.99349180428,0.916493951871,0.0229410295726
88.3142,43.9085,172.0,0.99349180428,0.916493951871,0.0229410295726
89.6056,45.8546,172.0,0.99349180428,0.916493951871,0.0229410295726
91.1521,47.72,172.0,0.99349180428,0.916493951871,0.0229410295726
92.9073,49.5193,172.0,0.99349180428,0.916493951871,0.0229410295726
94.8249,51.2672,172.0,0.99349180428,0.916493951871,0.0229410295726
96.8584,52.9784,172.0,0.99349180428,0.916493951871,0.0229410295726
98.9615,54.6675,172.0,0.99349180428,0.916493951871,0.0229410295726
