101.746,56.45,176.0,0.879250811287,0.940481771473,0.412479914238
103.56,58.3596,176.0,0.879250811287,0.940481771473,0.412479914238
105.038,60.5448,176.0,0.879250811287,0.940481771473,0.412479914238
106.936,62.3862,176.0,0.879250811287,0.940481771473,0.412479914238
108.783,64.2686,176.0,0.879250811287,0.940481771473,0.412479914238
110.563,66.2017,176.0,0.879250811287,0.940481771473,0.412479914238
112.192,68.1598,176.0,0.879250811287,0.940481771473,0.412479914238
114.016,69.9528,176.0,0.879250811287,0.940481771473,0.412479914238
115.989,71.6313,176.0,0.879250811287,0.940481771473,0.412479914238
117.206,73.8577,176.0,0.879250811287,0.940481771473,0.412479914238
119.118,75.4143,176.0,0.879250811287,0.940481771473,0.412479914238
120.426,77.6805,176.0,0.879250811287,0.940481771473,0.412479914238
122.39,79.4738,176.0,0.879250811287,0.940481771473,0.412479914238
123.804,81.726,176.0,0.879250811287,0.940481771473,0.412479914238
125.91,83.1572,176.0,0.879250811287,0.940481771473,0.412479914238
127.378,85.3364,176.0,0.879250811287,0.940481771473,0.412479914238
129.354,87.0874,176.0,0.879250811287,0.940481771473,0.412479914238
131.53,88.5766,176.0,0.879250811287,0.940481771473,0.412479914238
133.359,90.5025,176.0,0.879250811287,0.940481771473,0.412479914238
135.82,91.3966,176.0,0.879250811287,0.940481771473,0.412479914238
138.237,92.6377,176.0,0.879250811287,0.940481771473,0.412479914238
139.598,94.94,176.0,0.879250811287,0.940481771473,0.412479914238
141.72,96.3599,176.0,0.879250811287,0.940481771473,0.412479914238
143.706,98.08,176.0,0.879250811287,0.940481771473,0.412479914238
145.355,99.9613,176.0,0.879250811287,0.940481771473,0.412479914238
147.535,101.353,176.0,0.879250811287,0.940481771473,0.412479914238
149.346,103.292,176.0,0.879250811287,0.940481771473,0.412479914238
151.626,104.579,176.0,0.879250811287,0.940481771473,0.412479914238
153.436,106.527,176.0,0.879250811287,0.940481771473,0.412479914238
154.936,108.658,176.0,0.879250811287,0.940481771473,0.412479914238
156.707,110.595,176.0,0.879250811287,0.940481771473,0.412479914238
158.145,112.787,176.0,0.879250811287,0.940481771473,0.412479914238
160.358,114.152,176.0,0.879250811287,0.940481771473,0.412479914238
161.66,116.433,176.0,0.879250811287,0.940481771473,0.412479914238
163.716,118.206,176.0,0.879250811287,0.940481771473,0.412479914238
165.48,120.12,176.0,0.879250811287,0.940481771473,0.412479914238
165.802,122.709,176.0,0.879250811287,0.940481771473,0.412479914238
167.467,124.751,176.0,0.879250811287,0.940481771473,0.412479914238
168.544,127.189,176.0,0.879250811287,0.940481771473,0.412479914238
170.007,129.336,176.0,0.879250811287,0.940481771473,0.412479914238
171.055,131.574,176.0,0.879250811287,0.940481771473,0.412479914238
172.624,133.567,176.0,0.879250811287,0.940481771473,0.412479914238
173.53,135.831,176.0,0.879250811287,0.940481771473,0.412479914238
173.993,138.281,176.0,0.879250811287,0.940481771473,0.412479914238
175.028,140.498,176.0,0.879250811287,0.940481771473,0.412479914238
177.01,141.962,176.0,0.879250811287,0.940481771473,0.412479914238
178.024,144.317,176.0,0.879250811287,0.940481771473,0.412479914238
179.956,145.741,176.0,0.879250811287,0.940481771473,0.412479914238
181.461,147.323,176.0,0.879250811287,0.940481771473,0.412479914238
183.296,148.426,176.0,0.879250811287,0.940481771473,0.412479914238
185.169,150.343,176.0,0.879250811287,0.940481771473,0.412479914238
187.752,150.552,176.0,0.879250811287,0.940481771473,0.412479914238
189.616,148.683,176.0,0.879250811287,0.940481771473,0.412479914238
191.742,147.445,176.0,0.879250811287,0.940481771473,0.412479914238
193.346,145.338,176.0,0.879250811287,0.940481771473,0.412479914238
193.436,142.704,176.0,0.879250811287,0.940481771473,0.412479914238
193.403,140.079,176.0,0.879250811287,0.940481771473,0.412479914238
192.641,137.755,176.0,0.879250811287,0.940481771473,0.412479914238
191.164,135.605,176.0,0.879250811287,0.940481771473,0.412479914238
189.374,133.688,176.0,0.879250811287,0.940481771473,0.412479914238
187.862,131.558,176.0,0.879250811287,0.940481771473,0.412479914238
187.096,129.739,176.0,0.879250811287,0.940481771473,0.412479914238
185.419,128.2,176.0,0.879250811287,0.940481771473,0.412479914238
184.303,125.869,176.0,0.879250811287,0.940481771473,0.412479914238
182.066,124.734,176.0,0.879250811287,0.940481771473,0.412479914238
180.66,122.54,176.0,0.879250811287,0.940481771473,0.412479914238
179.327,120.451,176.0,0.879250811287,0.940481771473,0.412479914238
177.762,118.368,176.0,0.879250811287,0.940481771473,0.412479914238
175.987,116.414,176.0,0.879250811287,0.940481771473,0.412479914238
175.211,113.978,176.0,0.879250811287,0.940481771473,0.412479914238
174.253,111.568,176.0,0.879250811287,0.940481771473,0.412479914238
173.475,109.251,176.0,0.879250811287,0.940481771473,0.412479914238
171.849,107.285,176.0,0.879250811287,0.940481771473,0.412479914238
171.041,104.984,176.0,0.879250811287,0.940481771473,0.412479914238
168.768,103.632,176.0,0.879250811287,0.940481771473,0.412479914238
167.873,101.811,176.0,0.879250811287,0.940481771473,0.412479914238
165.999,99.9513,176.0,0.879250811287,0.940481771473,0.412479914238
163.9,98.3074,176.0,0.879250811287,0.940481771473,0.412479914238
163.09,96.194,176.0,0.879250811287,0.940481771473,0.412479914238
160.907,94.7374,176.0,0.879250811287,0.940481771473,0.412479914238
159.913,92.5414,176.0,0.879250811287,0.940481771473,0.412479914238
158.207,90.6359,176.0,0.879250811287,0.940481771473,0.412479914238
156.609,88.9146,176.0,0.879250811287,0.940481771473,0.412479914238
155.168,86.8426,176.0,0.879250811287,0.940481771473,0.412479914238
153.239,85.4722,176.0,0.879250811287,0.940481771473,0.412479914238
151.33,83.676,176.0,0.879250811287,0.940481771473,0.412479914238
149.263,82.0867,176.0,0.879250811287,0.940481771473,0.412479914238
146.872,80.9471,176.0,0.879250811287,0.940481771473,0.412479914238
144.733,79.4592,176.0,0.879250811287,0.940481771473,0.412479914238
142.279,78.4497,176.0,0.879250811287,0.940481771473,0.412479914238
140.046,77.204,176.0,0.879250811287,0.940481771473,0.412479914238
137.956,75.6288,176.0,0.879250811287,0.940481771473,0.412479914238
135.643,74.3847,176.0,0.879250811287,0.940481771473,0.412479914238
133.852,72.3657,176.0,0.879250811287,0.940481771473,0.412479914238
131.502,71.5785,176.0,0.879250811287,0.940481771473,0.412479914238
129.975,69.8055,176.0,0.879250811287,0.940481771473,0.412479914238
127.679,68.8313,176.0,0.879250811287,0.940481771473,0.412479914238
127.05,66.5179,176.0,0.879250811287,0.940481771473,0.412479914238
124.518,65.6239,176.0,0.879250811287,0.940481771473,0.412479914238
123.223,63.3329,176.0,0.879250811287,0.940481771473,0.412479914238
121.521,61.4349,176.0,0.879250811287,0.940481771473,0.412479914238
120.868,58.9291,176.0,0.879250811287,0.940481771473,0.412479914238
120.593,56.3309,176.0,0.879250811287,0.940481771473,0.412479914238
119.154,54.2077,176.0,0.879250811287,0.940481771473,0.412479914238
118.818,51.5641,176.0,0.879250811287,0.940481771473,0.412479914238
117.602,49.1961,176.0,0.879250811287,0.940481771473,0.412479914238
117.582,46.5611,176.0,0.879250811287,0.940481771473,0.412479914238
117.669,43.8993,176.0,0.879250811287,0.940481771473,0.412479914238
116.826,41.4503,176.0,0.879250811287,0.940481771473,0.412479914238
116.07,39.1258,176.0,0.879250811287,0.940481771473,0.412479914238
114.975,36.924,176.0,0.879250811287,0.940481771473,0.412479914238
114.218,34.4875,176.0,0.879250811287,0.940481771473,0.412479914238
112.039,33.1757,176.0,0.879250811287,0.940481771473,0.412479914238
111.209,30.7641,176.0,0.879250811287,0.940481771473,0.412479914238
108.973,29.3935,176.0,0.879250811287,0.940481771473,0.412479914238
107.625,27.1439,176.0,0.879250811287,0.940481771473,0.412479914238
105.618,26.1555,176.0,0.879250811287,0.940481771473,0.412479914238
103.828,24.3274,176.0,0.879250811287,0.940481771473,0.412479914238
101.544,23.4595,176.0,0.879250811287,0.940481771473,0.412479914238
99.1883,22.7755,176.0,0.879250811287,0.940481771473,0.412479914238
96.8417,23.5267,176.0,0.879250811287,0.940481771473,0.412479914238
95.2901,25.4174,176.0,0.879250811287,0.940481771473,0.412479914238
94.2587,27.4752,176.0,0.879250811287,0.940481771473,0.412479914238
92.4653,29.4518,176.0,0.879250811287,0.940481771473,0.412479914238
91.8127,31.8231,176.0,0.879250811287,0.940481771473,0.412479914238
91.1201,34.176,176.0,0.879250811287,0.940481771473,0.412479914238
89.5177,36.1564,176.0,0.879250811287,0.940481771473,0.412479914238
90.0802,38.9218,176.0,0.879250811287,0.940481771473,0.412479914238
90.9715,41.5247,176.0,0.879250811287,0.940481771473,0.412479914238
92.0947,43.9599,176.0,0.879250811287,0.940481771473,0.412479914238
93.4141,46.2532,176.0,0.879250811287,0.940481771473,0.412479914238
94.894,48.4303,176.0,0.879250811287,0.940481771473,0.412479914238
96.4988,50.5171,176.0,0.879250811287,0.940481771473,0.412479914238
98.1929,52.5395,176.0,0.879250811287,0.940481771473,0.412479914238
99.9404,54.5231,176.0,0.879250811287,0.940481771473,0.412479914238
