100.622,61.8794,177.0,0.99349180428,0.916493951871,0.0229410295726
103.264,62.7911,177.0,0.99349180428,0.916493951871,0.0229410295726
105.23,64.9191,177.0,0.99349180428,0.916493951871,0.0229410295726
107.971,65.0657,177.0,0.99349180428,0.916493951871,0.0229410295726
109.457,67.3866,177.0,0.99349180428,0.916493951871,0.0229410295726
111.836,68.8005,177.0,0.99349180428,0.916493951871,0.0229410295726
113.772,70.8279,177.0,0.99349180428,0.916493951871,0.0229410295726
116.118,72.3413,177.0,0.99349180428,0.916493951871,0.0229410295726
118.66,73.5945,177.0,0.99349180428,0.916493951871,0.0229410295726
120.758,75.4203,177.0,0.99349180428,0.916493951871,0.0229410295726
122.386,77.5247,177.0,0.99349180428,0.916493951871,0.0229410295726
124.587,79.2225,177.0,0.99349180428,0.916493951871,0.0229410295726
126.94,80.9032,177.0,0.99349180428,0.916493951871,0.0229410295726
127.903,83.1735,177.0,0.99349180428,0.916493951871,0.0229410295726
130.143,84.6444,177.0,0.99349180428,0.916493951871,0.0229410295726
132.022,86.7031,177.0,0.99349180428,0.916493951871,0.0229410295726
134.015,88.6537,177.0,0.99349180428,0.916493951871,0.0229410295726
136.234,90.3144,177.0,0.99349180428,0.916493951871,0.0229410295726
137.766,92.5401,177.0,0.99349180428,0.916493951871,0.0229410295726
140.129,93.9906,177.0,0.99349180428,0.916493951871,0.0229410295726
140.648,96.7546,177.0,0.99349180428,0.916493951871,0.0229410295726
142.726,98.3344,177.0,0.99349180428,0.916493951871,0.0229410295726
144.206,100.676,177.0,0.99349180428,0.916493951871,0.0229410295726
146.209,102.642,177.0,0.99349180428,0.916493951871,0.0229410295726
148.646,104.081,177.0,0.99349180428,0.916493951871,0.0229410295726
149.418,106.529,177.0,0.99349180428,0.916493951871,0.0229410295726
150.304,108.959,177.0,0.99349180428,0.916493951871,0.0229410295726
152.462,110.553,177.0,0.99349180428,0.916493951871,0.0229410295726
153.634,113.115,177.0,0.99349180428,0.916493951871,0.0229410295726
155.136,115.43,177.0,0.99349180428,0.916493951871,0.0229410295726
155.867,118.05,177.0,0.99349180428,0.916493951871,0.0229410295726
156.69,120.679,177.0,0.99349180428,0.916493951871,0.0229410295726
158.24,122.481,177.0,0.99349180428,0.916493951871,0.0229410295726
158.45,125.171,177.0,0.99349180428,0.916493951871,0.0229410295726
159.919,127.356,177.0,0.99349180428,0.916493951871,0.0229410295726
161.293,129.575,177.0,0.99349180428,0.916493951871,0.0229410295726
162.489,132.192,177.0,0.99349180428,0.916493951871,0.0229410295726
164.734,133.055,177.0,0.99349180428,0.916493951871,0.0229410295726
165.447,135.569,177.0,0.99349180428,0.916493951871,0.0229410295726
167.079,137.691,177.0,0.99349180428,0.916493951871,0.0229410295726
169.069,139.646,177.0,0.99349180428,0.916493951871,0.0229410295726
171.19,141.388,177.0,0.99349180428,0.916493951871,0.0229410295726
173.274,143.233,177.0,0.99349180428,0.916493951871,0.0229410295726
175.84,144.109,177.0,0.99349180428,0.916493951871,0.0229410295726
178.315,145.441,177.0,0.99349180428,0.916493951871,0.0229410295726
181.031,145.692,177.0,0.99349180428,0.916493951871,0.0229410295726
183.374,144.613,177.0,0.99349180428,0.916493951871,0.0229410295726
185.511,143.216,177.0,0.99349180428,0.916493951871,0.0229410295726
185.448,140.358,177.0,0.99349180428,0.916493951871,0.0229410295726
185.463,137.565,177.0,0.99349180428,0.916493951871,0.0229410295726
184.76,134.945,177.0,0.99349180428,0.916493951871,0.0229410295726
183.452,132.67,177.0,0.99349180428,0.916493951871,0.0229410295726
182.617,130.088,177.0,0.99349180428,0.916493951871,0.0229410295726
180.397,128.537,177.0,0.99349180428,0.916493951871,0.0229410295726
178.943,126.214,177.0,0.99349180428,0.916493951871,0.0229410295726
178.561,123.577,177.0,0.99349180428,0.916493951871,0.0229410295726
177.46,121.243,177.0,0.99349180428,0.916493951871,0.0229410295726
176.501,118.849,177.0,0.99349180428,0.916493951871,0.0229410295726
175.938,116.292,177.0,0.99349180428,0.916493951871,0.0229410295726
175.136,113.834,177.0,0.99349180428,0.916493951871,0.0229410295726
174.275,111.4,177.0,0.99349180428,0.916493951871,0.0229410295726
172.506,109.239,177.0,0.99349180428,0.916493951871,0.0229410295726
170.744,107.113,177.0,0.99349180428,0.916493951871,0.0229410295726
169.269,104.801,177.0,0.99349180428,0.916493951871,0.0229410295726
166.619,103.706,177.0,0.99349180428,0.916493951871,0.0229410295726
165.123,101.47,177.0,0.99349180428,0.916493951871,0.0229410295726
162.379,100.408,177.0,0.99349180428,0.916493951871,0.0229410295726
160.967,98.4299,177.0,0.99349180428,0.916493951871,0.0229410295726
159.174,96.3138,177.0,0.99349180428,0.916493951871,0.0229410295726
156.813,94.8813,177.0,0.99349180428,0.916493951871,0.0229410295726
154.912,92.8224,177.0,0.99349180428,0.916493951871,0.0229410295726
152.551,91.3857,177.0,0.99349180428,0.916493951871,0.0229410295726
150.65,89.4747,177.0,0.99349180428,0.916493951871,0.0229410295726
148.227,88.8841,177.0,0.99349180428,0.916493951871,0.0229410295726
146.714,86.4108,177.0,0.99349180428,0.916493951871,0.0229410295726
144.774,84.3287,177.0,0.99349180428,0.916493951871,0.0229410295726
143.792,81.7677,177.0,0.99349180428,0.916493951871,0.0229410295726
141.473,80.6834,177.0,0.99349180428,0.916493951871,0.0229410295726
140.479,78.257,177.0,0.99349180428,0.916493951871,0.0229410295726
138.401,76.3378,177.0,0.99349180428,0.916493951871,0.0229410295726
136.91,74.018,177.0,0.99349180428,0.916493951871,0.0229410295726
135.273,71.7542,177.0,0.99349180428,0.916493951871,0.0229410295726
134.367,69.1159,177.0,0.99349180428,0.916493951871,0.0229410295726
132.889,66.7891,177.0,0.99349180428,0.916493951871,0.0229410295726
131.149,64.7061,177.0,0.99349180428,0.916493951871,0.0229410295726
129.794,62.792,177.0,0.99349180428,0.916493951871,0.0229410295726
128.785,60.4442,177.0,0.99349180428,0.916493951871,0.0229410295726
126.864,58.4501,177.0,0.99349180428,0.916493951871,0.0229410295726
124.939,56.459,177.0,0.99349180428,0.916493951871,0.0229410295726
122.942,54.499,177.0,0.99349180428,0.916493951871,0.0229410295726
121.205,52.353,177.0,0.99349180428,0.916493951871,0.0229410295726
119.339,50.276,177.0,0.99349180428,0.916493951871,0.0229410295726
118.451,47.8133,177.0,0.99349180428,0.916493951871,0.0229410295726
116.209,46.319,177.0,0.99349180428,0.916493951871,0.0229410295726
115.478,43.8171,177.0,0.99349180428,0.916493951871,0.0229410295726
115.324,41.0897,177.0,0.99349180428,0.916493951871,0.0229410295726
113.718,38.9641,177.0,0.99349180428,0.916493951871,0.0229410295726
112.907,36.508,177.0,0.99349180428,0.916493951871,0.0229410295726
112.0,33.9525,177.0,0.99349180428,0.916493951871,0.0229410295726
110.629,31.7478,177.0,0.99349180428,0.916493951871,0.0229410295726
108.247,30.48,177.0,0.99349180428,0.916493951871,0.0229410295726
106.588,28.9473,177.0,0.99349180428,0.916493951871,0.0229410295726
104.683,26.8512,177.0,0.99349180428,0.916493951871,0.0229410295726
102.447,26.0794,177.0,0.99349180428,0.916493951871,0.0229410295726
99.7761,25.9065,177.0,0.99349180428,0.916493951871,0.0229410295726
97.4806,24.3169,177.0,0.99349180428,0.916493951871,0.0229410295726
95.8768,26.0248,177.0,0.99349180428,0.916493951871,0.0229410295726
94.5365,28.1047,177.0,0.99349180428,0.916493951871,0.0229410295726
92.8125,29.1755,177.0,0.99349180428,0.916493951871,0.0229410295726
91.9985,31.1305,177.0,0.99349180428,0.916493951871,0.0229410295726
90.0584,33.0756,177.0,0.99349180428,0.916493951871,0.0229410295726
88.1723,34.8534,177.0,0.99349180428,0.916493951871,0.0229410295726
87.114,36.9212,177.0,0.99349180428,0.916493951871,0.0229410295726
86.7963,39.2486,177.0,0.99349180428,0.916493951871,0.0229410295726
87.1321,41.805,177.0,0.99349180428,0.916493951871,0.0229410295726
88.0343,44.5599,177.0,0.99349180428,0.916493951871,0.0229410295726
89.4157,47.4828,177.0,0.99349180428,0.916493951871,0.0229410295726
91.1892,50.5431,177.0,0.99349180428,0.916493951871,0.0229410295726
93.2677,53.7102,177.0,0.99349180428,0.916493951871,0.0229410295726
95.564,56.9538,177.0,0.99349180428,0.916493951871,0.0229410295726
97.991,60.2431,177.0,0.99349180428,0.916493951871,0.0229410295726
