182.248,154.386,179.0,0.879250811287,0.940481771473,0.412479914238
181.435,152.219,179.0,0.879250811287,0.940481771473,0.412479914238
180.842,149.96,179.0,0.879250811287,0.940481771473,0.412479914238
180.246,147.703,179.0,0.879250811287,0.940481771473,0.412479914238
179.677,145.434,179.0,0.879250811287,0.940481771473,0.412479914238
177.764,143.722,179.0,0.879250811287,0.940481771473,0.412479914238
177.261,141.425,179.0,0.879250811287,0.940481771473,0.412479914238
175.368,139.699,179.0,0.879250811287,0.940481771473,0.412479914238
175.098,137.224,179.0,0.879250811287,0.940481771473,0.412479914238
173.89,135.354,179.0,0.879250811287,0.940481771473,0.412479914238
172.672,133.552,179.0,0.879250811287,0.940481771473,0.412479914238
171.0,132.112,179.0,0.879250811287,0.940481771473,0.412479914238
168.884,131.001,179.0,0.879250811287,0.940481771473,0.412479914238
167.677,129.3,179.0,0.879250811287,0.940481771473,0.412479914238
165.769,127.867,179.0,0.879250811287,0.940481771473,0.412479914238
164.689,125.746,179.0,0.879250811287,0.940481771473,0.412479914238
163.046,123.931,179.0,0.879250811287,0.940481771473,0.412479914238
162.753,121.762,179.0,0.879250811287,0.940481771473,0.412479914238
161.099,120.078,179.0,0.879250811287,0.940481771473,0.412479914238
159.515,118.197,179.0,0.879250811287,0.940481771473,0.412479914238
157.784,116.392,179.0,0.879250811287,0.940481771473,0.412479914238
155.86,115.038,179.0,0.879250811287,0.940481771473,0.412479914238
154.993,112.878,179.0,0.879250811287,0.940481771473,0.412479914238
152.934,111.523,179.0,0.879250811287,0.940481771473,0.412479914238
151.126,109.801,179.0,0.879250811287,0.940481771473,0.412479914238
149.176,108.399,179.0,0.879250811287,0.940481771473,0.412479914238
147.739,106.337,179.0,0.879250811287,0.940481771473,0.412479914238
146.347,104.912,179.0,0.879250811287,0.940481771473,0.412479914238
144.747,103.282,179.0,0.879250811287,0.940481771473,0.412479914238
143.972,101.186,179.0,0.879250811287,0.940481771473,0.412479914238
142.076,99.6966,179.0,0.879250811287,0.940481771473,0.412479914238
140.741,97.8407,179.0,0.879250811287,0.940481771473,0.412479914238
139.244,96.2153,179.0,0.879250811287,0.940481771473,0.412479914238
137.227,95.044,179.0,0.879250811287,0.940481771473,0.412479914238
135.429,93.3229,179.0,0.879250811287,0.940481771473,0.412479914238
133.606,91.5734,179.0,0.879250811287,0.940481771473,0.412479914238
132.195,89.9461,179.0,0.879250811287,0.940481771473,0.412479914238
130.355,88.233,179.0,0.879250811287,0.940481771473,0.412479914238
128.19,87.4281,179.0,0.879250811287,0.940481771473,0.412479914238
125.796,86.6712,179.0,0.879250811287,0.940481771473,0.412479914238
123.912,84.9665,179.0,0.879250811287,0.940481771473,0.412479914238
121.691,84.2776,179.0,0.879250811287,0.940481771473,0.412479914238
119.865,82.6308,179.0,0.879250811287,0.940481771473,0.412479914238
117.934,81.7165,179.0,0.879250811287,0.940481771473,0.412479914238
115.836,81.037,179.0,0.879250811287,0.940481771473,0.412479914238
113.593,79.901,179.0,0.879250811287,0.940481771473,0.412479914238
111.71,78.1953,179.0,0.879250811287,0.940481771473,0.412479914238
109.356,77.8083,179.0,0.879250811287,0.940481771473,0.412479914238
108.022,75.7476,179.0,0.879250811287,0.940481771473,0.412479914238
106.892,73.7443,179.0,0.879250811287,0.940481771473,0.412479914238
105.797,71.6864,179.0,0.879250811287,0.940481771473,0.412479914238
105.194,69.4317,179.0,0.879250811287,0.940481771473,0.412479914238
104.88,67.0575,179.0,0.879250811287,0.940481771473,0.412479914238
104.84,64.5695,179.0,0.879250811287,0.940481771473,0.412479914238
104.933,62.0267,179.0,0.879250811287,0.940481771473,0.412479914238
103.975,59.9192,179.0,0.879250811287,0.940481771473,0.412479914238
103.672,57.5404,179.0,0.879250811287,0.940481771473,0.412479914238
103.124,55.2628,179.0,0.879250811287,0.940481771473,0.412479914238
101.225,53.5501,179.0,0.879250811287,0.940481771473,0.412479914238
99.3325,51.9622,179.0,0.879250811287,0.940481771473,0.412479914238
97.3727,50.4558,179.0,0.879250811287,0.940481771473,0.412479914238
95.6367,48.6333,179.0,0.879250811287,0.940481771473,0.412479914238
93.4672,47.4111,179.0,0.879250811287,0.940481771473,0.412479914238
92.1878,45.2601,179.0,0.879250811287,0.940481771473,0.412479914238
89.7309,44.4865,179.0,0.879250811287,0.940481771473,0.412479914238
89.0473,42.1749,179.0,0.879250811287,0.940481771473,0.412479914238
87.2737,40.389,179.0,0.879250811287,0.940481771473,0.412479914238
87.2074,37.9386,179.0,0.879250811287,0.940481771473,0.412479914238
86.4171,36.2039,179.0,0.879250811287,0.940481771473,0.412479914238
85.6612,33.8059,179.0,0.879250811287,0.940481771473,0.412479914238
84.8907,31.6262,179.0,0.879250811287,0.940481771473,0.412479914238
84.8621,29.1389,179.0,0.879250811287,0.940481771473,0.412479914238
85.6937,26.8349,179.0,0.879250811287,0.940481771473,0.412479914238
86.3498,24.4695,179.0,0.879250811287,0.940481771473,0.412479914238
87.2119,22.3169,179.0,0.879250811287,0.940481771473,0.412479914238
88.8193,20.4769,179.0,0.879250811287,0.940481771473,0.412479914238
90.063,18.4979,179.0,0.879250811287,0.940481771473,0.412479914238
92.4652,18.0634,179.0,0.879250811287,0.940481771473,0.412479914238
94.2945,16.4399,179.0,0.879250811287,0.940481771473,0.412479914238
96.5469,15.8268,179.0,0.879250811287,0.940481771473,0.412479914238
99.0042,15.5151,179.0,0.879250811287,0.940481771473,0.412479914238
101.285,16.2835,179.0,0.879250811287,0.940481771473,0.412479914238
103.657,16.6349,179.0,0.879250811287,0.940481771473,0.412479914238
105.484,18.4235,179.0,0.879250811287,0.940481771473,0.412479914238
107.796,19.426,179.0,0.879250811287,0.940481771473,0.412479914238
109.591,21.1645,179.0,0.879250811287,0.940481771473,0.412479914238
111.361,22.9368,179.0,0.879250811287,0.940481771473,0.412479914238
113.149,24.6749,179.0,0.879250811287,0.940481771473,0.412479914238
114.4,26.8276,179.0,0.879250811287,0.940481771473,0.412479914238
115.026,29.1263,179.0,0.879250811287,0.940481771473,0.412479914238
115.976,30.7174,179.0,0.879250811287,0.940481771473,0.412479914238
117.5,32.7013,179.0,0.879250811287,0.940481771473,0.412479914238
117.676,35.1752,179.0,0.879250811287,0.940481771473,0.412479914238
119.25,37.1957,179.0,0.879250811287,0.940481771473,0.412479914238
120.822,39.0396,179.0,0.879250811287,0.940481771473,0.412479914238
121.253,41.4587,179.0,0.879250811287,0.940481771473,0.412479914238
122.404,43.688,179.0,0.879250811287,0.940481771473,0.412479914238
122.369,46.2003,179.0,0.879250811287,0.940481771473,0.412479914238
122.374,48.7024,179.0,0.879250811287,0.940481771473,0.412479914238
122.405,51.209,179.0,0.879250811287,0.940481771473,0.412479914238
121.788,53.6518,179.0,0.879250811287,0.940481771473,0.412479914238
121.596,56.1079,179.0,0.879250811287,0.940481771473,0.412479914238
122.466,58.2548,179.0,0.879250811287,0.940481771473,0.412479914238
123.29,60.4219,179.0,0.879250811287,0.940481771473,0.412479914238
123.972,62.6378,179.0,0.879250811287,0.940481771473,0.412479914238
125.097,64.8774,179.0,0.879250811287,0.940481771473,0.412479914238
126.199,67.1159,179.0,0.879250811287,0.940481771473,0.412479914238
127.168,69.4722,179.0,0.879250811287,0.940481771473,0.412479914238
128.71,71.4005,179.0,0.879250811287,0.940481771473,0.412479914238
130.058,73.4018,179.0,0.879250811287,0.940481771473,0.412479914238
132.061,74.8597,179.0,0.879250811287,0.940481771473,0.412479914238
133.536,76.8947,179.0,0.879250811287,0.940481771473,0.412479914238
134.475,78.9897,179.0,0.879250811287,0.940481771473,0.412479914238
136.295,80.7886,179.0,0.879250811287,0.940481771473,0.412479914238
137.58,82.8887,179.0,0.879250811287,0.940481771473,0.412479914238
139.135,84.7942,179.0,0.879250811287,0.940481771473,0.412479914238
140.371,86.2322,179.0,0.879250811287,0.940481771473,0.412479914238
142.621,86.8131,179.0,0.879250811287,0.940481771473,0.412479914238
144.502,88.3101,179.0,0.879250811287,0.940481771473,0.412479914238
146.837,88.898,179.0,0.879250811287,0.940481771473,0.412479914238
148.924,90.3846,179.0,0.879250811287,0.940481771473,0.412479914238
151.177,91.472,179.0,0.879250811287,0.940481771473,0.412479914238
153.536,92.1747,179.0,0.879250811287,0.940481771473,0.412479914238
155.449,93.5759,179.0,0.879250811287,0.940481771473,0.412479914238
157.515,94.6379,179.0,0.879250811287,0.940481771473,0.412479914238
159.346,96.2786,179.0,0.879250811287,0.940481771473,0.412479914238
161.324,97.0865,179.0,0.879250811287,0.940481771473,0.412479914238
162.384,99.4292,179.0,0.879250811287,0.940481771473,0.412479914238
163.867,100.916,179.0,0.879250811287,0.940481771473,0.412479914238
165.468,102.415,179.0,0.879250811287,0.940481771473,0.412479914238
166.416,104.533,179.0,0.879250811287,0.940481771473,0.412479914238
167.926,106.409,179.0,0.879250811287,0.940481771473,0.412479914238
169.071,108.425,179.0,0.879250811287,0.940481771473,0.412479914238
170.341,109.908,179.0,0.879250811287,0.940481771473,0.412479914238
171.604,111.981,179.0,0.879250811287,0.940481771473,0.412479914238
172.135,114.351,179.0,0.879250811287,0.940481771473,0.412479914238
174.197,116.014,179.0,0.879250811287,0.940481771473,0.412479914238
174.808,118.469,179.0,0.879250811287,0.940481771473,0.412479914238
176.682,119.171,179.0,0.879250811287,0.940481771473,0.412479914238
177.932,121.243,179.0,0.879250811287,0.940481771473,0.412479914238
179.928,122.689,179.0,0.879250811287,0.940481771473,0.412479914238
181.335,124.661,179.0,0.879250811287,0.940481771473,0.412479914238
183.259,126.205,179.0,0.879250811287,0.940481771473,0.412479914238
185.142,127.689,179.0,0.879250811287,0.940481771473,0.412479914238
186.298,129.347,179.0,0.879250811287,0.940481771473,0.412479914238
187.932,131.208,179.0,0.879250811287,0.940481771473,0.412479914238
190.298,131.497,179.0,0.879250811287,0.940481771473,0.412479914238
191.097,133.575,179.0,0.879250811287,0.940481771473,0.412479914238
193.474,134.593,179.0,0.879250811287,0.940481771473,0.412479914238
194.999,136.763,179.0,0.879250811287,0.940481771473,0.412479914238
196.682,137.772,179.0,0.879250811287,0.940481771473,0.412479914238
197.437,139.512,179.0,0.879250811287,0.940481771473,0.412479914238
197.259,141.687,179.0,0.879250811287,0.940481771473,0.412479914238
196.513,143.743,179.0,0.879250811287,0.940481771473,0.412479914238
195.275,145.696,179.0,0.879250811287,0.940481771473,0.412479914238
193.621,147.562,179.0,0.879250811287,0.940481771473,0.412479914238
191.626,149.357,179.0,0.879250811287,0.940481771473,0.412479914238
189.366,151.096,179.0,0.879250811287,0.940481771473,0.412479914238
186.917,152.795,179.0,0.879250811287,0.940481771473,0.412479914238
184.355,154.47,179.0,0.879250811287,0.940481771473,0.412479914238
