130.203,81.0032,182.0,0.879250811287,0.940481771473,0.412479914238
131.816,81.6794,182.0,0.879250811287,0.940481771473,0.412479914238
133.458,82.6211,182.0,0.879250811287,0.940481771473,0.412479914238
135.161,83.458,182.0,0.879250811287,0.940481771473,0.412479914238
136.503,84.7978,182.0,0.879250811287,0.940481771473,0.412479914238
137.886,86.0792,182.0,0.879250811287,0.940481771473,0.412479914238
139.643,86.8472,182.0,0.879250811287,0.940481771473,0.412479914238
141.214,87.8561,182.0,0.879250811287,0.940481771473,0.412479914238
142.602,89.067,182.0,0.879250811287,0.940481771473,0.412479914238
144.376,89.606,182.0,0.879250811287,0.940481771473,0.412479914238
146.081,90.4881,182.0,0.879250811287,0.940481771473,0.412479914238
147.421,91.858,182.0,0.879250811287,0.940481771473,0.412479914238
149.042,92.5257,182.0,0.879250811287,0.940481771473,0.412479914238
150.623,93.2861,182.0,0.879250811287,0.940481771473,0.412479914238
152.215,94.0092,182.0,0.879250811287,0.940481771473,0.412479914238
153.751,95.1237,182.0,0.879250811287,0.940481771473,0.412479914238
155.223,96.2594,182.0,0.879250811287,0.940481771473,0.412479914238
157.038,96.4567,182.0,0.879250811287,0.940481771473,0.412479914238
158.347,97.8748,182.0,0.879250811287,0.940481771473,0.412479914238
159.932,98.6277,182.0,0.879250811287,0.940481771473,0.412479914238
161.259,100.002,182.0,0.879250811287,0.940481771473,0.412479914238
162.612,101.316,182.0,0.879250811287,0.940481771473,0.412479914238
163.949,102.666,182.0,0.879250811287,0.940481771473,0.412479914238
165.29,104.007,182.0,0.879250811287,0.940481771473,0.412479914238
166.636,105.346,182.0,0.879250811287,0.940481771473,0.412479914238
167.99,106.682,182.0,0.879250811287,0.940481771473,0.412479914238
168.705,108.282,182.0,0.879250811287,0.940481771473,0.412479914238
170.331,109.503,182.0,0.879250811287,0.940481771473,0.412479914238
171.032,111.115,182.0,0.879250811287,0.940481771473,0.412479914238
171.829,112.729,182.0,0.879250811287,0.940481771473,0.412479914238
172.67,113.754,182.0,0.879250811287,0.940481771473,0.412479914238
173.461,115.326,182.0,0.879250811287,0.940481771473,0.412479914238
174.271,116.885,182.0,0.879250811287,0.940481771473,0.412479914238
175.072,118.595,182.0,0.879250811287,0.940481771473,0.412479914238
175.861,120.161,182.0,0.879250811287,0.940481771473,0.412479914238
174.772,120.955,182.0,0.879250811287,0.940481771473,0.412479914238
172.889,120.974,182.0,0.879250811287,0.940481771473,0.412479914238
170.993,120.975,182.0,0.879250811287,0.940481771473,0.412479914238
169.077,121.022,182.0,0.879250811287,0.940481771473,0.412479914238
167.558,120.114,182.0,0.879250811287,0.940481771473,0.412479914238
165.835,119.68,182.0,0.879250811287,0.940481771473,0.412479914238
164.134,119.056,182.0,0.879250811287,0.940481771473,0.412479914238
163.713,117.277,182.0,0.879250811287,0.940481771473,0.412479914238
162.072,116.046,182.0,0.879250811287,0.940481771473,0.412479914238
161.426,114.418,182.0,0.879250811287,0.940481771473,0.412479914238
160.026,113.101,182.0,0.879250811287,0.940481771473,0.412479914238
159.119,111.581,182.0,0.879250811287,0.940481771473,0.412479914238
157.875,110.199,182.0,0.879250811287,0.940481771473,0.412479914238
156.556,108.849,182.0,0.879250811287,0.940481771473,0.412479914238
155.217,107.507,182.0,0.879250811287,0.940481771473,0.412479914238
153.876,106.166,182.0,0.879250811287,0.940481771473,0.412479914238
152.537,104.822,182.0,0.879250811287,0.940481771473,0.412479914238
151.186,103.498,182.0,0.879250811287,0.940481771473,0.412479914238
149.607,102.652,182.0,0.879250811287,0.940481771473,0.412479914238
148.882,101.115,182.0,0.879250811287,0.940481771473,0.412479914238
147.335,99.7913,182.0,0.879250811287,0.940481771473,0.412479914238
145.575,99.4357,182.0,0.879250811287,0.940481771473,0.412479914238
144.013,98.6277,182.0,0.879250811287,0.940481771473,0.412479914238
142.691,97.242,182.0,0.879250811287,0.940481771473,0.412479914238
140.871,97.0569,182.0,0.879250811287,0.940481771473,0.412479914238
139.519,95.7616,182.0,0.879250811287,0.940481771473,0.412479914238
137.939,94.6896,182.0,0.879250811287,0.940481771473,0.412479914238
136.216,94.2189,182.0,0.879250811287,0.940481771473,0.412479914238
134.81,93.0306,182.0,0.879250811287,0.940481771473,0.412479914238
133.339,92.0033,182.0,0.879250811287,0.940481771473,0.412479914238
132.004,90.6487,182.0,0.879250811287,0.940481771473,0.412479914238
130.425,89.9012,182.0,0.879250811287,0.940481771473,0.412479914238
129.597,88.3162,182.0,0.879250811287,0.940481771473,0.412479914238
127.795,88.1679,182.0,0.879250811287,0.940481771473,0.412479914238
127.171,86.4886,182.0,0.879250811287,0.940481771473,0.412479914238
126.863,84.7159,182.0,0.879250811287,0.940481771473,0.412479914238
126.378,82.9911,182.0,0.879250811287,0.940481771473,0.412479914238
126.653,81.3318,182.0,0.879250811287,0.940481771473,0.412479914238
128.405,80.5137,182.0,0.879250811287,0.940481771473,0.412479914238
