251.738,77.0884,36.0,0.879250811287,0.940481771473,0.412479914238
250.19,75.54,36.0,0.879250811287,0.940481771473,0.412479914238
248.642,73.9907,36.0,0.879250811287,0.940481771473,0.412479914238
247.092,72.4444,36.0,0.879250811287,0.940481771473,0.412479914238
245.536,70.9146,36.0,0.879250811287,0.940481771473,0.412479914238
243.777,69.8756,36.0,0.879250811287,0.940481771473,0.412479914238
241.514,69.8136,36.0,0.879250811287,0.940481771473,0.412479914238
240.862,71.7374,36.0,0.879250811287,0.940481771473,0.412479914238
240.534,73.8191,36.0,0.879250811287,0.940481771473,0.412479914238
240.538,76.0099,36.0,0.879250811287,0.940481771473,0.412479914238
240.572,78.1857,36.0,0.879250811287,0.940481771473,0.412479914238
241.233,80.1031,36.0,0.879250811287,0.940481771473,0.412479914238
241.742,82.1772,36.0,0.879250811287,0.940481771473,0.412479914238
243.271,83.7639,36.0,0.879250811287,0.940481771473,0.412479914238
244.908,85.0992,36.0,0.879250811287,0.940481771473,0.412479914238
246.839,85.7225,36.0,0.879250811287,0.940481771473,0.412479914238
248.656,86.6231,36.0,0.879250811287,0.940481771473,0.412479914238
250.456,87.5711,36.0,0.879250811287,0.940481771473,0.412479914238
252.702,87.4625,36.0,0.879250811287,0.940481771473,0.412479914238
254.383,86.2293,36.0,0.879250811287,0.940481771473,0.412479914238
256.198,85.3362,36.0,0.879250811287,0.940481771473,0.412479914238
258.002,85.0313,36.0,0.879250811287,0.940481771473,0.412479914238
258.04,84.0107,36.0,0.879250811287,0.940481771473,0.412479914238
256.472,81.9625,36.0,0.879250811287,0.940481771473,0.412479914238
253.939,79.2978,36.0,0.879250811287,0.940481771473,0.412479914238
