245.087,67.7521,39.0,0.879250811287,0.940481771473,0.412479914238
242.958,69.0478,39.0,0.879250811287,0.940481771473,0.412479914238
242.172,71.3178,39.0,0.879250811287,0.940481771473,0.412479914238
241.371,73.4285,39.0,0.879250811287,0.940481771473,0.412479914238
240.49,75.6661,39.0,0.879250811287,0.940481771473,0.412479914238
240.549,78.1298,39.0,0.879250811287,0.940481771473,0.412479914238
240.567,80.5605,39.0,0.879250811287,0.940481771473,0.412479914238
240.479,83.0367,39.0,0.879250811287,0.940481771473,0.412479914238
241.44,85.2616,39.0,0.879250811287,0.940481771473,0.412479914238
242.752,87.2894,39.0,0.879250811287,0.940481771473,0.412479914238
244.187,89.252,39.0,0.879250811287,0.940481771473,0.412479914238
246.091,90.6229,39.0,0.879250811287,0.940481771473,0.412479914238
248.275,91.7224,39.0,0.879250811287,0.940481771473,0.412479914238
250.512,92.7534,39.0,0.879250811287,0.940481771473,0.412479914238
252.983,92.9757,39.0,0.879250811287,0.940481771473,0.412479914238
255.088,93.8344,39.0,0.879250811287,0.940481771473,0.412479914238
256.964,92.5176,39.0,0.879250811287,0.940481771473,0.412479914238
258.098,90.5544,39.0,0.879250811287,0.940481771473,0.412479914238
257.88,88.016,39.0,0.879250811287,0.940481771473,0.412479914238
258.915,85.9966,39.0,0.879250811287,0.940481771473,0.412479914238
258.899,83.5418,39.0,0.879250811287,0.940481771473,0.412479914238
258.898,81.0942,39.0,0.879250811287,0.940481771473,0.412479914238
258.137,78.8259,39.0,0.879250811287,0.940481771473,0.412479914238
257.391,76.56,39.0,0.879250811287,0.940481771473,0.412479914238
256.883,74.3022,39.0,0.879250811287,0.940481771473,0.412479914238
255.73,72.3296,39.0,0.879250811287,0.940481771473,0.412479914238
254.857,70.244,39.0,0.879250811287,0.940481771473,0.412479914238
254.54,68.0388,39.0,0.879250811287,0.940481771473,0.412479914238
252.868,66.8796,39.0,0.879250811287,0.940481771473,0.412479914238
250.236,66.493,39.0,0.879250811287,0.940481771473,0.412479914238
247.027,66.5698,39.0,0.879250811287,0.940481771473,0.412479914238
