252.103,67.7678,48.0,0.879250811287,0.940481771473,0.412479914238
249.134,66.4786,48.0,0.879250811287,0.940481771473,0.412479914238
246.36,64.4092,48.0,0.879250811287,0.940481771473,0.412479914238
242.93,63.8935,48.0,0.879250811287,0.940481771473,0.412479914238
239.516,63.5066,48.0,0.879250811287,0.940481771473,0.412479914238
236.017,63.4922,48.0,0.879250811287,0.940481771473,0.412479914238
232.515,63.4932,48.0,0.879250811287,0.940481771473,0.412479914238
228.888,63.2086,48.0,0.879250811287,0.940481771473,0.412479914238
225.997,64.8539,48.0,0.879250811287,0.940481771473,0.412479914238
223.02,66.6309,48.0,0.879250811287,0.940481771473,0.412479914238
220.193,68.6218,48.0,0.879250811287,0.940481771473,0.412479914238
217.871,71.2393,48.0,0.879250811287,0.940481771473,0.412479914238
216.081,74.1223,48.0,0.879250811287,0.940481771473,0.412479914238
213.888,76.6499,48.0,0.879250811287,0.940481771473,0.412479914238
212.594,79.6036,48.0,0.879250811287,0.940481771473,0.412479914238
213.115,82.9795,48.0,0.879250811287,0.940481771473,0.412479914238
214.649,86.1661,48.0,0.879250811287,0.940481771473,0.412479914238
217.04,88.6995,48.0,0.879250811287,0.940481771473,0.412479914238
219.627,91.0244,48.0,0.879250811287,0.940481771473,0.412479914238
222.793,92.5447,48.0,0.879250811287,0.940481771473,0.412479914238
225.949,94.0764,48.0,0.879250811287,0.940481771473,0.412479914238
229.405,94.5962,48.0,0.879250811287,0.940481771473,0.412479914238
232.767,95.4526,48.0,0.879250811287,0.940481771473,0.412479914238
236.209,95.8276,48.0,0.879250811287,0.940481771473,0.412479914238
239.646,96.2304,48.0,0.879250811287,0.940481771473,0.412479914238
243.15,96.2253,48.0,0.879250811287,0.940481771473,0.412479914238
246.656,96.2036,48.0,0.879250811287,0.940481771473,0.412479914238
250.058,97.016,48.0,0.879250811287,0.940481771473,0.412479914238
253.557,96.996,48.0,0.879250811287,0.940481771473,0.412479914238
257.032,96.8535,48.0,0.879250811287,0.940481771473,0.412479914238
260.486,96.3402,48.0,0.879250811287,0.940481771473,0.412479914238
263.714,95.3942,48.0,0.879250811287,0.940481771473,0.412479914238
265.764,92.7666,48.0,0.879250811287,0.940481771473,0.412479914238
268.001,90.652,48.0,0.879250811287,0.940481771473,0.412479914238
268.568,88.0902,48.0,0.879250811287,0.940481771473,0.412479914238
267.722,85.1499,48.0,0.879250811287,0.940481771473,0.412479914238
265.719,81.9001,48.0,0.879250811287,0.940481771473,0.412479914238
262.816,78.4094,48.0,0.879250811287,0.940481771473,0.412479914238
259.271,74.7467,48.0,0.879250811287,0.940481771473,0.412479914238
255.34,70.9808,48.0,0.879250811287,0.940481771473,0.412479914238
