249.446,65.1388,49.0,0.99349180428,0.916493951871,0.0229410295726
246.69,63.46,49.0,0.99349180428,0.916493951871,0.0229410295726
243.69,62.1629,49.0,0.99349180428,0.916493951871,0.0229410295726
240.449,61.9078,49.0,0.99349180428,0.916493951871,0.0229410295726
237.155,61.9157,49.0,0.99349180428,0.916493951871,0.0229410295726
233.84,61.8201,49.0,0.99349180428,0.916493951871,0.0229410295726
230.682,62.7045,49.0,0.99349180428,0.916493951871,0.0229410295726
227.596,63.5978,49.0,0.99349180428,0.916493951871,0.0229410295726
224.929,65.5145,49.0,0.99349180428,0.916493951871,0.0229410295726
222.598,67.8512,49.0,0.99349180428,0.916493951871,0.0229410295726
220.299,70.2351,49.0,0.99349180428,0.916493951871,0.0229410295726
217.369,71.7667,49.0,0.99349180428,0.916493951871,0.0229410295726
215.442,74.292,49.0,0.99349180428,0.916493951871,0.0229410295726
213.361,76.7201,49.0,0.99349180428,0.916493951871,0.0229410295726
212.707,79.8615,49.0,0.99349180428,0.916493951871,0.0229410295726
211.755,82.7959,49.0,0.99349180428,0.916493951871,0.0229410295726
212.546,85.7985,49.0,0.99349180428,0.916493951871,0.0229410295726
214.463,88.4113,49.0,0.99349180428,0.916493951871,0.0229410295726
217.428,89.8591,49.0,0.99349180428,0.916493951871,0.0229410295726
220.36,91.3987,49.0,0.99349180428,0.916493951871,0.0229410295726
223.244,92.4852,49.0,0.99349180428,0.916493951871,0.0229410295726
226.438,93.1062,49.0,0.99349180428,0.916493951871,0.0229410295726
229.512,94.3788,49.0,0.99349180428,0.916493951871,0.0229410295726
232.753,94.6113,49.0,0.99349180428,0.916493951871,0.0229410295726
236.066,94.5556,49.0,0.99349180428,0.916493951871,0.0229410295726
239.147,95.478,49.0,0.99349180428,0.916493951871,0.0229410295726
242.462,95.4014,49.0,0.99349180428,0.916493951871,0.0229410295726
245.67,96.1493,49.0,0.99349180428,0.916493951871,0.0229410295726
248.961,96.2215,49.0,0.99349180428,0.916493951871,0.0229410295726
252.26,96.2249,49.0,0.99349180428,0.916493951871,0.0229410295726
255.559,96.2199,49.0,0.99349180428,0.916493951871,0.0229410295726
258.648,95.3926,49.0,0.99349180428,0.916493951871,0.0229410295726
260.867,94.0365,49.0,0.99349180428,0.916493951871,0.0229410295726
263.811,93.8314,49.0,0.99349180428,0.916493951871,0.0229410295726
265.494,93.0003,49.0,0.99349180428,0.916493951871,0.0229410295726
265.976,91.248,49.0,0.99349180428,0.916493951871,0.0229410295726
265.419,88.6973,49.0,0.99349180428,0.916493951871,0.0229410295726
263.982,85.4712,49.0,0.99349180428,0.916493951871,0.0229410295726
261.825,81.6924,49.0,0.99349180428,0.916493951871,0.0229410295726
259.108,77.4836,49.0,0.99349180428,0.916493951871,0.0229410295726
255.991,72.9679,49.0,0.99349180428,0.916493951871,0.0229410295726
252.634,68.2679,49.0,0.99349180428,0.916493951871,0.0229410295726
