251.717,64.2935,50.0,0.879250811287,0.940481771473,0.412479914238
249.205,61.7551,50.0,0.879250811287,0.940481771473,0.412479914238
246.012,60.6702,50.0,0.879250811287,0.940481771473,0.412479914238
242.521,60.3866,50.0,0.879250811287,0.940481771473,0.412479914238
238.98,60.2998,50.0,0.879250811287,0.940481771473,0.412479914238
235.422,60.3183,50.0,0.879250811287,0.940481771473,0.412479914238
231.928,60.6069,50.0,0.879250811287,0.940481771473,0.412479914238
228.462,61.0214,50.0,0.879250811287,0.940481771473,0.412479914238
225.186,62.3327,50.0,0.879250811287,0.940481771473,0.412479914238
222.427,64.5467,50.0,0.879250811287,0.940481771473,0.412479914238
219.336,66.2936,50.0,0.879250811287,0.940481771473,0.412479914238
216.472,68.3355,50.0,0.879250811287,0.940481771473,0.412479914238
213.304,69.9525,50.0,0.879250811287,0.940481771473,0.412479914238
210.854,72.5252,50.0,0.879250811287,0.940481771473,0.412479914238
208.728,75.3303,50.0,0.879250811287,0.940481771473,0.412479914238
207.099,78.4822,50.0,0.879250811287,0.940481771473,0.412479914238
206.206,81.8382,50.0,0.879250811287,0.940481771473,0.412479914238
206.209,85.4007,50.0,0.879250811287,0.940481771473,0.412479914238
206.233,88.9527,50.0,0.879250811287,0.940481771473,0.412479914238
206.974,92.2081,50.0,0.879250811287,0.940481771473,0.412479914238
209.511,94.7077,50.0,0.879250811287,0.940481771473,0.412479914238
212.709,96.2807,50.0,0.879250811287,0.940481771473,0.412479914238
215.906,97.8334,50.0,0.879250811287,0.940481771473,0.412479914238
219.274,98.6562,50.0,0.879250811287,0.940481771473,0.412479914238
222.621,99.5707,50.0,0.879250811287,0.940481771473,0.412479914238
226.241,99.3242,50.0,0.879250811287,0.940481771473,0.412479914238
229.581,100.268,50.0,0.879250811287,0.940481771473,0.412479914238
233.155,100.218,50.0,0.879250811287,0.940481771473,0.412479914238
236.718,100.22,50.0,0.879250811287,0.940481771473,0.412479914238
240.282,100.238,50.0,0.879250811287,0.940481771473,0.412479914238
243.808,99.856,50.0,0.879250811287,0.940481771473,0.412479914238
247.327,99.4452,50.0,0.879250811287,0.940481771473,0.412479914238
250.347,97.7726,50.0,0.879250811287,0.940481771473,0.412479914238
253.638,97.0911,50.0,0.879250811287,0.940481771473,0.412479914238
255.829,95.1281,50.0,0.879250811287,0.940481771473,0.412479914238
258.172,92.549,50.0,0.879250811287,0.940481771473,0.412479914238
259.378,89.556,50.0,0.879250811287,0.940481771473,0.412479914238
259.744,86.3221,50.0,0.879250811287,0.940481771473,0.412479914238
259.399,82.8845,50.0,0.879250811287,0.940481771473,0.412479914238
258.472,79.2802,50.0,0.879250811287,0.940481771473,0.412479914238
257.092,75.5462,50.0,0.879250811287,0.940481771473,0.412479914238
255.39,71.7197,50.0,0.879250811287,0.940481771473,0.412479914238
253.493,67.8375,50.0,0.879250811287,0.940481771473,0.412479914238
