254.89,67.0051,52.0,0.879250811287,0.940481771473,0.412479914238
253.276,64.2562,52.0,0.879250811287,0.940481771473,0.412479914238
250.994,61.9656,52.0,0.879250811287,0.940481771473,0.412479914238
247.961,61.1383,52.0,0.879250811287,0.940481771473,0.412479914238
244.925,60.2983,52.0,0.879250811287,0.940481771473,0.412479914238
241.884,59.474,52.0,0.879250811287,0.940481771473,0.412479914238
238.643,59.5067,52.0,0.879250811287,0.940481771473,0.412479914238
235.428,59.595,52.0,0.879250811287,0.940481771473,0.412479914238
232.548,61.0993,52.0,0.879250811287,0.940481771473,0.412479914238
229.456,62.0728,52.0,0.879250811287,0.940481771473,0.412479914238
226.49,63.335,52.0,0.879250811287,0.940481771473,0.412479914238
223.794,65.0582,52.0,0.879250811287,0.940481771473,0.412479914238
221.28,66.8014,52.0,0.879250811287,0.940481771473,0.412479914238
218.987,69.0768,52.0,0.879250811287,0.940481771473,0.412479914238
216.33,70.8525,52.0,0.879250811287,0.940481771473,0.412479914238
213.722,72.6958,52.0,0.879250811287,0.940481771473,0.412479914238
211.44,75.0019,52.0,0.879250811287,0.940481771473,0.412479914238
209.933,77.8396,52.0,0.879250811287,0.940481771473,0.412479914238
208.533,80.5754,52.0,0.879250811287,0.940481771473,0.412479914238
207.822,83.6386,52.0,0.879250811287,0.940481771473,0.412479914238
207.803,86.8689,52.0,0.879250811287,0.940481771473,0.412479914238
207.965,90.0392,52.0,0.879250811287,0.940481771473,0.412479914238
209.832,92.4335,52.0,0.879250811287,0.940481771473,0.412479914238
212.382,94.3182,52.0,0.879250811287,0.940481771473,0.412479914238
215.175,96.0238,52.0,0.879250811287,0.940481771473,0.412479914238
218.283,96.5654,52.0,0.879250811287,0.940481771473,0.412479914238
221.212,97.8579,52.0,0.879250811287,0.940481771473,0.412479914238
224.407,98.2973,52.0,0.879250811287,0.940481771473,0.412479914238
227.644,98.5165,52.0,0.879250811287,0.940481771473,0.412479914238
230.645,99.4921,52.0,0.879250811287,0.940481771473,0.412479914238
233.905,99.3896,52.0,0.879250811287,0.940481771473,0.412479914238
237.134,99.4196,52.0,0.879250811287,0.940481771473,0.412479914238
240.372,99.4322,52.0,0.879250811287,0.940481771473,0.412479914238
243.482,98.6296,52.0,0.879250811287,0.940481771473,0.412479914238
246.521,97.7871,52.0,0.879250811287,0.940481771473,0.412479914238
249.602,96.9468,52.0,0.879250811287,0.940481771473,0.412479914238
251.766,95.2802,52.0,0.879250811287,0.940481771473,0.412479914238
254.397,93.1526,52.0,0.879250811287,0.940481771473,0.412479914238
256.346,90.6937,52.0,0.879250811287,0.940481771473,0.412479914238
257.535,87.8675,52.0,0.879250811287,0.940481771473,0.412479914238
258.08,84.7305,52.0,0.879250811287,0.940481771473,0.412479914238
258.098,81.339,52.0,0.879250811287,0.940481771473,0.412479914238
257.707,77.7498,52.0,0.879250811287,0.940481771473,0.412479914238
257.024,74.0193,52.0,0.879250811287,0.940481771473,0.412479914238
256.165,70.204,52.0,0.879250811287,0.940481771473,0.412479914238
