253.087,68.7432,63.0,0.879250811287,0.940481771473,0.412479914238
251.327,66.945,63.0,0.879250811287,0.940481771473,0.412479914238
249.311,65.8853,63.0,0.879250811287,0.940481771473,0.412479914238
248.001,64.4322,63.0,0.879250811287,0.940481771473,0.412479914238
245.628,63.7555,63.0,0.879250811287,0.940481771473,0.412479914238
243.285,63.4888,63.0,0.879250811287,0.940481771473,0.412479914238
240.836,63.4919,63.0,0.879250811287,0.940481771473,0.412479914238
238.385,63.485,63.0,0.879250811287,0.940481771473,0.412479914238
235.918,63.4397,63.0,0.879250811287,0.940481771473,0.412479914238
233.891,64.4597,63.0,0.879250811287,0.940481771473,0.412479914238
231.705,65.0969,63.0,0.879250811287,0.940481771473,0.412479914238
229.418,65.8603,63.0,0.879250811287,0.940481771473,0.412479914238
227.401,66.9359,63.0,0.879250811287,0.940481771473,0.412479914238
225.387,68.2573,63.0,0.879250811287,0.940481771473,0.412479914238
223.27,69.058,63.0,0.879250811287,0.940481771473,0.412479914238
221.231,70.0432,63.0,0.879250811287,0.940481771473,0.412479914238
219.509,71.7814,63.0,0.879250811287,0.940481771473,0.412479914238
217.434,73.0366,63.0,0.879250811287,0.940481771473,0.412479914238
215.558,74.5948,63.0,0.879250811287,0.940481771473,0.412479914238
213.608,76.0497,63.0,0.879250811287,0.940481771473,0.412479914238
212.147,77.9782,63.0,0.879250811287,0.940481771473,0.412479914238
210.608,79.8484,63.0,0.879250811287,0.940481771473,0.412479914238
209.056,81.7093,63.0,0.879250811287,0.940481771473,0.412479914238
207.589,83.6319,63.0,0.879250811287,0.940481771473,0.412479914238
206.489,85.7581,63.0,0.879250811287,0.940481771473,0.412479914238
205.25,87.7759,63.0,0.879250811287,0.940481771473,0.412479914238
203.806,89.6124,63.0,0.879250811287,0.940481771473,0.412479914238
202.773,91.8156,63.0,0.879250811287,0.940481771473,0.412479914238
201.826,94.0789,63.0,0.879250811287,0.940481771473,0.412479914238
200.634,96.0738,63.0,0.879250811287,0.940481771473,0.412479914238
199.152,98.0068,63.0,0.879250811287,0.940481771473,0.412479914238
199.021,100.444,63.0,0.879250811287,0.940481771473,0.412479914238
199.032,102.888,63.0,0.879250811287,0.940481771473,0.412479914238
198.89,105.395,63.0,0.879250811287,0.940481771473,0.412479914238
199.903,107.416,63.0,0.879250811287,0.940481771473,0.412479914238
200.542,109.718,63.0,0.879250811287,0.940481771473,0.412479914238
202.324,111.493,63.0,0.879250811287,0.940481771473,0.412479914238
203.649,113.518,63.0,0.879250811287,0.940481771473,0.412479914238
205.319,115.292,63.0,0.879250811287,0.940481771473,0.412479914238
207.046,117.033,63.0,0.879250811287,0.940481771473,0.412479914238
209.184,117.822,63.0,0.879250811287,0.940481771473,0.412479914238
211.342,119.025,63.0,0.879250811287,0.940481771473,0.412479914238
213.513,120.186,63.0,0.879250811287,0.940481771473,0.412479914238
215.867,120.594,63.0,0.879250811287,0.940481771473,0.412479914238
218.226,120.965,63.0,0.879250811287,0.940481771473,0.412479914238
220.391,121.652,63.0,0.879250811287,0.940481771473,0.412479914238
222.79,121.788,63.0,0.879250811287,0.940481771473,0.412479914238
225.114,121.018,63.0,0.879250811287,0.940481771473,0.412479914238
227.511,120.793,63.0,0.879250811287,0.940481771473,0.412479914238
229.686,119.613,63.0,0.879250811287,0.940481771473,0.412479914238
231.884,118.542,63.0,0.879250811287,0.940481771473,0.412479914238
234.355,118.11,63.0,0.879250811287,0.940481771473,0.412479914238
236.273,116.683,63.0,0.879250811287,0.940481771473,0.412479914238
238.239,115.281,63.0,0.879250811287,0.940481771473,0.412479914238
239.972,113.553,63.0,0.879250811287,0.940481771473,0.412479914238
241.688,111.8,63.0,0.879250811287,0.940481771473,0.412479914238
243.775,110.563,63.0,0.879250811287,0.940481771473,0.412479914238
245.501,108.824,63.0,0.879250811287,0.940481771473,0.412479914238
247.198,107.02,63.0,0.879250811287,0.940481771473,0.412479914238
249.01,105.899,63.0,0.879250811287,0.940481771473,0.412479914238
250.453,103.864,63.0,0.879250811287,0.940481771473,0.412479914238
251.702,101.926,63.0,0.879250811287,0.940481771473,0.412479914238
253.32,100.148,63.0,0.879250811287,0.940481771473,0.412479914238
254.569,98.2218,63.0,0.879250811287,0.940481771473,0.412479914238
255.667,96.0796,63.0,0.879250811287,0.940481771473,0.412479914238
255.866,93.6263,63.0,0.879250811287,0.940481771473,0.412479914238
256.505,91.4415,63.0,0.879250811287,0.940481771473,0.412479914238
257.819,89.8085,63.0,0.879250811287,0.940481771473,0.412479914238
259.81,89.7057,63.0,0.879250811287,0.940481771473,0.412479914238
260.857,88.7663,63.0,0.879250811287,0.940481771473,0.412479914238
261.084,87.0965,63.0,0.879250811287,0.940481771473,0.412479914238
260.617,84.8087,63.0,0.879250811287,0.940481771473,0.412479914238
259.582,82.0153,63.0,0.879250811287,0.940481771473,0.412479914238
258.106,78.8287,63.0,0.879250811287,0.940481771473,0.412479914238
256.314,75.3612,63.0,0.879250811287,0.940481771473,0.412479914238
254.333,71.7251,63.0,0.879250811287,0.940481771473,0.412479914238
