247.619,66.6708,64.0,0.879250811287,0.940481771473,0.412479914238
246.167,65.1592,64.0,0.879250811287,0.940481771473,0.412479914238
244.104,64.2889,64.0,0.879250811287,0.940481771473,0.412479914238
241.931,63.5312,64.0,0.879250811287,0.940481771473,0.412479914238
239.788,62.7059,64.0,0.879250811287,0.940481771473,0.412479914238
237.635,61.907,64.0,0.879250811287,0.940481771473,0.412479914238
235.157,61.9047,64.0,0.879250811287,0.940481771473,0.412479914238
232.724,62.122,64.0,0.879250811287,0.940481771473,0.412479914238
230.544,63.3744,64.0,0.879250811287,0.940481771473,0.412479914238
228.29,64.4061,64.0,0.879250811287,0.940481771473,0.412479914238
226.218,65.7277,64.0,0.879250811287,0.940481771473,0.412479914238
224.497,67.5333,64.0,0.879250811287,0.940481771473,0.412479914238
222.372,68.797,64.0,0.879250811287,0.940481771473,0.412479914238
221.089,70.8681,64.0,0.879250811287,0.940481771473,0.412479914238
219.279,72.3809,64.0,0.879250811287,0.940481771473,0.412479914238
217.623,74.2003,64.0,0.879250811287,0.940481771473,0.412479914238
215.67,75.6597,64.0,0.879250811287,0.940481771473,0.412479914238
214.334,77.7276,64.0,0.879250811287,0.940481771473,0.412479914238
212.589,79.4861,64.0,0.879250811287,0.940481771473,0.412479914238
211.338,81.4464,64.0,0.879250811287,0.940481771473,0.412479914238
210.132,83.5926,64.0,0.879250811287,0.940481771473,0.412479914238
209.07,85.8486,64.0,0.879250811287,0.940481771473,0.412479914238
207.954,88.0681,64.0,0.879250811287,0.940481771473,0.412479914238
206.449,90.0058,64.0,0.879250811287,0.940481771473,0.412479914238
205.384,92.2613,64.0,0.879250811287,0.940481771473,0.412479914238
203.956,94.2575,64.0,0.879250811287,0.940481771473,0.412479914238
202.832,96.4851,64.0,0.879250811287,0.940481771473,0.412479914238
202.133,98.7895,64.0,0.879250811287,0.940481771473,0.412479914238
200.657,100.795,64.0,0.879250811287,0.940481771473,0.412479914238
200.63,103.277,64.0,0.879250811287,0.940481771473,0.412479914238
200.617,105.761,64.0,0.879250811287,0.940481771473,0.412479914238
201.175,108.014,64.0,0.879250811287,0.940481771473,0.412479914238
202.972,109.753,64.0,0.879250811287,0.940481771473,0.412479914238
205.036,111.016,64.0,0.879250811287,0.940481771473,0.412479914238
207.085,112.301,64.0,0.879250811287,0.940481771473,0.412479914238
209.301,112.953,64.0,0.879250811287,0.940481771473,0.412479914238
211.429,113.856,64.0,0.879250811287,0.940481771473,0.412479914238
213.59,115.197,64.0,0.879250811287,0.940481771473,0.412479914238
216.033,115.386,64.0,0.879250811287,0.940481771473,0.412479914238
218.463,115.933,64.0,0.879250811287,0.940481771473,0.412479914238
220.703,117.013,64.0,0.879250811287,0.940481771473,0.412479914238
223.255,116.833,64.0,0.879250811287,0.940481771473,0.412479914238
225.301,117.872,64.0,0.879250811287,0.940481771473,0.412479914238
227.756,118.323,64.0,0.879250811287,0.940481771473,0.412479914238
230.188,118.579,64.0,0.879250811287,0.940481771473,0.412479914238
232.733,118.723,64.0,0.879250811287,0.940481771473,0.412479914238
234.818,117.76,64.0,0.879250811287,0.940481771473,0.412479914238
236.812,116.578,64.0,0.879250811287,0.940481771473,0.412479914238
238.829,115.449,64.0,0.879250811287,0.940481771473,0.412479914238
240.762,114.156,64.0,0.879250811287,0.940481771473,0.412479914238
242.839,113.041,64.0,0.879250811287,0.940481771473,0.412479914238
244.104,111.148,64.0,0.879250811287,0.940481771473,0.412479914238
244.771,108.831,64.0,0.879250811287,0.940481771473,0.412479914238
246.836,107.479,64.0,0.879250811287,0.940481771473,0.412479914238
248.089,105.368,64.0,0.879250811287,0.940481771473,0.412479914238
249.953,103.697,64.0,0.879250811287,0.940481771473,0.412479914238
251.26,101.637,64.0,0.879250811287,0.940481771473,0.412479914238
252.473,99.927,64.0,0.879250811287,0.940481771473,0.412479914238
253.862,97.9585,64.0,0.879250811287,0.940481771473,0.412479914238
254.076,95.4832,64.0,0.879250811287,0.940481771473,0.412479914238
254.796,93.298,64.0,0.879250811287,0.940481771473,0.412479914238
255.752,91.2096,64.0,0.879250811287,0.940481771473,0.412479914238
255.705,88.7059,64.0,0.879250811287,0.940481771473,0.412479914238
255.71,86.2228,64.0,0.879250811287,0.940481771473,0.412479914238
256.213,83.8442,64.0,0.879250811287,0.940481771473,0.412479914238
258.086,82.2195,64.0,0.879250811287,0.940481771473,0.412479914238
259.917,81.1271,64.0,0.879250811287,0.940481771473,0.412479914238
260.44,79.6756,64.0,0.879250811287,0.940481771473,0.412479914238
259.824,77.9004,64.0,0.879250811287,0.940481771473,0.412479914238
258.278,75.8603,64.0,0.879250811287,0.940481771473,0.412479914238
256.007,73.6142,64.0,0.879250811287,0.940481771473,0.412479914238
253.219,71.221,64.0,0.879250811287,0.940481771473,0.412479914238
250.121,68.7394,64.0,0.879250811287,0.940481771473,0.412479914238
