246.933,63.8056,72.0,0.99349180428,0.916493951871,0.0229410295726
244.541,61.8952,72.0,0.99349180428,0.916493951871,0.0229410295726
241.604,61.1027,72.0,0.99349180428,0.916493951871,0.0229410295726
238.578,61.4266,72.0,0.99349180428,0.916493951871,0.0229410295726
235.728,62.8917,72.0,0.99349180428,0.916493951871,0.0229410295726
233.1,64.5554,72.0,0.99349180428,0.916493951871,0.0229410295726
230.425,66.4012,72.0,0.99349180428,0.916493951871,0.0229410295726
228.707,69.0639,72.0,0.99349180428,0.916493951871,0.0229410295726
226.354,71.2805,72.0,0.99349180428,0.916493951871,0.0229410295726
224.079,73.5585,72.0,0.99349180428,0.916493951871,0.0229410295726
221.804,75.8364,72.0,0.99349180428,0.916493951871,0.0229410295726
219.533,78.117,72.0,0.99349180428,0.916493951871,0.0229410295726
217.285,80.414,72.0,0.99349180428,0.916493951871,0.0229410295726
215.429,82.9915,72.0,0.99349180428,0.916493951871,0.0229410295726
212.894,84.9034,72.0,0.99349180428,0.916493951871,0.0229410295726
210.313,86.8273,72.0,0.99349180428,0.916493951871,0.0229410295726
207.552,88.4506,72.0,0.99349180428,0.916493951871,0.0229410295726
205.05,90.4073,72.0,0.99349180428,0.916493951871,0.0229410295726
203.128,92.9002,72.0,0.99349180428,0.916493951871,0.0229410295726
200.556,94.7283,72.0,0.99349180428,0.916493951871,0.0229410295726
198.915,97.556,72.0,0.99349180428,0.916493951871,0.0229410295726
198.338,100.67,72.0,0.99349180428,0.916493951871,0.0229410295726
197.409,103.508,72.0,0.99349180428,0.916493951871,0.0229410295726
196.621,106.539,72.0,0.99349180428,0.916493951871,0.0229410295726
196.627,109.76,72.0,0.99349180428,0.916493951871,0.0229410295726
196.627,112.98,72.0,0.99349180428,0.916493951871,0.0229410295726
197.372,116.122,72.0,0.99349180428,0.916493951871,0.0229410295726
199.157,118.753,72.0,0.99349180428,0.916493951871,0.0229410295726
201.405,121.081,72.0,0.99349180428,0.916493951871,0.0229410295726
204.086,122.798,72.0,0.99349180428,0.916493951871,0.0229410295726
206.579,124.761,72.0,0.99349180428,0.916493951871,0.0229410295726
209.403,126.44,72.0,0.99349180428,0.916493951871,0.0229410295726
212.357,127.163,72.0,0.99349180428,0.916493951871,0.0229410295726
215.36,127.943,72.0,0.99349180428,0.916493951871,0.0229410295726
218.545,128.076,72.0,0.99349180428,0.916493951871,0.0229410295726
221.544,129.008,72.0,0.99349180428,0.916493951871,0.0229410295726
224.775,128.957,72.0,0.99349180428,0.916493951871,0.0229410295726
227.994,128.954,72.0,0.99349180428,0.916493951871,0.0229410295726
231.199,128.89,72.0,0.99349180428,0.916493951871,0.0229410295726
234.065,127.397,72.0,0.99349180428,0.916493951871,0.0229410295726
237.128,126.397,72.0,0.99349180428,0.916493951871,0.0229410295726
240.092,125.177,72.0,0.99349180428,0.916493951871,0.0229410295726
242.793,123.486,72.0,0.99349180428,0.916493951871,0.0229410295726
245.425,121.701,72.0,0.99349180428,0.916493951871,0.0229410295726
248.031,119.871,72.0,0.99349180428,0.916493951871,0.0229410295726
249.539,116.952,72.0,0.99349180428,0.916493951871,0.0229410295726
252.033,115.413,72.0,0.99349180428,0.916493951871,0.0229410295726
252.834,112.162,72.0,0.99349180428,0.916493951871,0.0229410295726
254.413,109.308,72.0,0.99349180428,0.916493951871,0.0229410295726
255.041,106.237,72.0,0.99349180428,0.916493951871,0.0229410295726
255.698,103.172,72.0,0.99349180428,0.916493951871,0.0229410295726
255.802,99.9768,72.0,0.99349180428,0.916493951871,0.0229410295726
256.509,96.9247,72.0,0.99349180428,0.916493951871,0.0229410295726
256.581,93.7352,72.0,0.99349180428,0.916493951871,0.0229410295726
257.011,90.7201,72.0,0.99349180428,0.916493951871,0.0229410295726
256.251,87.3826,72.0,0.99349180428,0.916493951871,0.0229410295726
255.366,84.1659,72.0,0.99349180428,0.916493951871,0.0229410295726
254.372,81.0538,72.0,0.99349180428,0.916493951871,0.0229410295726
253.288,78.0303,72.0,0.99349180428,0.916493951871,0.0229410295726
252.129,75.0793,72.0,0.99349180428,0.916493951871,0.0229410295726
250.911,72.1846,72.0,0.99349180428,0.916493951871,0.0229410295726
249.652,69.3302,72.0,0.99349180428,0.916493951871,0.0229410295726
248.368,66.4999,72.0,0.99349180428,0.916493951871,0.0229410295726
