250.576,70.3294,74.0,0.879250811287,0.940481771473,0.412479914238
248.32,67.987,74.0,0.879250811287,0.940481771473,0.412479914238
245.65,66.6435,74.0,0.879250811287,0.940481771473,0.412479914238
242.408,66.6911,74.0,0.879250811287,0.940481771473,0.412479914238
239.215,66.8179,74.0,0.879250811287,0.940481771473,0.412479914238
236.346,68.3753,74.0,0.879250811287,0.940481771473,0.412479914238
233.801,70.2822,74.0,0.879250811287,0.940481771473,0.412479914238
231.1,71.9833,74.0,0.879250811287,0.940481771473,0.412479914238
228.925,74.4126,74.0,0.879250811287,0.940481771473,0.412479914238
226.215,76.1007,74.0,0.879250811287,0.940481771473,0.412479914238
223.99,78.4576,74.0,0.879250811287,0.940481771473,0.412479914238
221.769,80.7895,74.0,0.879250811287,0.940481771473,0.412479914238
219.849,83.3843,74.0,0.879250811287,0.940481771473,0.412479914238
217.838,85.8825,74.0,0.879250811287,0.940481771473,0.412479914238
215.458,87.8215,74.0,0.879250811287,0.940481771473,0.412479914238
214.068,90.7558,74.0,0.879250811287,0.940481771473,0.412479914238
211.042,92.104,74.0,0.879250811287,0.940481771473,0.412479914238
209.118,94.263,74.0,0.879250811287,0.940481771473,0.412479914238
206.507,95.8013,74.0,0.879250811287,0.940481771473,0.412479914238
203.96,97.7448,74.0,0.879250811287,0.940481771473,0.412479914238
201.906,100.202,74.0,0.879250811287,0.940481771473,0.412479914238
199.519,102.139,74.0,0.879250811287,0.940481771473,0.412479914238
198.48,105.244,74.0,0.879250811287,0.940481771473,0.412479914238
197.37,108.207,74.0,0.879250811287,0.940481771473,0.412479914238
197.416,111.447,74.0,0.879250811287,0.940481771473,0.412479914238
197.345,114.693,74.0,0.879250811287,0.940481771473,0.412479914238
198.19,117.738,74.0,0.879250811287,0.940481771473,0.412479914238
199.772,120.37,74.0,0.879250811287,0.940481771473,0.412479914238
201.736,122.889,74.0,0.879250811287,0.940481771473,0.412479914238
204.078,125.015,74.0,0.879250811287,0.940481771473,0.412479914238
206.744,126.355,74.0,0.879250811287,0.940481771473,0.412479914238
209.571,127.895,74.0,0.879250811287,0.940481771473,0.412479914238
212.832,128.399,74.0,0.879250811287,0.940481771473,0.412479914238
215.505,129.877,74.0,0.879250811287,0.940481771473,0.412479914238
218.779,129.765,74.0,0.879250811287,0.940481771473,0.412479914238
222.009,129.757,74.0,0.879250811287,0.940481771473,0.412479914238
225.234,129.749,74.0,0.879250811287,0.940481771473,0.412479914238
228.442,129.614,74.0,0.879250811287,0.940481771473,0.412479914238
231.598,128.979,74.0,0.879250811287,0.940481771473,0.412479914238
234.576,127.939,74.0,0.879250811287,0.940481771473,0.412479914238
237.473,126.546,74.0,0.879250811287,0.940481771473,0.412479914238
240.518,125.778,74.0,0.879250811287,0.940481771473,0.412479914238
243.576,125.016,74.0,0.879250811287,0.940481771473,0.412479914238
245.894,122.814,74.0,0.879250811287,0.940481771473,0.412479914238
248.503,120.991,74.0,0.879250811287,0.940481771473,0.412479914238
250.323,118.381,74.0,0.879250811287,0.940481771473,0.412479914238
252.26,115.85,74.0,0.879250811287,0.940481771473,0.412479914238
254.472,113.516,74.0,0.879250811287,0.940481771473,0.412479914238
256.046,110.748,74.0,0.879250811287,0.940481771473,0.412479914238
257.374,107.816,74.0,0.879250811287,0.940481771473,0.412479914238
257.598,104.691,74.0,0.879250811287,0.940481771473,0.412479914238
257.93,101.602,74.0,0.879250811287,0.940481771473,0.412479914238
258.869,98.7642,74.0,0.879250811287,0.940481771473,0.412479914238
261.113,96.3833,74.0,0.879250811287,0.940481771473,0.412479914238
262.466,93.5943,74.0,0.879250811287,0.940481771473,0.412479914238
262.884,90.7271,74.0,0.879250811287,0.940481771473,0.412479914238
262.508,87.8248,74.0,0.879250811287,0.940481771473,0.412479914238
261.461,84.8928,74.0,0.879250811287,0.940481771473,0.412479914238
259.865,81.9365,74.0,0.879250811287,0.940481771473,0.412479914238
257.841,78.9612,74.0,0.879250811287,0.940481771473,0.412479914238
255.512,75.9724,74.0,0.879250811287,0.940481771473,0.412479914238
253.001,72.9755,74.0,0.879250811287,0.940481771473,0.412479914238
