68.9163,36.9276,84.0,0.99349180428,0.916493951871,0.0229410295726
65.8555,38.2568,84.0,0.99349180428,0.916493951871,0.0229410295726
62.8746,39.7615,84.0,0.99349180428,0.916493951871,0.0229410295726
59.7996,41.1339,84.0,0.99349180428,0.916493951871,0.0229410295726
57.2564,43.2436,84.0,0.99349180428,0.916493951871,0.0229410295726
54.3258,44.8161,84.0,0.99349180428,0.916493951871,0.0229410295726
51.3513,46.3276,84.0,0.99349180428,0.916493951871,0.0229410295726
48.4592,47.9533,84.0,0.99349180428,0.916493951871,0.0229410295726
45.7856,49.882,84.0,0.99349180428,0.916493951871,0.0229410295726
44.9394,53.0082,84.0,0.99349180428,0.916493951871,0.0229410295726
45.6847,56.2336,84.0,0.99349180428,0.916493951871,0.0229410295726
48.43,58.0802,84.0,0.99349180428,0.916493951871,0.0229410295726
51.6,58.7872,84.0,0.99349180428,0.916493951871,0.0229410295726
54.76,59.5483,84.0,0.99349180428,0.916493951871,0.0229410295726
58.1123,59.5019,84.0,0.99349180428,0.916493951871,0.0229410295726
61.4642,59.5545,84.0,0.99349180428,0.916493951871,0.0229410295726
64.5974,58.6785,84.0,0.99349180428,0.916493951871,0.0229410295726
67.742,57.8483,84.0,0.99349180428,0.916493951871,0.0229410295726
70.8782,57.0549,84.0,0.99349180428,0.916493951871,0.0229410295726
73.8231,55.3892,84.0,0.99349180428,0.916493951871,0.0229410295726
76.14,52.964,84.0,0.99349180428,0.916493951871,0.0229410295726
78.9809,51.2659,84.0,0.99349180428,0.916493951871,0.0229410295726
81.9339,49.7172,84.0,0.99349180428,0.916493951871,0.0229410295726
83.8484,47.1874,84.0,0.99349180428,0.916493951871,0.0229410295726
86.446,45.4716,84.0,0.99349180428,0.916493951871,0.0229410295726
88.0493,42.8012,84.0,0.99349180428,0.916493951871,0.0229410295726
89.8921,40.0827,84.0,0.99349180428,0.916493951871,0.0229410295726
91.2568,37.3079,84.0,0.99349180428,0.916493951871,0.0229410295726
90.8578,34.456,84.0,0.99349180428,0.916493951871,0.0229410295726
89.1104,32.9518,84.0,0.99349180428,0.916493951871,0.0229410295726
86.189,32.5565,84.0,0.99349180428,0.916493951871,0.0229410295726
82.3544,33.0237,84.0,0.99349180428,0.916493951871,0.0229410295726
77.8676,34.1069,84.0,0.99349180428,0.916493951871,0.0229410295726
72.9894,35.5597,84.0,0.99349180428,0.916493951871,0.0229410295726
