90.5214,30.365,85.0,0.879250811287,0.940481771473,0.412479914238
88.2524,31.4362,85.0,0.879250811287,0.940481771473,0.412479914238
85.8526,32.191,85.0,0.879250811287,0.940481771473,0.412479914238
83.394,32.7802,85.0,0.879250811287,0.940481771473,0.412479914238
81.2963,34.5041,85.0,0.879250811287,0.940481771473,0.412479914238
78.6498,35.2184,85.0,0.879250811287,0.940481771473,0.412479914238
76.0127,35.9758,85.0,0.879250811287,0.940481771473,0.412479914238
73.9713,37.7032,85.0,0.879250811287,0.940481771473,0.412479914238
71.4604,38.5527,85.0,0.879250811287,0.940481771473,0.412479914238
68.9234,39.5172,85.0,0.879250811287,0.940481771473,0.412479914238
66.3657,40.2721,85.0,0.879250811287,0.940481771473,0.412479914238
64.1888,41.6995,85.0,0.879250811287,0.940481771473,0.412479914238
61.5459,42.0396,85.0,0.879250811287,0.940481771473,0.412479914238
59.3057,43.5339,85.0,0.879250811287,0.940481771473,0.412479914238
56.8519,44.7073,85.0,0.879250811287,0.940481771473,0.412479914238
54.8251,46.4558,85.0,0.879250811287,0.940481771473,0.412479914238
53.7294,48.7121,85.0,0.879250811287,0.940481771473,0.412479914238
53.7237,51.4184,85.0,0.879250811287,0.940481771473,0.412479914238
54.3158,53.8415,85.0,0.879250811287,0.940481771473,0.412479914238
56.4474,55.5242,85.0,0.879250811287,0.940481771473,0.412479914238
59.0019,56.274,85.0,0.879250811287,0.940481771473,0.412479914238
61.3664,57.1052,85.0,0.879250811287,0.940481771473,0.412479914238
63.6673,58.0999,85.0,0.879250811287,0.940481771473,0.412479914238
66.4743,57.8699,85.0,0.879250811287,0.940481771473,0.412479914238
69.1789,57.9257,85.0,0.879250811287,0.940481771473,0.412479914238
71.7277,57.2318,85.0,0.879250811287,0.940481771473,0.412479914238
74.3476,56.8605,85.0,0.879250811287,0.940481771473,0.412479914238
76.7736,55.5813,85.0,0.879250811287,0.940481771473,0.412479914238
78.8714,53.8829,85.0,0.879250811287,0.940481771473,0.412479914238
80.9757,52.1957,85.0,0.879250811287,0.940481771473,0.412479914238
82.7503,50.1753,85.0,0.879250811287,0.940481771473,0.412479914238
84.3444,48.0277,85.0,0.879250811287,0.940481771473,0.412479914238
85.6396,45.8488,85.0,0.879250811287,0.940481771473,0.412479914238
86.4806,43.5045,85.0,0.879250811287,0.940481771473,0.412479914238
89.0004,43.2661,85.0,0.879250811287,0.940481771473,0.412479914238
90.5901,41.7886,85.0,0.879250811287,0.940481771473,0.412479914238
91.4943,39.3347,85.0,0.879250811287,0.940481771473,0.412479914238
91.9088,36.1834,85.0,0.879250811287,0.940481771473,0.412479914238
92.0296,32.6137,85.0,0.879250811287,0.940481771473,0.412479914238
