89.0812,30.1468,88.0,0.879250811287,0.940481771473,0.412479914238
86.5621,31.1824,88.0,0.879250811287,0.940481771473,0.412479914238
83.9424,31.5903,88.0,0.879250811287,0.940481771473,0.412479914238
81.4052,32.358,88.0,0.879250811287,0.940481771473,0.412479914238
78.9302,33.3898,88.0,0.879250811287,0.940481771473,0.412479914238
76.3394,33.9294,88.0,0.879250811287,0.940481771473,0.412479914238
73.9012,35.0949,88.0,0.879250811287,0.940481771473,0.412479914238
71.2892,35.9098,88.0,0.879250811287,0.940481771473,0.412479914238
68.668,36.687,88.0,0.879250811287,0.940481771473,0.412479914238
66.7208,38.6433,88.0,0.879250811287,0.940481771473,0.412479914238
64.0718,38.9755,88.0,0.879250811287,0.940481771473,0.412479914238
61.9135,40.6166,88.0,0.879250811287,0.940481771473,0.412479914238
59.5867,41.9441,88.0,0.879250811287,0.940481771473,0.412479914238
57.9867,43.3084,88.0,0.879250811287,0.940481771473,0.412479914238
57.7087,45.9003,88.0,0.879250811287,0.940481771473,0.412479914238
57.7088,48.6218,88.0,0.879250811287,0.940481771473,0.412479914238
58.1746,51.1464,88.0,0.879250811287,0.940481771473,0.412479914238
59.5241,53.3147,88.0,0.879250811287,0.940481771473,0.412479914238
61.7738,54.7577,88.0,0.879250811287,0.940481771473,0.412479914238
63.8316,56.3444,88.0,0.879250811287,0.940481771473,0.412479914238
66.1802,57.2371,88.0,0.879250811287,0.940481771473,0.412479914238
68.9433,57.1276,88.0,0.879250811287,0.940481771473,0.412479914238
71.2596,58.4156,88.0,0.879250811287,0.940481771473,0.412479914238
73.9156,57.2568,88.0,0.879250811287,0.940481771473,0.412479914238
76.4281,56.7137,88.0,0.879250811287,0.940481771473,0.412479914238
78.5525,55.3317,88.0,0.879250811287,0.940481771473,0.412479914238
80.1804,53.3425,88.0,0.879250811287,0.940481771473,0.412479914238
82.5974,52.1028,88.0,0.879250811287,0.940481771473,0.412479914238
84.2893,50.1658,88.0,0.879250811287,0.940481771473,0.412479914238
86.0063,48.1468,88.0,0.879250811287,0.940481771473,0.412479914238
88.0591,46.5937,88.0,0.879250811287,0.940481771473,0.412479914238
88.8806,44.2069,88.0,0.879250811287,0.940481771473,0.412479914238
90.4298,42.1289,88.0,0.879250811287,0.940481771473,0.412479914238
92.0459,40.061,88.0,0.879250811287,0.940481771473,0.412479914238
94.2615,39.6073,88.0,0.879250811287,0.940481771473,0.412479914238
95.4069,38.5661,88.0,0.879250811287,0.940481771473,0.412479914238
94.3163,35.8099,88.0,0.879250811287,0.940481771473,0.412479914238
91.884,32.0248,88.0,0.879250811287,0.940481771473,0.412479914238
