84.8946,29.9343,90.0,0.99349180428,0.916493951871,0.0229410295726
82.1798,30.8642,90.0,0.99349180428,0.916493951871,0.0229410295726
79.2628,31.582,90.0,0.99349180428,0.916493951871,0.0229410295726
76.936,32.3482,90.0,0.99349180428,0.916493951871,0.0229410295726
73.9046,32.8284,90.0,0.99349180428,0.916493951871,0.0229410295726
70.9529,33.8954,90.0,0.99349180428,0.916493951871,0.0229410295726
67.9833,34.4361,90.0,0.99349180428,0.916493951871,0.0229410295726
65.0373,35.0625,90.0,0.99349180428,0.916493951871,0.0229410295726
62.0729,35.6514,90.0,0.99349180428,0.916493951871,0.0229410295726
59.6739,37.5925,90.0,0.99349180428,0.916493951871,0.0229410295726
57.1766,39.4288,90.0,0.99349180428,0.916493951871,0.0229410295726
54.8411,41.2423,90.0,0.99349180428,0.916493951871,0.0229410295726
52.8959,43.606,90.0,0.99349180428,0.916493951871,0.0229410295726
52.1971,46.5409,90.0,0.99349180428,0.916493951871,0.0229410295726
52.1385,49.6174,90.0,0.99349180428,0.916493951871,0.0229410295726
52.4357,52.675,90.0,0.99349180428,0.916493951871,0.0229410295726
52.8378,55.7113,90.0,0.99349180428,0.916493951871,0.0229410295726
55.0436,57.2716,90.0,0.99349180428,0.916493951871,0.0229410295726
58.011,57.8414,90.0,0.99349180428,0.916493951871,0.0229410295726
60.6927,58.8412,90.0,0.99349180428,0.916493951871,0.0229410295726
63.8529,58.6917,90.0,0.99349180428,0.916493951871,0.0229410295726
66.8987,58.6324,90.0,0.99349180428,0.916493951871,0.0229410295726
70.074,58.8504,90.0,0.99349180428,0.916493951871,0.0229410295726
72.9392,57.8998,90.0,0.99349180428,0.916493951871,0.0229410295726
75.6992,57.099,90.0,0.99349180428,0.916493951871,0.0229410295726
77.989,55.171,90.0,0.99349180428,0.916493951871,0.0229410295726
80.6202,53.5867,90.0,0.99349180428,0.916493951871,0.0229410295726
83.0464,51.6545,90.0,0.99349180428,0.916493951871,0.0229410295726
85.8038,50.2438,90.0,0.99349180428,0.916493951871,0.0229410295726
88.5553,48.7648,90.0,0.99349180428,0.916493951871,0.0229410295726
89.6224,45.9641,90.0,0.99349180428,0.916493951871,0.0229410295726
90.9958,43.1936,90.0,0.99349180428,0.916493951871,0.0229410295726
92.232,40.3761,90.0,0.99349180428,0.916493951871,0.0229410295726
93.166,37.4233,90.0,0.99349180428,0.916493951871,0.0229410295726
94.4093,34.7583,90.0,0.99349180428,0.916493951871,0.0229410295726
95.988,34.5621,90.0,0.99349180428,0.916493951871,0.0229410295726
93.7408,33.2339,90.0,0.99349180428,0.916493951871,0.0229410295726
89.1431,31.1372,90.0,0.99349180428,0.916493951871,0.0229410295726
