246.661,82.353,95.0,0.99349180428,0.916493951871,0.0229410295726
244.806,79.9628,95.0,0.99349180428,0.916493951871,0.0229410295726
242.769,77.7117,95.0,0.99349180428,0.916493951871,0.0229410295726
240.341,76.1784,95.0,0.99349180428,0.916493951871,0.0229410295726
238.271,73.7707,95.0,0.99349180428,0.916493951871,0.0229410295726
235.603,72.6318,95.0,0.99349180428,0.916493951871,0.0229410295726
232.622,72.2942,95.0,0.99349180428,0.916493951871,0.0229410295726
229.567,72.284,95.0,0.99349180428,0.916493951871,0.0229410295726
226.537,72.4192,95.0,0.99349180428,0.916493951871,0.0229410295726
223.757,73.731,95.0,0.99349180428,0.916493951871,0.0229410295726
220.935,74.9406,95.0,0.99349180428,0.916493951871,0.0229410295726
218.007,75.5042,95.0,0.99349180428,0.916493951871,0.0229410295726
215.287,76.9371,95.0,0.99349180428,0.916493951871,0.0229410295726
212.709,78.5238,95.0,0.99349180428,0.916493951871,0.0229410295726
210.224,80.249,95.0,0.99349180428,0.916493951871,0.0229410295726
207.332,81.2541,95.0,0.99349180428,0.916493951871,0.0229410295726
204.77,82.9262,95.0,0.99349180428,0.916493951871,0.0229410295726
202.264,84.6645,95.0,0.99349180428,0.916493951871,0.0229410295726
199.555,86.0734,95.0,0.99349180428,0.916493951871,0.0229410295726
197.22,88.0045,95.0,0.99349180428,0.916493951871,0.0229410295726
194.555,89.4777,95.0,0.99349180428,0.916493951871,0.0229410295726
192.361,91.6077,95.0,0.99349180428,0.916493951871,0.0229410295726
189.609,92.9376,95.0,0.99349180428,0.916493951871,0.0229410295726
187.835,95.2441,95.0,0.99349180428,0.916493951871,0.0229410295726
186.755,98.0717,95.0,0.99349180428,0.916493951871,0.0229410295726
185.989,100.862,95.0,0.99349180428,0.916493951871,0.0229410295726
185.469,103.795,95.0,0.99349180428,0.916493951871,0.0229410295726
185.451,106.853,95.0,0.99349180428,0.916493951871,0.0229410295726
185.441,109.916,95.0,0.99349180428,0.916493951871,0.0229410295726
185.45,112.978,95.0,0.99349180428,0.916493951871,0.0229410295726
186.553,115.734,95.0,0.99349180428,0.916493951871,0.0229410295726
187.795,118.276,95.0,0.99349180428,0.916493951871,0.0229410295726
189.827,120.439,95.0,0.99349180428,0.916493951871,0.0229410295726
192.588,121.833,95.0,0.99349180428,0.916493951871,0.0229410295726
194.952,123.739,95.0,0.99349180428,0.916493951871,0.0229410295726
197.297,125.652,95.0,0.99349180428,0.916493951871,0.0229410295726
200.145,126.517,95.0,0.99349180428,0.916493951871,0.0229410295726
203.003,127.372,95.0,0.99349180428,0.916493951871,0.0229410295726
205.847,128.297,95.0,0.99349180428,0.916493951871,0.0229410295726
208.946,128.144,95.0,0.99349180428,0.916493951871,0.0229410295726
212.005,128.159,95.0,0.99349180428,0.916493951871,0.0229410295726
215.067,128.16,95.0,0.99349180428,0.916493951871,0.0229410295726
218.13,128.16,95.0,0.99349180428,0.916493951871,0.0229410295726
221.206,128.237,95.0,0.99349180428,0.916493951871,0.0229410295726
224.142,127.469,95.0,0.99349180428,0.916493951871,0.0229410295726
227.231,127.497,95.0,0.99349180428,0.916493951871,0.0229410295726
230.154,126.945,95.0,0.99349180428,0.916493951871,0.0229410295726
233.168,126.669,95.0,0.99349180428,0.916493951871,0.0229410295726
235.742,125.374,95.0,0.99349180428,0.916493951871,0.0229410295726
238.618,124.245,95.0,0.99349180428,0.916493951871,0.0229410295726
241.335,123.37,95.0,0.99349180428,0.916493951871,0.0229410295726
243.777,121.493,95.0,0.99349180428,0.916493951871,0.0229410295726
246.251,120.077,95.0,0.99349180428,0.916493951871,0.0229410295726
248.329,118.067,95.0,0.99349180428,0.916493951871,0.0229410295726
250.76,116.332,95.0,0.99349180428,0.916493951871,0.0229410295726
252.293,113.896,95.0,0.99349180428,0.916493951871,0.0229410295726
253.387,111.287,95.0,0.99349180428,0.916493951871,0.0229410295726
254.112,108.525,95.0,0.99349180428,0.916493951871,0.0229410295726
254.109,105.461,95.0,0.99349180428,0.916493951871,0.0229410295726
254.03,102.411,95.0,0.99349180428,0.916493951871,0.0229410295726
253.633,99.4076,95.0,0.99349180428,0.916493951871,0.0229410295726
252.949,96.4477,95.0,0.99349180428,0.916493951871,0.0229410295726
252.03,93.523,95.0,0.99349180428,0.916493951871,0.0229410295726
250.93,90.6258,95.0,0.99349180428,0.916493951871,0.0229410295726
249.699,87.7481,95.0,0.99349180428,0.916493951871,0.0229410295726
248.39,84.8822,95.0,0.99349180428,0.916493951871,0.0229410295726
