105.544,32.2942,96.0,0.879250811287,0.940481771473,0.412479914238
104.212,30.2764,96.0,0.879250811287,0.940481771473,0.412479914238
102.584,28.4394,96.0,0.879250811287,0.940481771473,0.412479914238
100.332,27.6934,96.0,0.879250811287,0.940481771473,0.412479914238
98.0679,27.2181,96.0,0.879250811287,0.940481771473,0.412479914238
95.8302,26.7006,96.0,0.879250811287,0.940481771473,0.412479914238
93.5573,25.9787,96.0,0.879250811287,0.940481771473,0.412479914238
91.6595,24.6654,96.0,0.879250811287,0.940481771473,0.412479914238
89.4171,24.185,96.0,0.879250811287,0.940481771473,0.412479914238
87.2161,23.6052,96.0,0.879250811287,0.940481771473,0.412479914238
84.7879,23.5737,96.0,0.879250811287,0.940481771473,0.412479914238
82.3466,23.5739,96.0,0.879250811287,0.940481771473,0.412479914238
79.9055,23.5752,96.0,0.879250811287,0.940481771473,0.412479914238
77.4604,23.5444,96.0,0.879250811287,0.940481771473,0.412479914238
75.0986,24.0877,96.0,0.879250811287,0.940481771473,0.412479914238
72.8975,25.1618,96.0,0.879250811287,0.940481771473,0.412479914238
70.7195,26.2604,96.0,0.879250811287,0.940481771473,0.412479914238
68.5022,27.311,96.0,0.879250811287,0.940481771473,0.412479914238
66.7446,29.0251,96.0,0.879250811287,0.940481771473,0.412479914238
64.4466,29.6436,96.0,0.879250811287,0.940481771473,0.412479914238
62.4969,31.0314,96.0,0.879250811287,0.940481771473,0.412479914238
60.38,32.1726,96.0,0.879250811287,0.940481771473,0.412479914238
57.9321,32.2722,96.0,0.879250811287,0.940481771473,0.412479914238
56.3573,33.1371,96.0,0.879250811287,0.940481771473,0.412479914238
53.9361,33.1523,96.0,0.879250811287,0.940481771473,0.412479914238
51.4068,33.1877,96.0,0.879250811287,0.940481771473,0.412479914238
49.3503,34.4481,96.0,0.879250811287,0.940481771473,0.412479914238
47.359,35.522,96.0,0.879250811287,0.940481771473,0.412479914238
45.2809,36.7581,96.0,0.879250811287,0.940481771473,0.412479914238
43.5979,38.5207,96.0,0.879250811287,0.940481771473,0.412479914238
42.4333,40.5032,96.0,0.879250811287,0.940481771473,0.412479914238
42.6099,42.292,96.0,0.879250811287,0.940481771473,0.412479914238
42.9984,44.6605,96.0,0.879250811287,0.940481771473,0.412479914238
44.6923,46.4314,96.0,0.879250811287,0.940481771473,0.412479914238
45.9073,48.5271,96.0,0.879250811287,0.940481771473,0.412479914238
47.7581,50.1674,96.0,0.879250811287,0.940481771473,0.412479914238
49.7289,51.5305,96.0,0.879250811287,0.940481771473,0.412479914238
51.028,53.3504,96.0,0.879250811287,0.940481771473,0.412479914238
52.9597,54.7512,96.0,0.879250811287,0.940481771473,0.412479914238
54.6862,56.4766,96.0,0.879250811287,0.940481771473,0.412479914238
56.4034,58.2126,96.0,0.879250811287,0.940481771473,0.412479914238
58.4943,59.4331,96.0,0.879250811287,0.940481771473,0.412479914238
60.954,59.5173,96.0,0.879250811287,0.940481771473,0.412479914238
63.2493,60.2393,96.0,0.879250811287,0.940481771473,0.412479914238
65.3022,61.1464,96.0,0.879250811287,0.940481771473,0.412479914238
67.757,61.1179,96.0,0.879250811287,0.940481771473,0.412479914238
70.218,61.0409,96.0,0.879250811287,0.940481771473,0.412479914238
72.4425,61.9555,96.0,0.879250811287,0.940481771473,0.412479914238
74.8931,61.8842,96.0,0.879250811287,0.940481771473,0.412479914238
76.9843,61.04,96.0,0.879250811287,0.940481771473,0.412479914238
79.3764,60.7539,96.0,0.879250811287,0.940481771473,0.412479914238
81.5326,59.5746,96.0,0.879250811287,0.940481771473,0.412479914238
83.7778,58.7165,96.0,0.879250811287,0.940481771473,0.412479914238
85.5725,57.1792,96.0,0.879250811287,0.940481771473,0.412479914238
87.675,55.9745,96.0,0.879250811287,0.940481771473,0.412479914238
89.6102,54.733,96.0,0.879250811287,0.940481771473,0.412479914238
90.9116,53.129,96.0,0.879250811287,0.940481771473,0.412479914238
92.8502,51.7859,96.0,0.879250811287,0.940481771473,0.412479914238
95.1222,50.9221,96.0,0.879250811287,0.940481771473,0.412479914238
97.1264,49.7165,96.0,0.879250811287,0.940481771473,0.412479914238
98.8771,48.1792,96.0,0.879250811287,0.940481771473,0.412479914238
100.408,46.3543,96.0,0.879250811287,0.940481771473,0.412479914238
101.753,44.286,96.0,0.879250811287,0.940481771473,0.412479914238
102.946,42.0187,96.0,0.879250811287,0.940481771473,0.412479914238
104.021,39.5966,96.0,0.879250811287,0.940481771473,0.412479914238
105.011,37.0639,96.0,0.879250811287,0.940481771473,0.412479914238
105.95,34.4648,96.0,0.879250811287,0.940481771473,0.412479914238
