126.017,474.604,162.0,0.924755234591,0.616067928579,0.362038330593
125.377,475.984,162.0,0.924755234591,0.616067928579,0.362038330593
124.139,477.117,162.0,0.924755234591,0.616067928579,0.362038330593
123.709,478.639,162.0,0.924755234591,0.616067928579,0.362038330593
123.298,480.182,162.0,0.924755234591,0.616067928579,0.362038330593
122.67,481.678,162.0,0.924755234591,0.616067928579,0.362038330593
122.689,483.327,162.0,0.924755234591,0.616067928579,0.362038330593
122.66,484.975,162.0,0.924755234591,0.616067928579,0.362038330593
123.767,485.945,162.0,0.924755234591,0.616067928579,0.362038330593
125.326,486.189,162.0,0.924755234591,0.616067928579,0.362038330593
127.024,486.523,162.0,0.924755234591,0.616067928579,0.362038330593
127.936,487.257,162.0,0.924755234591,0.616067928579,0.362038330593
129.31,486.576,162.0,0.924755234591,0.616067928579,0.362038330593
129.965,485.196,162.0,0.924755234591,0.616067928579,0.362038330593
131.334,484.114,162.0,0.924755234591,0.616067928579,0.362038330593
131.932,482.72,162.0,0.924755234591,0.616067928579,0.362038330593
131.926,481.074,162.0,0.924755234591,0.616067928579,0.362038330593
131.926,479.429,162.0,0.924755234591,0.616067928579,0.362038330593
131.924,477.786,162.0,0.924755234591,0.616067928579,0.362038330593
131.941,476.13,162.0,0.924755234591,0.616067928579,0.362038330593
131.252,474.963,162.0,0.924755234591,0.616067928579,0.362038330593
129.74,474.367,162.0,0.924755234591,0.616067928579,0.362038330593
127.733,474.113,162.0,0.924755234591,0.616067928579,0.362038330593
