132.277,472.752,167.0,0.9090535119,0.829143151863,0.724368784511
129.759,472.712,167.0,0.9090535119,0.829143151863,0.724368784511
127.308,472.473,167.0,0.9090535119,0.829143151863,0.724368784511
125.061,471.369,167.0,0.9090535119,0.829143151863,0.724368784511
122.577,471.187,167.0,0.9090535119,0.829143151863,0.724368784511
120.151,470.69,167.0,0.9090535119,0.829143151863,0.724368784511
117.634,470.747,167.0,0.9090535119,0.829143151863,0.724368784511
115.127,470.738,167.0,0.9090535119,0.829143151863,0.724368784511
112.584,470.887,167.0,0.9090535119,0.829143151863,0.724368784511
110.256,470.123,167.0,0.9090535119,0.829143151863,0.724368784511
107.748,470.129,167.0,0.9090535119,0.829143151863,0.724368784511
105.29,469.829,167.0,0.9090535119,0.829143151863,0.724368784511
102.915,469.005,167.0,0.9090535119,0.829143151863,0.724368784511
100.547,468.147,167.0,0.9090535119,0.829143151863,0.724368784511
98.0598,468.041,167.0,0.9090535119,0.829143151863,0.724368784511
95.8297,466.871,167.0,0.9090535119,0.829143151863,0.724368784511
93.4267,466.134,167.0,0.9090535119,0.829143151863,0.724368784511
90.9983,465.765,167.0,0.9090535119,0.829143151863,0.724368784511
88.6015,465.29,167.0,0.9090535119,0.829143151863,0.724368784511
86.2047,464.817,167.0,0.9090535119,0.829143151863,0.724368784511
83.699,464.806,167.0,0.9090535119,0.829143151863,0.724368784511
81.1909,464.806,167.0,0.9090535119,0.829143151863,0.724368784511
78.6817,464.803,167.0,0.9090535119,0.829143151863,0.724368784511
76.1638,464.763,167.0,0.9090535119,0.829143151863,0.724368784511
73.895,465.791,167.0,0.9090535119,0.829143151863,0.724368784511
71.6299,466.881,167.0,0.9090535119,0.829143151863,0.724368784511
69.9971,468.604,167.0,0.9090535119,0.829143151863,0.724368784511
68.3783,470.487,167.0,0.9090535119,0.829143151863,0.724368784511
66.7577,472.417,167.0,0.9090535119,0.829143151863,0.724368784511
66.5426,474.87,167.0,0.9090535119,0.829143151863,0.724368784511
67.2952,477.199,167.0,0.9090535119,0.829143151863,0.724368784511
68.0894,479.502,167.0,0.9090535119,0.829143151863,0.724368784511
69.8641,481.275,167.0,0.9090535119,0.829143151863,0.724368784511
72.332,481.812,167.0,0.9090535119,0.829143151863,0.724368784511
74.5164,482.62,167.0,0.9090535119,0.829143151863,0.724368784511
76.8619,483.307,167.0,0.9090535119,0.829143151863,0.724368784511
79.3965,483.198,167.0,0.9090535119,0.829143151863,0.724368784511
81.733,483.926,167.0,0.9090535119,0.829143151863,0.724368784511
84.2391,483.936,167.0,0.9090535119,0.829143151863,0.724368784511
86.7458,483.942,167.0,0.9090535119,0.829143151863,0.724368784511
89.2545,483.941,167.0,0.9090535119,0.829143151863,0.724368784511
91.7628,483.94,167.0,0.9090535119,0.829143151863,0.724368784511
94.2712,483.94,167.0,0.9090535119,0.829143151863,0.724368784511
96.7772,483.95,167.0,0.9090535119,0.829143151863,0.724368784511
99.3242,483.786,167.0,0.9090535119,0.829143151863,0.724368784511
101.637,484.615,167.0,0.9090535119,0.829143151863,0.724368784511
104.149,484.598,167.0,0.9090535119,0.829143151863,0.724368784511
106.667,484.559,167.0,0.9090535119,0.829143151863,0.724368784511
109.0,485.3,167.0,0.9090535119,0.829143151863,0.724368784511
111.532,485.2,167.0,0.9090535119,0.829143151863,0.724368784511
113.866,485.936,167.0,0.9090535119,0.829143151863,0.724368784511
116.4,485.867,167.0,0.9090535119,0.829143151863,0.724368784511
118.608,486.593,167.0,0.9090535119,0.829143151863,0.724368784511
121.122,486.58,167.0,0.9090535119,0.829143151863,0.724368784511
123.63,486.579,167.0,0.9090535119,0.829143151863,0.724368784511
126.153,486.642,167.0,0.9090535119,0.829143151863,0.724368784511
128.49,485.916,167.0,0.9090535119,0.829143151863,0.724368784511
130.872,485.135,167.0,0.9090535119,0.829143151863,0.724368784511
132.859,483.851,167.0,0.9090535119,0.829143151863,0.724368784511
133.933,481.93,167.0,0.9090535119,0.829143151863,0.724368784511
134.266,479.486,167.0,0.9090535119,0.829143151863,0.724368784511
134.069,476.667,167.0,0.9090535119,0.829143151863,0.724368784511
133.556,473.623,167.0,0.9090535119,0.829143151863,0.724368784511
