143.379,458.661,173.0,0.924755234591,0.616067928579,0.362038330593
141.991,460.772,173.0,0.924755234591,0.616067928579,0.362038330593
139.594,461.952,173.0,0.924755234591,0.616067928579,0.362038330593
137.405,463.386,173.0,0.924755234591,0.616067928579,0.362038330593
134.983,464.273,173.0,0.924755234591,0.616067928579,0.362038330593
132.81,465.665,173.0,0.924755234591,0.616067928579,0.362038330593
130.342,466.493,173.0,0.924755234591,0.616067928579,0.362038330593
128.408,468.135,173.0,0.924755234591,0.616067928579,0.362038330593
125.957,468.771,173.0,0.924755234591,0.616067928579,0.362038330593
123.509,469.377,173.0,0.924755234591,0.616067928579,0.362038330593
120.941,469.407,173.0,0.924755234591,0.616067928579,0.362038330593
118.459,469.138,173.0,0.924755234591,0.616067928579,0.362038330593
116.256,468.204,173.0,0.924755234591,0.616067928579,0.362038330593
113.988,467.427,173.0,0.924755234591,0.616067928579,0.362038330593
111.937,466.124,173.0,0.924755234591,0.616067928579,0.362038330593
109.646,465.366,173.0,0.924755234591,0.616067928579,0.362038330593
107.524,463.774,173.0,0.924755234591,0.616067928579,0.362038330593
105.193,462.652,173.0,0.924755234591,0.616067928579,0.362038330593
102.821,461.604,173.0,0.924755234591,0.616067928579,0.362038330593
100.219,461.479,173.0,0.924755234591,0.616067928579,0.362038330593
97.8862,460.872,173.0,0.924755234591,0.616067928579,0.362038330593
95.4628,460.161,173.0,0.924755234591,0.616067928579,0.362038330593
93.0188,459.541,173.0,0.924755234591,0.616067928579,0.362038330593
90.6451,458.504,173.0,0.924755234591,0.616067928579,0.362038330593
88.0791,458.2,173.0,0.924755234591,0.616067928579,0.362038330593
85.4888,458.206,173.0,0.924755234591,0.616067928579,0.362038330593
82.8985,458.207,173.0,0.924755234591,0.616067928579,0.362038330593
80.3091,458.218,173.0,0.924755234591,0.616067928579,0.362038330593
77.7488,458.451,173.0,0.924755234591,0.616067928579,0.362038330593
75.5094,459.886,173.0,0.924755234591,0.616067928579,0.362038330593
73.2047,460.831,173.0,0.924755234591,0.616067928579,0.362038330593
71.8709,462.867,173.0,0.924755234591,0.616067928579,0.362038330593
71.2661,465.318,173.0,0.924755234591,0.616067928579,0.362038330593
71.6351,467.835,173.0,0.924755234591,0.616067928579,0.362038330593
73.9134,469.069,173.0,0.924755234591,0.616067928579,0.362038330593
76.3434,470.005,173.0,0.924755234591,0.616067928579,0.362038330593
78.934,470.03,173.0,0.924755234591,0.616067928579,0.362038330593
81.3405,470.789,173.0,0.924755234591,0.616067928579,0.362038330593
83.8654,471.245,173.0,0.924755234591,0.616067928579,0.362038330593
86.4278,471.409,173.0,0.924755234591,0.616067928579,0.362038330593
88.9155,472.067,173.0,0.924755234591,0.616067928579,0.362038330593
91.3737,472.608,173.0,0.924755234591,0.616067928579,0.362038330593
93.9123,472.918,173.0,0.924755234591,0.616067928579,0.362038330593
96.4624,473.326,173.0,0.924755234591,0.616067928579,0.362038330593
98.887,474.026,173.0,0.924755234591,0.616067928579,0.362038330593
100.92,475.37,173.0,0.924755234591,0.616067928579,0.362038330593
103.162,476.207,173.0,0.924755234591,0.616067928579,0.362038330593
105.199,477.813,173.0,0.924755234591,0.616067928579,0.362038330593
107.583,478.671,173.0,0.924755234591,0.616067928579,0.362038330593
109.85,479.758,173.0,0.924755234591,0.616067928579,0.362038330593
112.087,480.595,173.0,0.924755234591,0.616067928579,0.362038330593
114.384,481.824,173.0,0.924755234591,0.616067928579,0.362038330593
116.901,482.131,173.0,0.924755234591,0.616067928579,0.362038330593
119.142,483.58,173.0,0.924755234591,0.616067928579,0.362038330593
121.593,484.076,173.0,0.924755234591,0.616067928579,0.362038330593
123.693,485.312,173.0,0.924755234591,0.616067928579,0.362038330593
125.696,486.954,173.0,0.924755234591,0.616067928579,0.362038330593
127.534,488.781,173.0,0.924755234591,0.616067928579,0.362038330593
129.373,490.603,173.0,0.924755234591,0.616067928579,0.362038330593
131.721,491.722,173.0,0.924755234591,0.616067928579,0.362038330593
133.726,493.158,173.0,0.924755234591,0.616067928579,0.362038330593
136.032,493.862,173.0,0.924755234591,0.616067928579,0.362038330593
138.449,494.592,173.0,0.924755234591,0.616067928579,0.362038330593
141.074,494.559,173.0,0.924755234591,0.616067928579,0.362038330593
143.52,493.841,173.0,0.924755234591,0.616067928579,0.362038330593
145.221,492.416,173.0,0.924755234591,0.616067928579,0.362038330593
147.334,490.965,173.0,0.924755234591,0.616067928579,0.362038330593
148.497,488.683,173.0,0.924755234591,0.616067928579,0.362038330593
149.395,486.344,173.0,0.924755234591,0.616067928579,0.362038330593
150.453,484.589,173.0,0.924755234591,0.616067928579,0.362038330593
151.638,482.233,173.0,0.924755234591,0.616067928579,0.362038330593
151.87,479.738,173.0,0.924755234591,0.616067928579,0.362038330593
153.601,477.89,173.0,0.924755234591,0.616067928579,0.362038330593
154.436,475.846,173.0,0.924755234591,0.616067928579,0.362038330593
154.526,473.671,173.0,0.924755234591,0.616067928579,0.362038330593
153.969,471.383,173.0,0.924755234591,0.616067928579,0.362038330593
152.866,468.998,173.0,0.924755234591,0.616067928579,0.362038330593
151.316,466.535,173.0,0.924755234591,0.616067928579,0.362038330593
149.418,464.011,173.0,0.924755234591,0.616067928579,0.362038330593
147.271,461.444,173.0,0.924755234591,0.616067928579,0.362038330593
144.976,458.85,173.0,0.924755234591,0.616067928579,0.362038330593
