143.048,461.53,175.0,0.924755234591,0.616067928579,0.362038330593
140.86,463.283,175.0,0.924755234591,0.616067928579,0.362038330593
138.713,465.066,175.0,0.924755234591,0.616067928579,0.362038330593
135.952,465.872,175.0,0.924755234591,0.616067928579,0.362038330593
133.382,467.025,175.0,0.924755234591,0.616067928579,0.362038330593
130.802,468.103,175.0,0.924755234591,0.616067928579,0.362038330593
128.105,468.74,175.0,0.924755234591,0.616067928579,0.362038330593
125.583,469.465,175.0,0.924755234591,0.616067928579,0.362038330593
122.734,469.425,175.0,0.924755234591,0.616067928579,0.362038330593
119.9,469.426,175.0,0.924755234591,0.616067928579,0.362038330593
117.062,469.447,175.0,0.924755234591,0.616067928579,0.362038330593
114.444,468.539,175.0,0.924755234591,0.616067928579,0.362038330593
111.757,467.936,175.0,0.924755234591,0.616067928579,0.362038330593
109.157,467.169,175.0,0.924755234591,0.616067928579,0.362038330593
106.703,465.752,175.0,0.924755234591,0.616067928579,0.362038330593
104.55,463.968,175.0,0.924755234591,0.616067928579,0.362038330593
102.221,462.416,175.0,0.924755234591,0.616067928579,0.362038330593
99.7663,461.039,175.0,0.924755234591,0.616067928579,0.362038330593
97.6665,459.159,175.0,0.924755234591,0.616067928579,0.362038330593
94.9915,458.216,175.0,0.924755234591,0.616067928579,0.362038330593
92.3171,457.544,175.0,0.924755234591,0.616067928579,0.362038330593
89.656,456.818,175.0,0.924755234591,0.616067928579,0.362038330593
86.8081,456.888,175.0,0.924755234591,0.616067928579,0.362038330593
83.9569,456.812,175.0,0.924755234591,0.616067928579,0.362038330593
81.2493,457.538,175.0,0.924755234591,0.616067928579,0.362038330593
78.8406,458.518,175.0,0.924755234591,0.616067928579,0.362038330593
76.7044,460.249,175.0,0.924755234591,0.616067928579,0.362038330593
75.2376,462.689,175.0,0.924755234591,0.616067928579,0.362038330593
73.8711,464.94,175.0,0.924755234591,0.616067928579,0.362038330593
74.7015,467.235,175.0,0.924755234591,0.616067928579,0.362038330593
76.8269,469.111,175.0,0.924755234591,0.616067928579,0.362038330593
78.9157,471.0,175.0,0.924755234591,0.616067928579,0.362038330593
81.5125,472.077,175.0,0.924755234591,0.616067928579,0.362038330593
84.1685,472.831,175.0,0.924755234591,0.616067928579,0.362038330593
87.029,472.715,175.0,0.924755234591,0.616067928579,0.362038330593
89.6846,473.466,175.0,0.924755234591,0.616067928579,0.362038330593
92.5571,473.299,175.0,0.924755234591,0.616067928579,0.362038330593
95.3684,473.39,175.0,0.924755234591,0.616067928579,0.362038330593
98.2033,473.382,175.0,0.924755234591,0.616067928579,0.362038330593
101.037,473.379,175.0,0.924755234591,0.616067928579,0.362038330593
103.866,473.399,175.0,0.924755234591,0.616067928579,0.362038330593
106.675,473.542,175.0,0.924755234591,0.616067928579,0.362038330593
109.431,474.03,175.0,0.924755234591,0.616067928579,0.362038330593
112.103,474.706,175.0,0.924755234591,0.616067928579,0.362038330593
114.832,475.428,175.0,0.924755234591,0.616067928579,0.362038330593
117.377,476.215,175.0,0.924755234591,0.616067928579,0.362038330593
119.941,477.341,175.0,0.924755234591,0.616067928579,0.362038330593
122.608,478.224,175.0,0.924755234591,0.616067928579,0.362038330593
124.404,480.224,175.0,0.924755234591,0.616067928579,0.362038330593
125.879,482.382,175.0,0.924755234591,0.616067928579,0.362038330593
127.621,484.573,175.0,0.924755234591,0.616067928579,0.362038330593
129.427,486.717,175.0,0.924755234591,0.616067928579,0.362038330593
131.656,488.411,175.0,0.924755234591,0.616067928579,0.362038330593
133.649,490.485,175.0,0.924755234591,0.616067928579,0.362038330593
136.116,491.37,175.0,0.924755234591,0.616067928579,0.362038330593
138.744,491.863,175.0,0.924755234591,0.616067928579,0.362038330593
141.584,491.884,175.0,0.924755234591,0.616067928579,0.362038330593
144.271,490.996,175.0,0.924755234591,0.616067928579,0.362038330593
147.095,490.618,175.0,0.924755234591,0.616067928579,0.362038330593
149.249,488.992,175.0,0.924755234591,0.616067928579,0.362038330593
151.455,487.478,175.0,0.924755234591,0.616067928579,0.362038330593
153.448,485.469,175.0,0.924755234591,0.616067928579,0.362038330593
155.727,483.803,175.0,0.924755234591,0.616067928579,0.362038330593
158.038,482.227,175.0,0.924755234591,0.616067928579,0.362038330593
158.812,479.738,175.0,0.924755234591,0.616067928579,0.362038330593
158.008,476.93,175.0,0.924755234591,0.616067928579,0.362038330593
156.843,474.341,175.0,0.924755234591,0.616067928579,0.362038330593
155.366,471.942,175.0,0.924755234591,0.616067928579,0.362038330593
153.624,469.705,175.0,0.924755234591,0.616067928579,0.362038330593
151.666,467.6,175.0,0.924755234591,0.616067928579,0.362038330593
149.539,465.597,175.0,0.924755234591,0.616067928579,0.362038330593
147.293,463.668,175.0,0.924755234591,0.616067928579,0.362038330593
144.974,461.783,175.0,0.924755234591,0.616067928579,0.362038330593
