133.944,468.772,179.0,0.924755234591,0.616067928579,0.362038330593
131.633,469.413,179.0,0.924755234591,0.616067928579,0.362038330593
129.062,469.428,179.0,0.924755234591,0.616067928579,0.362038330593
126.476,469.487,179.0,0.924755234591,0.616067928579,0.362038330593
124.086,468.719,179.0,0.924755234591,0.616067928579,0.362038330593
121.577,468.235,179.0,0.924755234591,0.616067928579,0.362038330593
119.144,467.538,179.0,0.924755234591,0.616067928579,0.362038330593
116.868,466.829,179.0,0.924755234591,0.616067928579,0.362038330593
114.673,465.758,179.0,0.924755234591,0.616067928579,0.362038330593
112.343,465.056,179.0,0.924755234591,0.616067928579,0.362038330593
109.978,464.115,179.0,0.924755234591,0.616067928579,0.362038330593
107.463,463.781,179.0,0.924755234591,0.616067928579,0.362038330593
104.956,463.488,179.0,0.924755234591,0.616067928579,0.362038330593
102.432,463.276,179.0,0.924755234591,0.616067928579,0.362038330593
99.9608,462.84,179.0,0.924755234591,0.616067928579,0.362038330593
97.3891,462.826,179.0,0.924755234591,0.616067928579,0.362038330593
94.8096,462.812,179.0,0.924755234591,0.616067928579,0.362038330593
92.2368,462.813,179.0,0.924755234591,0.616067928579,0.362038330593
89.8641,463.296,179.0,0.924755234591,0.616067928579,0.362038330593
87.9904,465.11,179.0,0.924755234591,0.616067928579,0.362038330593
87.1494,467.338,179.0,0.924755234591,0.616067928579,0.362038330593
86.904,470.012,179.0,0.924755234591,0.616067928579,0.362038330593
87.7429,472.176,179.0,0.924755234591,0.616067928579,0.362038330593
89.0633,473.591,179.0,0.924755234591,0.616067928579,0.362038330593
91.3157,474.834,179.0,0.924755234591,0.616067928579,0.362038330593
93.6089,476.014,179.0,0.924755234591,0.616067928579,0.362038330593
96.0565,476.54,179.0,0.924755234591,0.616067928579,0.362038330593
98.5202,477.298,179.0,0.924755234591,0.616067928579,0.362038330593
101.106,477.346,179.0,0.924755234591,0.616067928579,0.362038330593
103.673,477.38,179.0,0.924755234591,0.616067928579,0.362038330593
106.08,478.086,179.0,0.924755234591,0.616067928579,0.362038330593
108.674,477.998,179.0,0.924755234591,0.616067928579,0.362038330593
111.248,478.001,179.0,0.924755234591,0.616067928579,0.362038330593
113.823,477.996,179.0,0.924755234591,0.616067928579,0.362038330593
116.383,478.054,179.0,0.924755234591,0.616067928579,0.362038330593
118.993,477.901,179.0,0.924755234591,0.616067928579,0.362038330593
121.386,478.667,179.0,0.924755234591,0.616067928579,0.362038330593
123.965,478.647,179.0,0.924755234591,0.616067928579,0.362038330593
126.413,479.249,179.0,0.924755234591,0.616067928579,0.362038330593
128.68,479.985,179.0,0.924755234591,0.616067928579,0.362038330593
130.904,481.322,179.0,0.924755234591,0.616067928579,0.362038330593
132.89,482.917,179.0,0.924755234591,0.616067928579,0.362038330593
134.706,484.745,179.0,0.924755234591,0.616067928579,0.362038330593
136.522,486.575,179.0,0.924755234591,0.616067928579,0.362038330593
138.833,487.232,179.0,0.924755234591,0.616067928579,0.362038330593
141.191,488.316,179.0,0.924755234591,0.616067928579,0.362038330593
143.708,488.546,179.0,0.924755234591,0.616067928579,0.362038330593
146.277,488.548,179.0,0.924755234591,0.616067928579,0.362038330593
148.866,488.608,179.0,0.924755234591,0.616067928579,0.362038330593
151.221,487.574,179.0,0.924755234591,0.616067928579,0.362038330593
153.625,486.825,179.0,0.924755234591,0.616067928579,0.362038330593
156.163,485.706,179.0,0.924755234591,0.616067928579,0.362038330593
157.41,483.663,179.0,0.924755234591,0.616067928579,0.362038330593
158.339,481.474,179.0,0.924755234591,0.616067928579,0.362038330593
158.6,479.007,179.0,0.924755234591,0.616067928579,0.362038330593
159.043,476.642,179.0,0.924755234591,0.616067928579,0.362038330593
158.664,474.096,179.0,0.924755234591,0.616067928579,0.362038330593
158.135,471.643,179.0,0.924755234591,0.616067928579,0.362038330593
157.651,469.184,179.0,0.924755234591,0.616067928579,0.362038330593
156.473,467.123,179.0,0.924755234591,0.616067928579,0.362038330593
154.041,465.971,179.0,0.924755234591,0.616067928579,0.362038330593
151.554,465.294,179.0,0.924755234591,0.616067928579,0.362038330593
149.02,465.03,179.0,0.924755234591,0.616067928579,0.362038330593
146.446,465.114,179.0,0.924755234591,0.616067928579,0.362038330593
143.84,465.483,179.0,0.924755234591,0.616067928579,0.362038330593
141.208,466.074,179.0,0.924755234591,0.616067928579,0.362038330593
138.558,466.823,179.0,0.924755234591,0.616067928579,0.362038330593
135.898,467.667,179.0,0.924755234591,0.616067928579,0.362038330593
