113.746,467.468,182.0,0.924755234591,0.616067928579,0.362038330593
111.791,467.027,182.0,0.924755234591,0.616067928579,0.362038330593
109.885,466.52,182.0,0.924755234591,0.616067928579,0.362038330593
108.252,465.526,182.0,0.924755234591,0.616067928579,0.362038330593
106.203,465.502,182.0,0.924755234591,0.616067928579,0.362038330593
104.858,464.803,182.0,0.924755234591,0.616067928579,0.362038330593
102.921,464.151,182.0,0.924755234591,0.616067928579,0.362038330593
100.879,464.155,182.0,0.924755234591,0.616067928579,0.362038330593
98.8388,464.147,182.0,0.924755234591,0.616067928579,0.362038330593
96.7973,464.146,182.0,0.924755234591,0.616067928579,0.362038330593
94.7557,464.146,182.0,0.924755234591,0.616067928579,0.362038330593
92.7145,464.15,182.0,0.924755234591,0.616067928579,0.362038330593
90.6755,464.177,182.0,0.924755234591,0.616067928579,0.362038330593
88.6692,464.568,182.0,0.924755234591,0.616067928579,0.362038330593
86.6425,464.813,182.0,0.924755234591,0.616067928579,0.362038330593
84.611,464.826,182.0,0.924755234591,0.616067928579,0.362038330593
82.7306,465.215,182.0,0.924755234591,0.616067928579,0.362038330593
80.8823,465.682,182.0,0.924755234591,0.616067928579,0.362038330593
79.0438,466.172,182.0,0.924755234591,0.616067928579,0.362038330593
77.6209,467.689,182.0,0.924755234591,0.616067928579,0.362038330593
76.2031,469.136,182.0,0.924755234591,0.616067928579,0.362038330593
74.5389,470.27,182.0,0.924755234591,0.616067928579,0.362038330593
72.9203,471.258,182.0,0.924755234591,0.616067928579,0.362038330593
71.5455,472.603,182.0,0.924755234591,0.616067928579,0.362038330593
70.4561,474.068,182.0,0.924755234591,0.616067928579,0.362038330593
69.8372,475.54,182.0,0.924755234591,0.616067928579,0.362038330593
69.2488,477.449,182.0,0.924755234591,0.616067928579,0.362038330593
69.2299,479.496,182.0,0.924755234591,0.616067928579,0.362038330593
70.4436,481.018,182.0,0.924755234591,0.616067928579,0.362038330593
71.52,482.158,182.0,0.924755234591,0.616067928579,0.362038330593
72.571,483.972,182.0,0.924755234591,0.616067928579,0.362038330593
74.2052,484.953,182.0,0.924755234591,0.616067928579,0.362038330593
75.8455,485.921,182.0,0.924755234591,0.616067928579,0.362038330593
77.7403,486.548,182.0,0.924755234591,0.616067928579,0.362038330593
79.7697,486.654,182.0,0.924755234591,0.616067928579,0.362038330593
81.7344,487.233,182.0,0.924755234591,0.616067928579,0.362038330593
83.7644,487.261,182.0,0.924755234591,0.616067928579,0.362038330593
85.7993,487.282,182.0,0.924755234591,0.616067928579,0.362038330593
87.5764,487.92,182.0,0.924755234591,0.616067928579,0.362038330593
89.6233,487.907,182.0,0.924755234591,0.616067928579,0.362038330593
91.6681,487.899,182.0,0.924755234591,0.616067928579,0.362038330593
93.7087,487.896,182.0,0.924755234591,0.616067928579,0.362038330593
95.7518,487.901,182.0,0.924755234591,0.616067928579,0.362038330593
97.78,487.869,182.0,0.924755234591,0.616067928579,0.362038330593
99.5676,487.256,182.0,0.924755234591,0.616067928579,0.362038330593
101.4,486.75,182.0,0.924755234591,0.616067928579,0.362038330593
103.388,486.619,182.0,0.924755234591,0.616067928579,0.362038330593
104.988,485.363,182.0,0.924755234591,0.616067928579,0.362038330593
106.794,484.699,182.0,0.924755234591,0.616067928579,0.362038330593
108.205,483.655,182.0,0.924755234591,0.616067928579,0.362038330593
109.527,482.533,182.0,0.924755234591,0.616067928579,0.362038330593
110.673,480.953,182.0,0.924755234591,0.616067928579,0.362038330593
111.856,479.845,182.0,0.924755234591,0.616067928579,0.362038330593
112.989,478.691,182.0,0.924755234591,0.616067928579,0.362038330593
114.891,478.401,182.0,0.924755234591,0.616067928579,0.362038330593
115.846,477.059,182.0,0.924755234591,0.616067928579,0.362038330593
116.065,474.897,182.0,0.924755234591,0.616067928579,0.362038330593
115.758,472.15,182.0,0.924755234591,0.616067928579,0.362038330593
115.135,469.053,182.0,0.924755234591,0.616067928579,0.362038330593
