110.809,467.712,183.0,0.924755234591,0.616067928579,0.362038330593
108.777,466.764,183.0,0.924755234591,0.616067928579,0.362038330593
106.619,466.092,183.0,0.924755234591,0.616067928579,0.362038330593
104.484,464.912,183.0,0.924755234591,0.616067928579,0.362038330593
102.447,463.597,183.0,0.924755234591,0.616067928579,0.362038330593
100.386,462.686,183.0,0.924755234591,0.616067928579,0.362038330593
98.244,461.504,183.0,0.924755234591,0.616067928579,0.362038330593
95.9471,460.963,183.0,0.924755234591,0.616067928579,0.362038330593
93.6269,460.521,183.0,0.924755234591,0.616067928579,0.362038330593
91.2752,460.218,183.0,0.924755234591,0.616067928579,0.362038330593
88.9124,459.792,183.0,0.924755234591,0.616067928579,0.362038330593
86.7053,458.823,183.0,0.924755234591,0.616067928579,0.362038330593
84.2697,458.866,183.0,0.924755234591,0.616067928579,0.362038330593
81.8445,458.868,183.0,0.924755234591,0.616067928579,0.362038330593
79.42,458.871,183.0,0.924755234591,0.616067928579,0.362038330593
77.1541,459.536,183.0,0.924755234591,0.616067928579,0.362038330593
75.8608,461.425,183.0,0.924755234591,0.616067928579,0.362038330593
75.2677,463.594,183.0,0.924755234591,0.616067928579,0.362038330593
74.4744,465.824,183.0,0.924755234591,0.616067928579,0.362038330593
74.5584,468.254,183.0,0.924755234591,0.616067928579,0.362038330593
75.1574,470.593,183.0,0.924755234591,0.616067928579,0.362038330593
76.7914,472.323,183.0,0.924755234591,0.616067928579,0.362038330593
78.8641,473.597,183.0,0.924755234591,0.616067928579,0.362038330593
81.0665,474.643,183.0,0.924755234591,0.616067928579,0.362038330593
82.4942,476.471,183.0,0.924755234591,0.616067928579,0.362038330593
84.7095,477.524,183.0,0.924755234591,0.616067928579,0.362038330593
86.8787,478.627,183.0,0.924755234591,0.616067928579,0.362038330593
89.3067,478.615,183.0,0.924755234591,0.616067928579,0.362038330593
91.4897,479.64,183.0,0.924755234591,0.616067928579,0.362038330593
93.8209,480.036,183.0,0.924755234591,0.616067928579,0.362038330593
96.1084,480.617,183.0,0.924755234591,0.616067928579,0.362038330593
98.3677,481.312,183.0,0.924755234591,0.616067928579,0.362038330593
100.684,481.949,183.0,0.924755234591,0.616067928579,0.362038330593
102.838,482.629,183.0,0.924755234591,0.616067928579,0.362038330593
105.265,482.624,183.0,0.924755234591,0.616067928579,0.362038330593
107.691,482.622,183.0,0.924755234591,0.616067928579,0.362038330593
110.12,482.633,183.0,0.924755234591,0.616067928579,0.362038330593
112.277,481.982,183.0,0.924755234591,0.616067928579,0.362038330593
114.405,481.651,183.0,0.924755234591,0.616067928579,0.362038330593
115.474,480.353,183.0,0.924755234591,0.616067928579,0.362038330593
115.653,478.284,183.0,0.924755234591,0.616067928579,0.362038330593
115.141,475.616,183.0,0.924755234591,0.616067928579,0.362038330593
114.135,472.519,183.0,0.924755234591,0.616067928579,0.362038330593
112.833,469.165,183.0,0.924755234591,0.616067928579,0.362038330593
