83.9942,458.34,190.0,0.924755234591,0.616067928579,0.362038330593
81.7693,457.501,190.0,0.924755234591,0.616067928579,0.362038330593
79.3293,457.5,190.0,0.924755234591,0.616067928579,0.362038330593
77.0777,458.224,190.0,0.924755234591,0.616067928579,0.362038330593
74.7704,458.706,190.0,0.924755234591,0.616067928579,0.362038330593
72.6188,459.848,190.0,0.924755234591,0.616067928579,0.362038330593
70.4473,460.905,190.0,0.924755234591,0.616067928579,0.362038330593
68.2938,462.008,190.0,0.924755234591,0.616067928579,0.362038330593
66.245,463.284,190.0,0.924755234591,0.616067928579,0.362038330593
64.3068,464.468,190.0,0.924755234591,0.616067928579,0.362038330593
63.0669,466.499,190.0,0.924755234591,0.616067928579,0.362038330593
61.3205,468.178,190.0,0.924755234591,0.616067928579,0.362038330593
60.6207,470.322,190.0,0.924755234591,0.616067928579,0.362038330593
60.0231,472.597,190.0,0.924755234591,0.616067928579,0.362038330593
59.2914,474.849,190.0,0.924755234591,0.616067928579,0.362038330593
59.2589,477.312,190.0,0.924755234591,0.616067928579,0.362038330593
60.1042,479.387,190.0,0.924755234591,0.616067928579,0.362038330593
61.3277,481.302,190.0,0.924755234591,0.616067928579,0.362038330593
63.1173,482.909,190.0,0.924755234591,0.616067928579,0.362038330593
65.3086,483.953,190.0,0.924755234591,0.616067928579,0.362038330593
67.5323,484.886,190.0,0.924755234591,0.616067928579,0.362038330593
69.7468,485.873,190.0,0.924755234591,0.616067928579,0.362038330593
72.1583,485.911,190.0,0.924755234591,0.616067928579,0.362038330593
74.5772,485.92,190.0,0.924755234591,0.616067928579,0.362038330593
76.9982,485.92,190.0,0.924755234591,0.616067928579,0.362038330593
79.4199,485.923,190.0,0.924755234591,0.616067928579,0.362038330593
81.8746,486.065,190.0,0.924755234591,0.616067928579,0.362038330593
84.1268,485.351,190.0,0.924755234591,0.616067928579,0.362038330593
86.4461,484.92,190.0,0.924755234591,0.616067928579,0.362038330593
88.7971,484.622,190.0,0.924755234591,0.616067928579,0.362038330593
90.972,483.546,190.0,0.924755234591,0.616067928579,0.362038330593
93.2266,482.649,190.0,0.924755234591,0.616067928579,0.362038330593
95.5918,482.39,190.0,0.924755234591,0.616067928579,0.362038330593
97.7492,481.259,190.0,0.924755234591,0.616067928579,0.362038330593
99.9496,480.346,190.0,0.924755234591,0.616067928579,0.362038330593
101.921,479.252,190.0,0.924755234591,0.616067928579,0.362038330593
103.508,477.56,190.0,0.924755234591,0.616067928579,0.362038330593
104.18,475.827,190.0,0.924755234591,0.616067928579,0.362038330593
104.215,473.44,190.0,0.924755234591,0.616067928579,0.362038330593
104.216,471.019,190.0,0.924755234591,0.616067928579,0.362038330593
103.842,468.685,190.0,0.924755234591,0.616067928579,0.362038330593
103.259,466.456,190.0,0.924755234591,0.616067928579,0.362038330593
102.995,464.162,190.0,0.924755234591,0.616067928579,0.362038330593
102.742,462.068,190.0,0.924755234591,0.616067928579,0.362038330593
101.574,460.569,190.0,0.924755234591,0.616067928579,0.362038330593
99.6315,459.573,190.0,0.924755234591,0.616067928579,0.362038330593
97.0551,458.989,190.0,0.924755234591,0.616067928579,0.362038330593
93.9858,458.726,190.0,0.924755234591,0.616067928579,0.362038330593
90.5644,458.691,190.0,0.924755234591,0.616067928579,0.362038330593
86.9317,458.794,190.0,0.924755234591,0.616067928579,0.362038330593
