94.065,459.216,196.0,0.924755234591,0.616067928579,0.362038330593
92.2591,458.189,196.0,0.924755234591,0.616067928579,0.362038330593
90.6325,456.852,196.0,0.924755234591,0.616067928579,0.362038330593
88.7606,456.105,196.0,0.924755234591,0.616067928579,0.362038330593
86.5019,456.292,196.0,0.924755234591,0.616067928579,0.362038330593
84.5977,455.624,196.0,0.924755234591,0.616067928579,0.362038330593
82.7323,454.8,196.0,0.924755234591,0.616067928579,0.362038330593
80.6816,454.264,196.0,0.924755234591,0.616067928579,0.362038330593
78.5061,454.251,196.0,0.924755234591,0.616067928579,0.362038330593
76.4306,454.68,196.0,0.924755234591,0.616067928579,0.362038330593
74.554,455.526,196.0,0.924755234591,0.616067928579,0.362038330593
72.7753,456.749,196.0,0.924755234591,0.616067928579,0.362038330593
71.3251,458.322,196.0,0.924755234591,0.616067928579,0.362038330593
69.3037,459.383,196.0,0.924755234591,0.616067928579,0.362038330593
68.4776,461.195,196.0,0.924755234591,0.616067928579,0.362038330593
68.0921,463.33,196.0,0.924755234591,0.616067928579,0.362038330593
67.2728,465.184,196.0,0.924755234591,0.616067928579,0.362038330593
67.2689,467.364,196.0,0.924755234591,0.616067928579,0.362038330593
67.2652,469.543,196.0,0.924755234591,0.616067928579,0.362038330593
67.2665,471.724,196.0,0.924755234591,0.616067928579,0.362038330593
67.2609,473.907,196.0,0.924755234591,0.616067928579,0.362038330593
67.8157,475.859,196.0,0.924755234591,0.616067928579,0.362038330593
68.9656,477.563,196.0,0.924755234591,0.616067928579,0.362038330593
69.9147,479.351,196.0,0.924755234591,0.616067928579,0.362038330593
71.5703,480.644,196.0,0.924755234591,0.616067928579,0.362038330593
73.2077,481.962,196.0,0.924755234591,0.616067928579,0.362038330593
75.2298,482.636,196.0,0.924755234591,0.616067928579,0.362038330593
77.4275,482.663,196.0,0.924755234591,0.616067928579,0.362038330593
79.4718,483.476,196.0,0.924755234591,0.616067928579,0.362038330593
81.5355,483.959,196.0,0.924755234591,0.616067928579,0.362038330593
83.7096,483.971,196.0,0.924755234591,0.616067928579,0.362038330593
85.8626,484.038,196.0,0.924755234591,0.616067928579,0.362038330593
87.8153,484.589,196.0,0.924755234591,0.616067928579,0.362038330593
89.9909,484.626,196.0,0.924755234591,0.616067928579,0.362038330593
92.1494,484.533,196.0,0.924755234591,0.616067928579,0.362038330593
94.3476,484.584,196.0,0.924755234591,0.616067928579,0.362038330593
96.2575,483.936,196.0,0.924755234591,0.616067928579,0.362038330593
97.7698,483.21,196.0,0.924755234591,0.616067928579,0.362038330593
99.5451,482.142,196.0,0.924755234591,0.616067928579,0.362038330593
100.472,480.29,196.0,0.924755234591,0.616067928579,0.362038330593
100.753,475.754,196.0,0.924755234591,0.616067928579,0.362038330593
99.5027,473.265,196.0,0.924755234591,0.616067928579,0.362038330593
98.1175,470.048,196.0,0.924755234591,0.616067928579,0.362038330593
96.636,466.311,196.0,0.924755234591,0.616067928579,0.362038330593
95.0967,462.263,196.0,0.924755234591,0.616067928579,0.362038330593
