96.201,458.77,197.0,0.924755234591,0.616067928579,0.362038330593
94.665,457.314,197.0,0.924755234591,0.616067928579,0.362038330593
92.9788,456.22,197.0,0.924755234591,0.616067928579,0.362038330593
91.2846,455.146,197.0,0.924755234591,0.616067928579,0.362038330593
89.5254,454.229,197.0,0.924755234591,0.616067928579,0.362038330593
87.6486,453.596,197.0,0.924755234591,0.616067928579,0.362038330593
85.7878,452.925,197.0,0.924755234591,0.616067928579,0.362038330593
83.6544,452.896,197.0,0.924755234591,0.616067928579,0.362038330593
81.675,452.219,197.0,0.924755234591,0.616067928579,0.362038330593
79.5241,452.264,197.0,0.924755234591,0.616067928579,0.362038330593
77.3628,452.215,197.0,0.924755234591,0.616067928579,0.362038330593
75.6203,453.172,197.0,0.924755234591,0.616067928579,0.362038330593
74.1193,454.698,197.0,0.924755234591,0.616067928579,0.362038330593
72.3186,455.838,197.0,0.924755234591,0.616067928579,0.362038330593
70.5777,456.827,197.0,0.924755234591,0.616067928579,0.362038330593
69.4946,458.52,197.0,0.924755234591,0.616067928579,0.362038330593
69.2373,460.558,197.0,0.924755234591,0.616067928579,0.362038330593
69.0246,462.647,197.0,0.924755234591,0.616067928579,0.362038330593
68.5747,464.68,197.0,0.924755234591,0.616067928579,0.362038330593
68.5814,466.82,197.0,0.924755234591,0.616067928579,0.362038330593
68.5857,468.96,197.0,0.924755234591,0.616067928579,0.362038330593
68.5659,471.104,197.0,0.924755234591,0.616067928579,0.362038330593
69.3141,473.066,197.0,0.924755234591,0.616067928579,0.362038330593
69.215,475.23,197.0,0.924755234591,0.616067928579,0.362038330593
70.1159,477.173,197.0,0.924755234591,0.616067928579,0.362038330593
71.3593,478.875,197.0,0.924755234591,0.616067928579,0.362038330593
72.5326,480.628,197.0,0.924755234591,0.616067928579,0.362038330593
74.2719,481.594,197.0,0.924755234591,0.616067928579,0.362038330593
75.9732,482.624,197.0,0.924755234591,0.616067928579,0.362038330593
77.9628,483.305,197.0,0.924755234591,0.616067928579,0.362038330593
80.0112,483.692,197.0,0.924755234591,0.616067928579,0.362038330593
82.0629,484.061,197.0,0.924755234591,0.616067928579,0.362038330593
84.2316,483.936,197.0,0.924755234591,0.616067928579,0.362038330593
86.3699,483.939,197.0,0.924755234591,0.616067928579,0.362038330593
88.5087,483.94,197.0,0.924755234591,0.616067928579,0.362038330593
90.6476,483.94,197.0,0.924755234591,0.616067928579,0.362038330593
92.7879,483.945,197.0,0.924755234591,0.616067928579,0.362038330593
94.9202,483.918,197.0,0.924755234591,0.616067928579,0.362038330593
97.0847,484.017,197.0,0.924755234591,0.616067928579,0.362038330593
99.0519,483.283,197.0,0.924755234591,0.616067928579,0.362038330593
100.914,482.621,197.0,0.924755234591,0.616067928579,0.362038330593
102.616,481.563,197.0,0.924755234591,0.616067928579,0.362038330593
104.14,480.069,197.0,0.924755234591,0.616067928579,0.362038330593
105.054,478.132,197.0,0.924755234591,0.616067928579,0.362038330593
106.225,476.418,197.0,0.924755234591,0.616067928579,0.362038330593
106.493,474.389,197.0,0.924755234591,0.616067928579,0.362038330593
106.603,472.344,197.0,0.924755234591,0.616067928579,0.362038330593
105.865,470.228,197.0,0.924755234591,0.616067928579,0.362038330593
104.893,468.287,197.0,0.924755234591,0.616067928579,0.362038330593
103.721,466.493,197.0,0.924755234591,0.616067928579,0.362038330593
102.387,464.82,197.0,0.924755234591,0.616067928579,0.362038330593
100.926,463.241,197.0,0.924755234591,0.616067928579,0.362038330593
99.3742,461.729,197.0,0.924755234591,0.616067928579,0.362038330593
97.7685,460.257,197.0,0.924755234591,0.616067928579,0.362038330593
