100.906,464.701,199.0,0.924755234591,0.616067928579,0.362038330593
99.8363,463.061,199.0,0.924755234591,0.616067928579,0.362038330593
98.91,461.359,199.0,0.924755234591,0.616067928579,0.362038330593
97.3253,459.948,199.0,0.924755234591,0.616067928579,0.362038330593
95.7,458.878,199.0,0.924755234591,0.616067928579,0.362038330593
94.2101,457.444,199.0,0.924755234591,0.616067928579,0.362038330593
92.7604,455.91,199.0,0.924755234591,0.616067928579,0.362038330593
90.9188,455.157,199.0,0.924755234591,0.616067928579,0.362038330593
89.1367,454.318,199.0,0.924755234591,0.616067928579,0.362038330593
87.2871,453.751,199.0,0.924755234591,0.616067928579,0.362038330593
85.5512,452.911,199.0,0.924755234591,0.616067928579,0.362038330593
83.7313,452.274,199.0,0.924755234591,0.616067928579,0.362038330593
81.6502,452.268,199.0,0.924755234591,0.616067928579,0.362038330593
79.5658,452.27,199.0,0.924755234591,0.616067928579,0.362038330593
77.4806,452.265,199.0,0.924755234591,0.616067928579,0.362038330593
75.386,452.223,199.0,0.924755234591,0.616067928579,0.362038330593
73.4583,452.86,199.0,0.924755234591,0.616067928579,0.362038330593
71.5273,453.25,199.0,0.924755234591,0.616067928579,0.362038330593
69.769,454.352,199.0,0.924755234591,0.616067928579,0.362038330593
68.3071,455.843,199.0,0.924755234591,0.616067928579,0.362038330593
66.8292,457.316,199.0,0.924755234591,0.616067928579,0.362038330593
65.3166,458.773,199.0,0.924755234591,0.616067928579,0.362038330593
64.4876,460.507,199.0,0.924755234591,0.616067928579,0.362038330593
64.439,462.617,199.0,0.924755234591,0.616067928579,0.362038330593
63.9888,464.588,199.0,0.924755234591,0.616067928579,0.362038330593
63.2472,466.497,199.0,0.924755234591,0.616067928579,0.362038330593
63.3054,468.595,199.0,0.924755234591,0.616067928579,0.362038330593
63.298,470.682,199.0,0.924755234591,0.616067928579,0.362038330593
63.3001,472.765,199.0,0.924755234591,0.616067928579,0.362038330593
63.9191,474.592,199.0,0.924755234591,0.616067928579,0.362038330593
64.607,476.432,199.0,0.924755234591,0.616067928579,0.362038330593
66.0686,477.498,199.0,0.924755234591,0.616067928579,0.362038330593
67.5482,478.96,199.0,0.924755234591,0.616067928579,0.362038330593
69.2395,480.139,199.0,0.924755234591,0.616067928579,0.362038330593
71.2281,480.878,199.0,0.924755234591,0.616067928579,0.362038330593
72.8772,482.031,199.0,0.924755234591,0.616067928579,0.362038330593
74.8923,482.412,199.0,0.924755234591,0.616067928579,0.362038330593
76.7606,483.315,199.0,0.924755234591,0.616067928579,0.362038330593
78.8534,483.274,199.0,0.924755234591,0.616067928579,0.362038330593
80.9383,483.262,199.0,0.924755234591,0.616067928579,0.362038330593
82.9829,483.571,199.0,0.924755234591,0.616067928579,0.362038330593
85.0203,483.969,199.0,0.924755234591,0.616067928579,0.362038330593
87.1069,483.945,199.0,0.924755234591,0.616067928579,0.362038330593
89.0994,483.557,199.0,0.924755234591,0.616067928579,0.362038330593
91.1137,483.263,199.0,0.924755234591,0.616067928579,0.362038330593
92.9715,482.303,199.0,0.924755234591,0.616067928579,0.362038330593
94.8244,481.333,199.0,0.924755234591,0.616067928579,0.362038330593
96.8037,481.054,199.0,0.924755234591,0.616067928579,0.362038330593
98.1653,479.345,199.0,0.924755234591,0.616067928579,0.362038330593
99.3198,478.108,199.0,0.924755234591,0.616067928579,0.362038330593
101.223,477.921,199.0,0.924755234591,0.616067928579,0.362038330593
102.379,477.02,199.0,0.924755234591,0.616067928579,0.362038330593
102.881,475.301,199.0,0.924755234591,0.616067928579,0.362038330593
102.872,472.945,199.0,0.924755234591,0.616067928579,0.362038330593
102.499,470.135,199.0,0.924755234591,0.616067928579,0.362038330593
101.907,467.053,199.0,0.924755234591,0.616067928579,0.362038330593
