59.6614,450.269,226.0,0.924755234591,0.616067928579,0.362038330593
57.8253,450.971,226.0,0.924755234591,0.616067928579,0.362038330593
55.8213,450.957,226.0,0.924755234591,0.616067928579,0.362038330593
53.8813,451.108,226.0,0.924755234591,0.616067928579,0.362038330593
52.1134,451.623,226.0,0.924755234591,0.616067928579,0.362038330593
50.2333,452.235,226.0,0.924755234591,0.616067928579,0.362038330593
48.3014,452.516,226.0,0.924755234591,0.616067928579,0.362038330593
46.4809,453.135,226.0,0.924755234591,0.616067928579,0.362038330593
44.9329,454.235,226.0,0.924755234591,0.616067928579,0.362038330593
43.4963,455.591,226.0,0.924755234591,0.616067928579,0.362038330593
42.4097,457.178,226.0,0.924755234591,0.616067928579,0.362038330593
40.7995,458.337,226.0,0.924755234591,0.616067928579,0.362038330593
39.7436,460.011,226.0,0.924755234591,0.616067928579,0.362038330593
38.2868,461.409,226.0,0.924755234591,0.616067928579,0.362038330593
38.3118,463.46,226.0,0.924755234591,0.616067928579,0.362038330593
37.1727,464.574,226.0,0.924755234591,0.616067928579,0.362038330593
37.1383,466.552,226.0,0.924755234591,0.616067928579,0.362038330593
36.2325,468.176,226.0,0.924755234591,0.616067928579,0.362038330593
36.2518,470.185,226.0,0.924755234591,0.616067928579,0.362038330593
36.2517,472.19,226.0,0.924755234591,0.616067928579,0.362038330593
36.2928,474.181,226.0,0.924755234591,0.616067928579,0.362038330593
36.9127,476.041,226.0,0.924755234591,0.616067928579,0.362038330593
37.7414,477.781,226.0,0.924755234591,0.616067928579,0.362038330593
38.3734,479.581,226.0,0.924755234591,0.616067928579,0.362038330593
39.5405,481.101,226.0,0.924755234591,0.616067928579,0.362038330593
40.8262,482.57,226.0,0.924755234591,0.616067928579,0.362038330593
42.2383,483.987,226.0,0.924755234591,0.616067928579,0.362038330593
43.733,485.322,226.0,0.924755234591,0.616067928579,0.362038330593
45.5498,486.191,226.0,0.924755234591,0.616067928579,0.362038330593
47.1457,487.278,226.0,0.924755234591,0.616067928579,0.362038330593
49.1356,487.351,226.0,0.924755234591,0.616067928579,0.362038330593
50.8983,488.371,226.0,0.924755234591,0.616067928579,0.362038330593
52.8565,488.554,226.0,0.924755234591,0.616067928579,0.362038330593
54.8567,488.562,226.0,0.924755234591,0.616067928579,0.362038330593
56.8572,488.552,226.0,0.924755234591,0.616067928579,0.362038330593
58.8644,488.568,226.0,0.924755234591,0.616067928579,0.362038330593
60.8747,488.588,226.0,0.924755234591,0.616067928579,0.362038330593
62.5868,487.889,226.0,0.924755234591,0.616067928579,0.362038330593
64.211,486.975,226.0,0.924755234591,0.616067928579,0.362038330593
65.6747,485.625,226.0,0.924755234591,0.616067928579,0.362038330593
67.3485,484.527,226.0,0.924755234591,0.616067928579,0.362038330593
68.7508,483.103,226.0,0.924755234591,0.616067928579,0.362038330593
69.9284,481.588,226.0,0.924755234591,0.616067928579,0.362038330593
70.1869,479.692,226.0,0.924755234591,0.616067928579,0.362038330593
70.9126,477.925,226.0,0.924755234591,0.616067928579,0.362038330593
71.2223,476.001,226.0,0.924755234591,0.616067928579,0.362038330593
71.9283,474.292,226.0,0.924755234591,0.616067928579,0.362038330593
72.5901,472.564,226.0,0.924755234591,0.616067928579,0.362038330593
73.162,470.799,226.0,0.924755234591,0.616067928579,0.362038330593
73.2016,468.814,226.0,0.924755234591,0.616067928579,0.362038330593
73.1965,466.811,226.0,0.924755234591,0.616067928579,0.362038330593
73.9204,464.98,226.0,0.924755234591,0.616067928579,0.362038330593
73.864,462.965,226.0,0.924755234591,0.616067928579,0.362038330593
73.8655,460.962,226.0,0.924755234591,0.616067928579,0.362038330593
73.5859,459.095,226.0,0.924755234591,0.616067928579,0.362038330593
72.8289,457.457,226.0,0.924755234591,0.616067928579,0.362038330593
71.6581,456.018,226.0,0.924755234591,0.616067928579,0.362038330593
70.1372,454.747,226.0,0.924755234591,0.616067928579,0.362038330593
68.3299,453.614,226.0,0.924755234591,0.616067928579,0.362038330593
66.2997,452.588,226.0,0.924755234591,0.616067928579,0.362038330593
64.1104,451.638,226.0,0.924755234591,0.616067928579,0.362038330593
61.8256,450.735,226.0,0.924755234591,0.616067928579,0.362038330593
