59.0687,450.29,227.0,0.924755234591,0.616067928579,0.362038330593
57.191,450.29,227.0,0.924755234591,0.616067928579,0.362038330593
55.3134,450.29,227.0,0.924755234591,0.616067928579,0.362038330593
53.4394,450.305,227.0,0.924755234591,0.616067928579,0.362038330593
51.5515,450.261,227.0,0.924755234591,0.616067928579,0.362038330593
49.8494,451.005,227.0,0.924755234591,0.616067928579,0.362038330593
47.946,450.893,227.0,0.924755234591,0.616067928579,0.362038330593
46.2251,451.563,227.0,0.924755234591,0.616067928579,0.362038330593
44.5155,452.342,227.0,0.924755234591,0.616067928579,0.362038330593
42.778,453.015,227.0,0.924755234591,0.616067928579,0.362038330593
41.2152,453.771,227.0,0.924755234591,0.616067928579,0.362038330593
39.8061,454.899,227.0,0.924755234591,0.616067928579,0.362038330593
38.4305,456.075,227.0,0.924755234591,0.616067928579,0.362038330593
37.5657,457.585,227.0,0.924755234591,0.616067928579,0.362038330593
36.2471,458.916,227.0,0.924755234591,0.616067928579,0.362038330593
35.2895,460.397,227.0,0.924755234591,0.616067928579,0.362038330593
34.9359,462.128,227.0,0.924755234591,0.616067928579,0.362038330593
34.9348,464.006,227.0,0.924755234591,0.616067928579,0.362038330593
34.9262,465.892,227.0,0.924755234591,0.616067928579,0.362038330593
35.0593,467.635,227.0,0.924755234591,0.616067928579,0.362038330593
34.7401,469.834,227.0,0.924755234591,0.616067928579,0.362038330593
35.568,470.875,227.0,0.924755234591,0.616067928579,0.362038330593
36.3004,472.442,227.0,0.924755234591,0.616067928579,0.362038330593
36.4199,474.27,227.0,0.924755234591,0.616067928579,0.362038330593
37.7715,475.594,227.0,0.924755234591,0.616067928579,0.362038330593
38.809,477.163,227.0,0.924755234591,0.616067928579,0.362038330593
39.6866,478.817,227.0,0.924755234591,0.616067928579,0.362038330593
41.0378,480.127,227.0,0.924755234591,0.616067928579,0.362038330593
42.0174,481.724,227.0,0.924755234591,0.616067928579,0.362038330593
43.5852,482.673,227.0,0.924755234591,0.616067928579,0.362038330593
44.9005,484.017,227.0,0.924755234591,0.616067928579,0.362038330593
46.5077,484.872,227.0,0.924755234591,0.616067928579,0.362038330593
48.0474,485.891,227.0,0.924755234591,0.616067928579,0.362038330593
49.6204,486.624,227.0,0.924755234591,0.616067928579,0.362038330593
51.521,486.569,227.0,0.924755234591,0.616067928579,0.362038330593
53.1033,487.278,227.0,0.924755234591,0.616067928579,0.362038330593
54.9879,487.205,227.0,0.924755234591,0.616067928579,0.362038330593
56.798,486.654,227.0,0.924755234591,0.616067928579,0.362038330593
58.624,486.375,227.0,0.924755234591,0.616067928579,0.362038330593
60.2732,485.428,227.0,0.924755234591,0.616067928579,0.362038330593
61.9662,484.617,227.0,0.924755234591,0.616067928579,0.362038330593
63.2965,483.293,227.0,0.924755234591,0.616067928579,0.362038330593
64.8479,482.506,227.0,0.924755234591,0.616067928579,0.362038330593
66.1441,481.104,227.0,0.924755234591,0.616067928579,0.362038330593
67.4361,479.717,227.0,0.924755234591,0.616067928579,0.362038330593
68.5737,478.751,227.0,0.924755234591,0.616067928579,0.362038330593
69.284,477.145,227.0,0.924755234591,0.616067928579,0.362038330593
69.8961,475.415,227.0,0.924755234591,0.616067928579,0.362038330593
71.2108,474.082,227.0,0.924755234591,0.616067928579,0.362038330593
71.1881,472.195,227.0,0.924755234591,0.616067928579,0.362038330593
71.8745,470.602,227.0,0.924755234591,0.616067928579,0.362038330593
71.882,468.728,227.0,0.924755234591,0.616067928579,0.362038330593
72.4781,466.991,227.0,0.924755234591,0.616067928579,0.362038330593
72.544,465.131,227.0,0.924755234591,0.616067928579,0.362038330593
72.5941,463.201,227.0,0.924755234591,0.616067928579,0.362038330593
71.9105,462.014,227.0,0.924755234591,0.616067928579,0.362038330593
71.2299,460.33,227.0,0.924755234591,0.616067928579,0.362038330593
70.5126,459.144,227.0,0.924755234591,0.616067928579,0.362038330593
70.3698,457.351,227.0,0.924755234591,0.616067928579,0.362038330593
69.6264,455.893,227.0,0.924755234591,0.616067928579,0.362038330593
68.4577,454.621,227.0,0.924755234591,0.616067928579,0.362038330593
66.9408,453.501,227.0,0.924755234591,0.616067928579,0.362038330593
65.1533,452.499,227.0,0.924755234591,0.616067928579,0.362038330593
63.1723,451.582,227.0,0.924755234591,0.616067928579,0.362038330593
61.0753,450.715,227.0,0.924755234591,0.616067928579,0.362038330593
