72.2139,468.754,229.0,0.924755234591,0.616067928579,0.362038330593
71.7013,466.171,229.0,0.924755234591,0.616067928579,0.362038330593
70.8558,463.726,229.0,0.924755234591,0.616067928579,0.362038330593
69.0167,461.689,229.0,0.924755234591,0.616067928579,0.362038330593
67.5833,459.329,229.0,0.924755234591,0.616067928579,0.362038330593
66.2813,457.079,229.0,0.924755234591,0.616067928579,0.362038330593
64.2034,455.167,229.0,0.924755234591,0.616067928579,0.362038330593
61.9642,453.811,229.0,0.924755234591,0.616067928579,0.362038330593
59.5052,452.999,229.0,0.924755234591,0.616067928579,0.362038330593
57.0619,452.15,229.0,0.924755234591,0.616067928579,0.362038330593
54.6532,451.216,229.0,0.924755234591,0.616067928579,0.362038330593
51.8717,451.217,229.0,0.924755234591,0.616067928579,0.362038330593
48.9455,450.898,229.0,0.924755234591,0.616067928579,0.362038330593
46.5331,451.833,229.0,0.924755234591,0.616067928579,0.362038330593
43.8881,452.302,229.0,0.924755234591,0.616067928579,0.362038330593
41.2445,452.919,229.0,0.924755234591,0.616067928579,0.362038330593
38.6424,453.812,229.0,0.924755234591,0.616067928579,0.362038330593
36.2435,454.737,229.0,0.924755234591,0.616067928579,0.362038330593
34.0535,456.325,229.0,0.924755234591,0.616067928579,0.362038330593
32.5433,458.554,229.0,0.924755234591,0.616067928579,0.362038330593
31.2809,460.877,229.0,0.924755234591,0.616067928579,0.362038330593
30.4025,463.309,229.0,0.924755234591,0.616067928579,0.362038330593
29.4753,465.72,229.0,0.924755234591,0.616067928579,0.362038330593
29.5295,468.536,229.0,0.924755234591,0.616067928579,0.362038330593
29.5061,471.343,229.0,0.924755234591,0.616067928579,0.362038330593
30.8299,473.59,229.0,0.924755234591,0.616067928579,0.362038330593
32.202,475.817,229.0,0.924755234591,0.616067928579,0.362038330593
34.1619,477.804,229.0,0.924755234591,0.616067928579,0.362038330593
36.1052,479.874,229.0,0.924755234591,0.616067928579,0.362038330593
38.3716,481.152,229.0,0.924755234591,0.616067928579,0.362038330593
40.8296,482.103,229.0,0.924755234591,0.616067928579,0.362038330593
43.0111,483.847,229.0,0.924755234591,0.616067928579,0.362038330593
45.8384,484.314,229.0,0.924755234591,0.616067928579,0.362038330593
48.2108,485.381,229.0,0.924755234591,0.616067928579,0.362038330593
50.6148,486.33,229.0,0.924755234591,0.616067928579,0.362038330593
52.4423,488.459,229.0,0.924755234591,0.616067928579,0.362038330593
54.266,489.762,229.0,0.924755234591,0.616067928579,0.362038330593
56.2185,489.971,229.0,0.924755234591,0.616067928579,0.362038330593
58.2848,489.213,229.0,0.924755234591,0.616067928579,0.362038330593
60.4496,487.619,229.0,0.924755234591,0.616067928579,0.362038330593
62.6979,485.317,229.0,0.924755234591,0.616067928579,0.362038330593
65.0143,482.434,229.0,0.924755234591,0.616067928579,0.362038330593
67.3839,479.102,229.0,0.924755234591,0.616067928579,0.362038330593
69.7913,475.447,229.0,0.924755234591,0.616067928579,0.362038330593
72.2215,471.599,229.0,0.924755234591,0.616067928579,0.362038330593
