52.4483,452.936,234.0,0.924755234591,0.616067928579,0.362038330593
50.5723,452.564,234.0,0.924755234591,0.616067928579,0.362038330593
48.6959,452.23,234.0,0.924755234591,0.616067928579,0.362038330593
46.7714,452.257,234.0,0.924755234591,0.616067928579,0.362038330593
45.0179,451.55,234.0,0.924755234591,0.616067928579,0.362038330593
43.0816,451.615,234.0,0.924755234591,0.616067928579,0.362038330593
41.1616,451.609,234.0,0.924755234591,0.616067928579,0.362038330593
39.244,451.621,234.0,0.924755234591,0.616067928579,0.362038330593
37.3348,451.677,234.0,0.924755234591,0.616067928579,0.362038330593
35.5028,452.266,234.0,0.924755234591,0.616067928579,0.362038330593
33.803,452.79,234.0,0.924755234591,0.616067928579,0.362038330593
32.0188,453.121,234.0,0.924755234591,0.616067928579,0.362038330593
30.6882,454.538,234.0,0.924755234591,0.616067928579,0.362038330593
29.4213,455.959,234.0,0.924755234591,0.616067928579,0.362038330593
28.5194,457.69,234.0,0.924755234591,0.616067928579,0.362038330593
28.3364,459.563,234.0,0.924755234591,0.616067928579,0.362038330593
28.3295,461.488,234.0,0.924755234591,0.616067928579,0.362038330593
28.31,463.416,234.0,0.924755234591,0.616067928579,0.362038330593
29.1008,465.007,234.0,0.924755234591,0.616067928579,0.362038330593
30.0658,466.612,234.0,0.924755234591,0.616067928579,0.362038330593
30.5859,468.433,234.0,0.924755234591,0.616067928579,0.362038330593
31.8635,469.854,234.0,0.924755234591,0.616067928579,0.362038330593
32.9557,471.404,234.0,0.924755234591,0.616067928579,0.362038330593
34.3138,472.762,234.0,0.924755234591,0.616067928579,0.362038330593
35.6699,474.122,234.0,0.924755234591,0.616067928579,0.362038330593
37.2063,475.287,234.0,0.924755234591,0.616067928579,0.362038330593
39.0691,475.649,234.0,0.924755234591,0.616067928579,0.362038330593
40.5346,476.9,234.0,0.924755234591,0.616067928579,0.362038330593
42.2952,477.69,234.0,0.924755234591,0.616067928579,0.362038330593
43.9925,478.619,234.0,0.924755234591,0.616067928579,0.362038330593
45.7953,478.921,234.0,0.924755234591,0.616067928579,0.362038330593
47.5586,479.3,234.0,0.924755234591,0.616067928579,0.362038330593
49.2622,479.824,234.0,0.924755234591,0.616067928579,0.362038330593
51.1213,479.973,234.0,0.924755234591,0.616067928579,0.362038330593
53.0375,479.979,234.0,0.924755234591,0.616067928579,0.362038330593
54.8925,479.669,234.0,0.924755234591,0.616067928579,0.362038330593
56.4286,478.45,234.0,0.924755234591,0.616067928579,0.362038330593
57.9884,477.361,234.0,0.924755234591,0.616067928579,0.362038330593
59.6249,476.407,234.0,0.924755234591,0.616067928579,0.362038330593
60.6598,474.904,234.0,0.924755234591,0.616067928579,0.362038330593
61.9421,473.514,234.0,0.924755234591,0.616067928579,0.362038330593
62.8072,471.952,234.0,0.924755234591,0.616067928579,0.362038330593
63.3203,470.244,234.0,0.924755234591,0.616067928579,0.362038330593
63.3064,468.317,234.0,0.924755234591,0.616067928579,0.362038330593
63.2949,466.402,234.0,0.924755234591,0.616067928579,0.362038330593
62.6277,464.757,234.0,0.924755234591,0.616067928579,0.362038330593
62.6465,462.829,234.0,0.924755234591,0.616067928579,0.362038330593
61.9346,461.203,234.0,0.924755234591,0.616067928579,0.362038330593
61.3298,459.533,234.0,0.924755234591,0.616067928579,0.362038330593
61.2992,457.645,234.0,0.924755234591,0.616067928579,0.362038330593
60.5088,456.132,234.0,0.924755234591,0.616067928579,0.362038330593
58.9962,454.969,234.0,0.924755234591,0.616067928579,0.362038330593
56.9678,454.053,234.0,0.924755234591,0.616067928579,0.362038330593
54.6299,453.288,234.0,0.924755234591,0.616067928579,0.362038330593
