241.167,652.895,31.0,0.237385238726,0.429826339316,0.51024214898
241.369,650.955,31.0,0.237385238726,0.429826339316,0.51024214898
242.02,649.465,31.0,0.237385238726,0.429826339316,0.51024214898
242.044,647.347,31.0,0.237385238726,0.429826339316,0.51024214898
242.045,645.206,31.0,0.237385238726,0.429826339316,0.51024214898
242.044,643.064,31.0,0.237385238726,0.429826339316,0.51024214898
242.044,640.923,31.0,0.237385238726,0.429826339316,0.51024214898
242.034,638.781,31.0,0.237385238726,0.429826339316,0.51024214898
241.589,636.729,31.0,0.237385238726,0.429826339316,0.51024214898
239.658,636.072,31.0,0.237385238726,0.429826339316,0.51024214898
237.661,635.525,31.0,0.237385238726,0.429826339316,0.51024214898
236.282,634.08,31.0,0.237385238726,0.429826339316,0.51024214898
234.639,633.607,31.0,0.237385238726,0.429826339316,0.51024214898
232.513,633.589,31.0,0.237385238726,0.429826339316,0.51024214898
230.383,633.617,31.0,0.237385238726,0.429826339316,0.51024214898
228.921,635.194,31.0,0.237385238726,0.429826339316,0.51024214898
227.537,636.747,31.0,0.237385238726,0.429826339316,0.51024214898
226.529,638.47,31.0,0.237385238726,0.429826339316,0.51024214898
224.944,639.963,31.0,0.237385238726,0.429826339316,0.51024214898
224.766,642.083,31.0,0.237385238726,0.429826339316,0.51024214898
223.667,643.13,31.0,0.237385238726,0.429826339316,0.51024214898
223.686,645.292,31.0,0.237385238726,0.429826339316,0.51024214898
223.69,647.437,31.0,0.237385238726,0.429826339316,0.51024214898
223.69,649.579,31.0,0.237385238726,0.429826339316,0.51024214898
223.691,651.72,31.0,0.237385238726,0.429826339316,0.51024214898
223.691,653.862,31.0,0.237385238726,0.429826339316,0.51024214898
223.789,655.954,31.0,0.237385238726,0.429826339316,0.51024214898
225.27,657.593,31.0,0.237385238726,0.429826339316,0.51024214898
226.556,658.55,31.0,0.237385238726,0.429826339316,0.51024214898
228.542,658.709,31.0,0.237385238726,0.429826339316,0.51024214898
230.686,658.706,31.0,0.237385238726,0.429826339316,0.51024214898
232.828,658.714,31.0,0.237385238726,0.429826339316,0.51024214898
234.89,658.44,31.0,0.237385238726,0.429826339316,0.51024214898
236.782,657.567,31.0,0.237385238726,0.429826339316,0.51024214898
238.55,656.264,31.0,0.237385238726,0.429826339316,0.51024214898
240.244,654.702,31.0,0.237385238726,0.429826339316,0.51024214898
