247.901,635.53,51.0,0.237385238726,0.429826339316,0.51024214898
246.507,634.293,51.0,0.237385238726,0.429826339316,0.51024214898
243.638,634.56,51.0,0.237385238726,0.429826339316,0.51024214898
241.286,635.239,51.0,0.237385238726,0.429826339316,0.51024214898
239.337,637.086,51.0,0.237385238726,0.429826339316,0.51024214898
238.256,639.261,51.0,0.237385238726,0.429826339316,0.51024214898
237.483,641.678,51.0,0.237385238726,0.429826339316,0.51024214898
237.205,644.232,51.0,0.237385238726,0.429826339316,0.51024214898
236.277,646.466,51.0,0.237385238726,0.429826339316,0.51024214898
236.248,649.073,51.0,0.237385238726,0.429826339316,0.51024214898
236.277,651.697,51.0,0.237385238726,0.429826339316,0.51024214898
235.232,654.069,51.0,0.237385238726,0.429826339316,0.51024214898
235.326,656.709,51.0,0.237385238726,0.429826339316,0.51024214898
235.276,659.316,51.0,0.237385238726,0.429826339316,0.51024214898
235.283,661.936,51.0,0.237385238726,0.429826339316,0.51024214898
235.283,664.554,51.0,0.237385238726,0.429826339316,0.51024214898
235.282,667.172,51.0,0.237385238726,0.429826339316,0.51024214898
235.282,669.79,51.0,0.237385238726,0.429826339316,0.51024214898
235.282,672.408,51.0,0.237385238726,0.429826339316,0.51024214898
235.28,675.027,51.0,0.237385238726,0.429826339316,0.51024214898
235.693,677.474,51.0,0.237385238726,0.429826339316,0.51024214898
236.752,679.656,51.0,0.237385238726,0.429826339316,0.51024214898
239.108,680.922,51.0,0.237385238726,0.429826339316,0.51024214898
241.699,681.236,51.0,0.237385238726,0.429826339316,0.51024214898
244.218,681.915,51.0,0.237385238726,0.429826339316,0.51024214898
246.849,681.877,51.0,0.237385238726,0.429826339316,0.51024214898
249.021,682.979,51.0,0.237385238726,0.429826339316,0.51024214898
251.752,683.034,51.0,0.237385238726,0.429826339316,0.51024214898
253.927,681.89,51.0,0.237385238726,0.429826339316,0.51024214898
255.186,680.331,51.0,0.237385238726,0.429826339316,0.51024214898
257.519,678.962,51.0,0.237385238726,0.429826339316,0.51024214898
258.769,676.685,51.0,0.237385238726,0.429826339316,0.51024214898
260.438,674.765,51.0,0.237385238726,0.429826339316,0.51024214898
261.212,672.466,51.0,0.237385238726,0.429826339316,0.51024214898
261.992,670.055,51.0,0.237385238726,0.429826339316,0.51024214898
262.655,667.599,51.0,0.237385238726,0.429826339316,0.51024214898
263.288,665.131,51.0,0.237385238726,0.429826339316,0.51024214898
263.297,662.515,51.0,0.237385238726,0.429826339316,0.51024214898
263.3,659.895,51.0,0.237385238726,0.429826339316,0.51024214898
263.356,657.254,51.0,0.237385238726,0.429826339316,0.51024214898
262.19,655.121,51.0,0.237385238726,0.429826339316,0.51024214898
262.011,652.569,51.0,0.237385238726,0.429826339316,0.51024214898
261.464,650.132,51.0,0.237385238726,0.429826339316,0.51024214898
260.124,648.66,51.0,0.237385238726,0.429826339316,0.51024214898
259.01,646.526,51.0,0.237385238726,0.429826339316,0.51024214898
257.177,644.634,51.0,0.237385238726,0.429826339316,0.51024214898
255.992,642.297,51.0,0.237385238726,0.429826339316,0.51024214898
254.334,640.328,51.0,0.237385238726,0.429826339316,0.51024214898
252.281,638.668,51.0,0.237385238726,0.429826339316,0.51024214898
249.991,637.195,51.0,0.237385238726,0.429826339316,0.51024214898
