245.494,636.49,52.0,0.237385238726,0.429826339316,0.51024214898
242.732,636.476,52.0,0.237385238726,0.429826339316,0.51024214898
240.039,636.868,52.0,0.237385238726,0.429826339316,0.51024214898
237.969,638.723,52.0,0.237385238726,0.429826339316,0.51024214898
235.692,639.842,52.0,0.237385238726,0.429826339316,0.51024214898
234.32,642.111,52.0,0.237385238726,0.429826339316,0.51024214898
233.318,644.64,52.0,0.237385238726,0.429826339316,0.51024214898
233.465,647.436,52.0,0.237385238726,0.429826339316,0.51024214898
232.801,650.04,52.0,0.237385238726,0.429826339316,0.51024214898
232.403,652.706,52.0,0.237385238726,0.429826339316,0.51024214898
232.386,655.462,52.0,0.237385238726,0.429826339316,0.51024214898
232.4,658.216,52.0,0.237385238726,0.429826339316,0.51024214898
233.319,660.596,52.0,0.237385238726,0.429826339316,0.51024214898
233.273,663.375,52.0,0.237385238726,0.429826339316,0.51024214898
234.248,665.759,52.0,0.237385238726,0.429826339316,0.51024214898
235.353,667.43,52.0,0.237385238726,0.429826339316,0.51024214898
235.265,670.268,52.0,0.237385238726,0.429826339316,0.51024214898
236.392,672.568,52.0,0.237385238726,0.429826339316,0.51024214898
238.83,674.065,52.0,0.237385238726,0.429826339316,0.51024214898
240.828,675.962,52.0,0.237385238726,0.429826339316,0.51024214898
243.531,676.099,52.0,0.237385238726,0.429826339316,0.51024214898
246.293,676.096,52.0,0.237385238726,0.429826339316,0.51024214898
249.054,676.096,52.0,0.237385238726,0.429826339316,0.51024214898
251.814,676.096,52.0,0.237385238726,0.429826339316,0.51024214898
254.577,676.098,52.0,0.237385238726,0.429826339316,0.51024214898
256.52,675.307,52.0,0.237385238726,0.429826339316,0.51024214898
257.503,672.938,52.0,0.237385238726,0.429826339316,0.51024214898
258.952,670.726,52.0,0.237385238726,0.429826339316,0.51024214898
259.367,668.021,52.0,0.237385238726,0.429826339316,0.51024214898
260.391,665.508,52.0,0.237385238726,0.429826339316,0.51024214898
260.403,662.751,52.0,0.237385238726,0.429826339316,0.51024214898
260.391,659.991,52.0,0.237385238726,0.429826339316,0.51024214898
259.698,657.393,52.0,0.237385238726,0.429826339316,0.51024214898
259.483,654.68,52.0,0.237385238726,0.429826339316,0.51024214898
259.434,651.934,52.0,0.237385238726,0.429826339316,0.51024214898
258.475,649.529,52.0,0.237385238726,0.429826339316,0.51024214898
255.96,649.206,52.0,0.237385238726,0.429826339316,0.51024214898
253.184,648.644,52.0,0.237385238726,0.429826339316,0.51024214898
251.083,647.032,52.0,0.237385238726,0.429826339316,0.51024214898
249.506,644.603,52.0,0.237385238726,0.429826339316,0.51024214898
248.304,641.591,52.0,0.237385238726,0.429826339316,0.51024214898
247.326,638.229,52.0,0.237385238726,0.429826339316,0.51024214898
