251.95,668.779,75.0,0.728862609169,0.45030542193,0.306278669857
250.758,665.677,75.0,0.728862609169,0.45030542193,0.306278669857
249.762,662.533,75.0,0.728862609169,0.45030542193,0.306278669857
247.773,659.98,75.0,0.728862609169,0.45030542193,0.306278669857
246.474,657.081,75.0,0.728862609169,0.45030542193,0.306278669857
243.503,655.41,75.0,0.728862609169,0.45030542193,0.306278669857
240.725,653.934,75.0,0.728862609169,0.45030542193,0.306278669857
238.18,651.943,75.0,0.728862609169,0.45030542193,0.306278669857
235.819,650.789,75.0,0.728862609169,0.45030542193,0.306278669857
232.672,649.741,75.0,0.728862609169,0.45030542193,0.306278669857
229.452,649.047,75.0,0.728862609169,0.45030542193,0.306278669857
226.069,649.045,75.0,0.728862609169,0.45030542193,0.306278669857
222.808,649.53,75.0,0.728862609169,0.45030542193,0.306278669857
219.914,650.936,75.0,0.728862609169,0.45030542193,0.306278669857
217.491,652.845,75.0,0.728862609169,0.45030542193,0.306278669857
215.415,655.417,75.0,0.728862609169,0.45030542193,0.306278669857
214.071,658.243,75.0,0.728862609169,0.45030542193,0.306278669857
214.03,661.609,75.0,0.728862609169,0.45030542193,0.306278669857
214.135,664.976,75.0,0.728862609169,0.45030542193,0.306278669857
216.222,667.634,75.0,0.728862609169,0.45030542193,0.306278669857
218.001,670.489,75.0,0.728862609169,0.45030542193,0.306278669857
220.815,671.888,75.0,0.728862609169,0.45030542193,0.306278669857
223.105,674.535,75.0,0.728862609169,0.45030542193,0.306278669857
225.494,676.932,75.0,0.728862609169,0.45030542193,0.306278669857
227.949,679.077,75.0,0.728862609169,0.45030542193,0.306278669857
230.671,680.166,75.0,0.728862609169,0.45030542193,0.306278669857
233.64,680.287,75.0,0.728862609169,0.45030542193,0.306278669857
236.816,679.589,75.0,0.728862609169,0.45030542193,0.306278669857
240.163,678.22,75.0,0.728862609169,0.45030542193,0.306278669857
243.642,676.33,75.0,0.728862609169,0.45030542193,0.306278669857
247.216,674.067,75.0,0.728862609169,0.45030542193,0.306278669857
250.846,671.581,75.0,0.728862609169,0.45030542193,0.306278669857
