238.181,660.232,83.0,0.237385238726,0.429826339316,0.51024214898
238.171,657.49,83.0,0.237385238726,0.429826339316,0.51024214898
237.383,655.071,83.0,0.237385238726,0.429826339316,0.51024214898
237.129,652.321,83.0,0.237385238726,0.429826339316,0.51024214898
235.164,650.923,83.0,0.237385238726,0.429826339316,0.51024214898
232.685,650.136,83.0,0.237385238726,0.429826339316,0.51024214898
231.075,648.842,83.0,0.237385238726,0.429826339316,0.51024214898
228.665,648.089,83.0,0.237385238726,0.429826339316,0.51024214898
225.919,648.068,83.0,0.237385238726,0.429826339316,0.51024214898
223.32,648.434,83.0,0.237385238726,0.429826339316,0.51024214898
221.049,649.593,83.0,0.237385238726,0.429826339316,0.51024214898
218.872,650.971,83.0,0.237385238726,0.429826339316,0.51024214898
218.248,653.446,83.0,0.237385238726,0.429826339316,0.51024214898
217.011,655.685,83.0,0.237385238726,0.429826339316,0.51024214898
216.925,658.397,83.0,0.237385238726,0.429826339316,0.51024214898
216.935,661.141,83.0,0.237385238726,0.429826339316,0.51024214898
217.575,663.585,83.0,0.237385238726,0.429826339316,0.51024214898
219.808,665.442,83.0,0.237385238726,0.429826339316,0.51024214898
221.221,667.694,83.0,0.237385238726,0.429826339316,0.51024214898
227.537,667.439,83.0,0.237385238726,0.429826339316,0.51024214898
231.256,665.25,83.0,0.237385238726,0.429826339316,0.51024214898
235.783,662.845,83.0,0.237385238726,0.429826339316,0.51024214898
