235.424,633.561,89.0,0.237385238726,0.429826339316,0.51024214898
232.232,635.145,89.0,0.237385238726,0.429826339316,0.51024214898
229.059,636.763,89.0,0.237385238726,0.429826339316,0.51024214898
226.052,638.675,89.0,0.237385238726,0.429826339316,0.51024214898
223.364,640.894,89.0,0.237385238726,0.429826339316,0.51024214898
221.685,644.048,89.0,0.237385238726,0.429826339316,0.51024214898
219.31,646.706,89.0,0.237385238726,0.429826339316,0.51024214898
216.797,649.237,89.0,0.237385238726,0.429826339316,0.51024214898
214.751,652.14,89.0,0.237385238726,0.429826339316,0.51024214898
211.884,654.195,89.0,0.237385238726,0.429826339316,0.51024214898
210.002,657.301,89.0,0.237385238726,0.429826339316,0.51024214898
209.197,660.599,89.0,0.237385238726,0.429826339316,0.51024214898
209.231,664.156,89.0,0.237385238726,0.429826339316,0.51024214898
209.442,667.635,89.0,0.237385238726,0.429826339316,0.51024214898
211.171,670.479,89.0,0.237385238726,0.429826339316,0.51024214898
213.41,672.52,89.0,0.237385238726,0.429826339316,0.51024214898
216.703,673.2,89.0,0.237385238726,0.429826339316,0.51024214898
220.267,673.182,89.0,0.237385238726,0.429826339316,0.51024214898
223.739,672.789,89.0,0.237385238726,0.429826339316,0.51024214898
227.016,671.285,89.0,0.237385238726,0.429826339316,0.51024214898
229.792,669.616,89.0,0.237385238726,0.429826339316,0.51024214898
232.336,667.419,89.0,0.237385238726,0.429826339316,0.51024214898
235.272,665.454,89.0,0.237385238726,0.429826339316,0.51024214898
238.213,663.52,89.0,0.237385238726,0.429826339316,0.51024214898
239.513,660.451,89.0,0.237385238726,0.429826339316,0.51024214898
241.896,657.561,89.0,0.237385238726,0.429826339316,0.51024214898
243.024,654.418,89.0,0.237385238726,0.429826339316,0.51024214898
244.016,651.262,89.0,0.237385238726,0.429826339316,0.51024214898
243.976,647.677,89.0,0.237385238726,0.429826339316,0.51024214898
243.972,644.111,89.0,0.237385238726,0.429826339316,0.51024214898
243.12,640.792,89.0,0.237385238726,0.429826339316,0.51024214898
241.189,637.786,89.0,0.237385238726,0.429826339316,0.51024214898
238.611,634.969,89.0,0.237385238726,0.429826339316,0.51024214898
