352.895,279.917,101.0,0.818224647632,0.879850737032,0.937063412787
350.547,281.759,101.0,0.818224647632,0.879850737032,0.937063412787
347.976,283.069,101.0,0.818224647632,0.879850737032,0.937063412787
345.17,284.084,101.0,0.818224647632,0.879850737032,0.937063412787
342.337,285.459,101.0,0.818224647632,0.879850737032,0.937063412787
340.474,287.783,101.0,0.818224647632,0.879850737032,0.937063412787
337.781,289.418,101.0,0.818224647632,0.879850737032,0.937063412787
335.046,290.527,101.0,0.818224647632,0.879850737032,0.937063412787
332.758,292.722,101.0,0.818224647632,0.879850737032,0.937063412787
331.201,295.194,101.0,0.818224647632,0.879850737032,0.937063412787
330.602,298.089,101.0,0.818224647632,0.879850737032,0.937063412787
329.006,300.813,101.0,0.818224647632,0.879850737032,0.937063412787
327.729,303.628,101.0,0.818224647632,0.879850737032,0.937063412787
326.341,306.411,101.0,0.818224647632,0.879850737032,0.937063412787
326.368,309.529,101.0,0.818224647632,0.879850737032,0.937063412787
326.364,312.639,101.0,0.818224647632,0.879850737032,0.937063412787
326.367,315.75,101.0,0.818224647632,0.879850737032,0.937063412787
326.386,318.859,101.0,0.818224647632,0.879850737032,0.937063412787
327.158,321.876,101.0,0.818224647632,0.879850737032,0.937063412787
328.751,324.511,101.0,0.818224647632,0.879850737032,0.937063412787
330.962,326.703,101.0,0.818224647632,0.879850737032,0.937063412787
333.16,328.906,101.0,0.818224647632,0.879850737032,0.937063412787
335.398,331.04,101.0,0.818224647632,0.879850737032,0.937063412787
338.359,332.069,101.0,0.818224647632,0.879850737032,0.937063412787
341.325,332.641,101.0,0.818224647632,0.879850737032,0.937063412787
344.439,332.637,101.0,0.818224647632,0.879850737032,0.937063412787
347.608,332.496,101.0,0.818224647632,0.879850737032,0.937063412787
350.248,333.634,101.0,0.818224647632,0.879850737032,0.937063412787
353.397,333.544,101.0,0.818224647632,0.879850737032,0.937063412787
356.518,333.52,101.0,0.818224647632,0.879850737032,0.937063412787
359.629,333.522,101.0,0.818224647632,0.879850737032,0.937063412787
362.74,333.522,101.0,0.818224647632,0.879850737032,0.937063412787
365.852,333.522,101.0,0.818224647632,0.879850737032,0.937063412787
368.954,333.459,101.0,0.818224647632,0.879850737032,0.937063412787
371.966,332.645,101.0,0.818224647632,0.879850737032,0.937063412787
374.935,332.032,101.0,0.818224647632,0.879850737032,0.937063412787
377.965,331.603,101.0,0.818224647632,0.879850737032,0.937063412787
380.419,329.693,101.0,0.818224647632,0.879850737032,0.937063412787
383.24,328.349,101.0,0.818224647632,0.879850737032,0.937063412787
385.863,326.736,101.0,0.818224647632,0.879850737032,0.937063412787
388.055,324.524,101.0,0.818224647632,0.879850737032,0.937063412787
390.259,322.325,101.0,0.818224647632,0.879850737032,0.937063412787
392.265,320.048,101.0,0.818224647632,0.879850737032,0.937063412787
393.626,317.332,101.0,0.818224647632,0.879850737032,0.937063412787
394.923,314.767,101.0,0.818224647632,0.879850737032,0.937063412787
394.862,311.63,101.0,0.818224647632,0.879850737032,0.937063412787
394.844,308.526,101.0,0.818224647632,0.879850737032,0.937063412787
394.856,305.41,101.0,0.818224647632,0.879850737032,0.937063412787
393.988,302.658,101.0,0.818224647632,0.879850737032,0.937063412787
392.998,299.957,101.0,0.818224647632,0.879850737032,0.937063412787
392.584,297.016,101.0,0.818224647632,0.879850737032,0.937063412787
391.675,294.29,101.0,0.818224647632,0.879850737032,0.937063412787
390.002,291.701,101.0,0.818224647632,0.879850737032,0.937063412787
388.793,289.056,101.0,0.818224647632,0.879850737032,0.937063412787
385.579,289.124,101.0,0.818224647632,0.879850737032,0.937063412787
381.935,289.468,101.0,0.818224647632,0.879850737032,0.937063412787
378.494,289.446,101.0,0.818224647632,0.879850737032,0.937063412787
375.237,289.098,101.0,0.818224647632,0.879850737032,0.937063412787
372.141,288.462,101.0,0.818224647632,0.879850737032,0.937063412787
369.185,287.575,101.0,0.818224647632,0.879850737032,0.937063412787
366.347,286.478,101.0,0.818224647632,0.879850737032,0.937063412787
363.607,285.207,101.0,0.818224647632,0.879850737032,0.937063412787
360.941,283.801,101.0,0.818224647632,0.879850737032,0.937063412787
358.329,282.3,101.0,0.818224647632,0.879850737032,0.937063412787
355.75,280.741,101.0,0.818224647632,0.879850737032,0.937063412787
