319.491,300.752,109.0,0.812797700753,0.339569588677,0.786406019262
321.494,298.637,109.0,0.812797700753,0.339569588677,0.786406019262
323.142,296.411,109.0,0.812797700753,0.339569588677,0.786406019262
325.759,295.332,109.0,0.812797700753,0.339569588677,0.786406019262
327.248,293.114,109.0,0.812797700753,0.339569588677,0.786406019262
329.207,291.173,109.0,0.812797700753,0.339569588677,0.786406019262
331.327,289.621,109.0,0.812797700753,0.339569588677,0.786406019262
333.27,287.717,109.0,0.812797700753,0.339569588677,0.786406019262
335.681,286.406,109.0,0.812797700753,0.339569588677,0.786406019262
337.155,284.246,109.0,0.812797700753,0.339569588677,0.786406019262
339.933,283.912,109.0,0.812797700753,0.339569588677,0.786406019262
342.183,282.588,109.0,0.812797700753,0.339569588677,0.786406019262
344.346,281.14,109.0,0.812797700753,0.339569588677,0.786406019262
346.864,280.55,109.0,0.812797700753,0.339569588677,0.786406019262
349.366,279.897,109.0,0.812797700753,0.339569588677,0.786406019262
351.934,279.074,109.0,0.812797700753,0.339569588677,0.786406019262
354.361,278.26,109.0,0.812797700753,0.339569588677,0.786406019262
357.096,278.195,109.0,0.812797700753,0.339569588677,0.786406019262
359.859,278.195,109.0,0.812797700753,0.339569588677,0.786406019262
362.627,278.184,109.0,0.812797700753,0.339569588677,0.786406019262
365.285,278.436,109.0,0.812797700753,0.339569588677,0.786406019262
367.701,279.42,109.0,0.812797700753,0.339569588677,0.786406019262
370.168,280.73,109.0,0.812797700753,0.339569588677,0.786406019262
372.429,281.955,109.0,0.812797700753,0.339569588677,0.786406019262
374.34,284.01,109.0,0.812797700753,0.339569588677,0.786406019262
376.291,285.969,109.0,0.812797700753,0.339569588677,0.786406019262
378.24,287.925,109.0,0.812797700753,0.339569588677,0.786406019262
379.924,289.99,109.0,0.812797700753,0.339569588677,0.786406019262
380.845,292.371,109.0,0.812797700753,0.339569588677,0.786406019262
382.619,294.399,109.0,0.812797700753,0.339569588677,0.786406019262
383.525,296.787,109.0,0.812797700753,0.339569588677,0.786406019262
383.452,299.581,109.0,0.812797700753,0.339569588677,0.786406019262
383.553,302.389,109.0,0.812797700753,0.339569588677,0.786406019262
381.802,304.428,109.0,0.812797700753,0.339569588677,0.786406019262
379.87,306.396,109.0,0.812797700753,0.339569588677,0.786406019262
378.513,308.784,109.0,0.812797700753,0.339569588677,0.786406019262
376.242,310.467,109.0,0.812797700753,0.339569588677,0.786406019262
373.898,312.022,109.0,0.812797700753,0.339569588677,0.786406019262
372.483,314.38,109.0,0.812797700753,0.339569588677,0.786406019262
370.33,315.923,109.0,0.812797700753,0.339569588677,0.786406019262
368.343,317.83,109.0,0.812797700753,0.339569588677,0.786406019262
365.993,319.228,109.0,0.812797700753,0.339569588677,0.786406019262
363.975,321.124,109.0,0.812797700753,0.339569588677,0.786406019262
361.502,321.569,109.0,0.812797700753,0.339569588677,0.786406019262
359.306,322.51,109.0,0.812797700753,0.339569588677,0.786406019262
357.082,323.861,109.0,0.812797700753,0.339569588677,0.786406019262
354.635,324.623,109.0,0.812797700753,0.339569588677,0.786406019262
351.918,324.728,109.0,0.812797700753,0.339569588677,0.786406019262
349.393,325.733,109.0,0.812797700753,0.339569588677,0.786406019262
346.6,325.607,109.0,0.812797700753,0.339569588677,0.786406019262
344.066,326.575,109.0,0.812797700753,0.339569588677,0.786406019262
341.284,326.496,109.0,0.812797700753,0.339569588677,0.786406019262
338.516,326.507,109.0,0.812797700753,0.339569588677,0.786406019262
335.74,326.543,109.0,0.812797700753,0.339569588677,0.786406019262
333.364,325.609,109.0,0.812797700753,0.339569588677,0.786406019262
330.791,324.775,109.0,0.812797700753,0.339569588677,0.786406019262
328.952,322.774,109.0,0.812797700753,0.339569588677,0.786406019262
329.148,319.902,109.0,0.812797700753,0.339569588677,0.786406019262
328.927,317.131,109.0,0.812797700753,0.339569588677,0.786406019262
328.29,314.469,109.0,0.812797700753,0.339569588677,0.786406019262
327.301,311.899,109.0,0.812797700753,0.339569588677,0.786406019262
326.025,309.405,109.0,0.812797700753,0.339569588677,0.786406019262
324.525,306.97,109.0,0.812797700753,0.339569588677,0.786406019262
322.865,304.576,109.0,0.812797700753,0.339569588677,0.786406019262
321.109,302.208,109.0,0.812797700753,0.339569588677,0.786406019262
