278.864,286.129,115.0,0.812797700753,0.339569588677,0.786406019262
280.168,287.462,115.0,0.812797700753,0.339569588677,0.786406019262
281.839,288.855,115.0,0.812797700753,0.339569588677,0.786406019262
283.407,290.317,115.0,0.812797700753,0.339569588677,0.786406019262
285.154,291.33,115.0,0.812797700753,0.339569588677,0.786406019262
286.701,292.826,115.0,0.812797700753,0.339569588677,0.786406019262
288.46,293.811,115.0,0.812797700753,0.339569588677,0.786406019262
290.065,295.167,115.0,0.812797700753,0.339569588677,0.786406019262
291.707,296.434,115.0,0.812797700753,0.339569588677,0.786406019262
293.337,297.73,115.0,0.812797700753,0.339569588677,0.786406019262
294.935,299.102,115.0,0.812797700753,0.339569588677,0.786406019262
296.629,300.245,115.0,0.812797700753,0.339569588677,0.786406019262
298.494,300.974,115.0,0.812797700753,0.339569588677,0.786406019262
299.987,302.599,115.0,0.812797700753,0.339569588677,0.786406019262
301.78,303.502,115.0,0.812797700753,0.339569588677,0.786406019262
303.823,303.802,115.0,0.812797700753,0.339569588677,0.786406019262
305.767,304.337,115.0,0.812797700753,0.339569588677,0.786406019262
307.924,304.367,115.0,0.812797700753,0.339569588677,0.786406019262
309.899,305.215,115.0,0.812797700753,0.339569588677,0.786406019262
311.685,306.123,115.0,0.812797700753,0.339569588677,0.786406019262
313.487,307.002,115.0,0.812797700753,0.339569588677,0.786406019262
315.268,307.935,115.0,0.812797700753,0.339569588677,0.786406019262
317.26,308.357,115.0,0.812797700753,0.339569588677,0.786406019262
318.643,310.249,115.0,0.812797700753,0.339569588677,0.786406019262
320.583,310.796,115.0,0.812797700753,0.339569588677,0.786406019262
322.065,312.449,115.0,0.812797700753,0.339569588677,0.786406019262
323.908,313.236,115.0,0.812797700753,0.339569588677,0.786406019262
325.394,314.864,115.0,0.812797700753,0.339569588677,0.786406019262
326.309,316.65,115.0,0.812797700753,0.339569588677,0.786406019262
328.249,317.632,115.0,0.812797700753,0.339569588677,0.786406019262
329.722,319.252,115.0,0.812797700753,0.339569588677,0.786406019262
331.535,320.107,115.0,0.812797700753,0.339569588677,0.786406019262
333.024,321.744,115.0,0.812797700753,0.339569588677,0.786406019262
334.884,322.485,115.0,0.812797700753,0.339569588677,0.786406019262
336.516,323.776,115.0,0.812797700753,0.339569588677,0.786406019262
338.725,323.674,115.0,0.812797700753,0.339569588677,0.786406019262
340.892,323.669,115.0,0.812797700753,0.339569588677,0.786406019262
343.062,323.68,115.0,0.812797700753,0.339569588677,0.786406019262
344.853,322.771,115.0,0.812797700753,0.339569588677,0.786406019262
346.621,321.799,115.0,0.812797700753,0.339569588677,0.786406019262
348.672,321.112,115.0,0.812797700753,0.339569588677,0.786406019262
350.717,320.346,115.0,0.812797700753,0.339569588677,0.786406019262
352.459,319.299,115.0,0.812797700753,0.339569588677,0.786406019262
354.045,317.897,115.0,0.812797700753,0.339569588677,0.786406019262
355.691,316.641,115.0,0.812797700753,0.339569588677,0.786406019262
357.336,315.394,115.0,0.812797700753,0.339569588677,0.786406019262
359.237,314.451,115.0,0.812797700753,0.339569588677,0.786406019262
361.113,313.546,115.0,0.812797700753,0.339569588677,0.786406019262
362.711,311.964,115.0,0.812797700753,0.339569588677,0.786406019262
363.415,310.095,115.0,0.812797700753,0.339569588677,0.786406019262
364.955,308.567,115.0,0.812797700753,0.339569588677,0.786406019262
365.855,306.773,115.0,0.812797700753,0.339569588677,0.786406019262
366.832,305.011,115.0,0.812797700753,0.339569588677,0.786406019262
366.646,302.767,115.0,0.812797700753,0.339569588677,0.786406019262
367.603,300.997,115.0,0.812797700753,0.339569588677,0.786406019262
367.632,298.842,115.0,0.812797700753,0.339569588677,0.786406019262
367.493,296.617,115.0,0.812797700753,0.339569588677,0.786406019262
368.486,294.862,115.0,0.812797700753,0.339569588677,0.786406019262
368.949,292.83,115.0,0.812797700753,0.339569588677,0.786406019262
369.035,290.844,115.0,0.812797700753,0.339569588677,0.786406019262
368.531,288.894,115.0,0.812797700753,0.339569588677,0.786406019262
367.524,287.145,115.0,0.812797700753,0.339569588677,0.786406019262
366.858,285.255,115.0,0.812797700753,0.339569588677,0.786406019262
366.238,283.389,115.0,0.812797700753,0.339569588677,0.786406019262
364.492,281.801,115.0,0.812797700753,0.339569588677,0.786406019262
362.685,280.974,115.0,0.812797700753,0.339569588677,0.786406019262
360.887,280.088,115.0,0.812797700753,0.339569588677,0.786406019262
358.851,279.774,115.0,0.812797700753,0.339569588677,0.786406019262
356.899,278.868,115.0,0.812797700753,0.339569588677,0.786406019262
354.815,278.387,115.0,0.812797700753,0.339569588677,0.786406019262
353.151,277.085,115.0,0.812797700753,0.339569588677,0.786406019262
350.966,277.127,115.0,0.812797700753,0.339569588677,0.786406019262
348.799,277.127,115.0,0.812797700753,0.339569588677,0.786406019262
346.632,277.132,115.0,0.812797700753,0.339569588677,0.786406019262
344.464,277.109,115.0,0.812797700753,0.339569588677,0.786406019262
342.314,277.366,115.0,0.812797700753,0.339569588677,0.786406019262
340.249,278.051,115.0,0.812797700753,0.339569588677,0.786406019262
338.322,279.061,115.0,0.812797700753,0.339569588677,0.786406019262
336.332,279.791,115.0,0.812797700753,0.339569588677,0.786406019262
334.193,280.042,115.0,0.812797700753,0.339569588677,0.786406019262
332.531,281.447,115.0,0.812797700753,0.339569588677,0.786406019262
330.595,282.4,115.0,0.812797700753,0.339569588677,0.786406019262
328.563,282.688,115.0,0.812797700753,0.339569588677,0.786406019262
326.844,284.081,115.0,0.812797700753,0.339569588677,0.786406019262
324.646,284.1,115.0,0.812797700753,0.339569588677,0.786406019262
322.87,285.039,115.0,0.812797700753,0.339569588677,0.786406019262
320.7,285.03,115.0,0.812797700753,0.339569588677,0.786406019262
318.533,285.031,115.0,0.812797700753,0.339569588677,0.786406019262
316.365,285.036,115.0,0.812797700753,0.339569588677,0.786406019262
314.209,284.997,115.0,0.812797700753,0.339569588677,0.786406019262
312.049,284.967,115.0,0.812797700753,0.339569588677,0.786406019262
310.066,284.138,115.0,0.812797700753,0.339569588677,0.786406019262
308.133,283.611,115.0,0.812797700753,0.339569588677,0.786406019262
306.617,282.035,115.0,0.812797700753,0.339569588677,0.786406019262
305.084,280.501,115.0,0.812797700753,0.339569588677,0.786406019262
303.578,278.946,115.0,0.812797700753,0.339569588677,0.786406019262
301.71,277.926,115.0,0.812797700753,0.339569588677,0.786406019262
300.812,276.125,115.0,0.812797700753,0.339569588677,0.786406019262
299.821,274.352,115.0,0.812797700753,0.339569588677,0.786406019262
297.922,273.675,115.0,0.812797700753,0.339569588677,0.786406019262
296.747,272.678,115.0,0.812797700753,0.339569588677,0.786406019262
294.527,272.732,115.0,0.812797700753,0.339569588677,0.786406019262
292.355,272.736,115.0,0.812797700753,0.339569588677,0.786406019262
290.188,272.737,115.0,0.812797700753,0.339569588677,0.786406019262
288.021,272.737,115.0,0.812797700753,0.339569588677,0.786406019262
285.855,272.737,115.0,0.812797700753,0.339569588677,0.786406019262
283.688,272.737,115.0,0.812797700753,0.339569588677,0.786406019262
281.521,272.737,115.0,0.812797700753,0.339569588677,0.786406019262
279.394,272.779,115.0,0.812797700753,0.339569588677,0.786406019262
277.984,273.592,115.0,0.812797700753,0.339569588677,0.786406019262
277.364,275.253,115.0,0.812797700753,0.339569588677,0.786406019262
277.359,277.575,115.0,0.812797700753,0.339569588677,0.786406019262
277.794,280.369,115.0,0.812797700753,0.339569588677,0.786406019262
278.492,283.446,115.0,0.812797700753,0.339569588677,0.786406019262
