247.512,244.086,128.0,0.818224647632,0.879850737032,0.937063412787
249.463,244.805,128.0,0.818224647632,0.879850737032,0.937063412787
251.762,244.682,128.0,0.818224647632,0.879850737032,0.937063412787
253.576,245.732,128.0,0.818224647632,0.879850737032,0.937063412787
255.926,245.613,128.0,0.818224647632,0.879850737032,0.937063412787
257.241,246.525,128.0,0.818224647632,0.879850737032,0.937063412787
259.088,247.464,128.0,0.818224647632,0.879850737032,0.937063412787
260.981,248.328,128.0,0.818224647632,0.879850737032,0.937063412787
262.938,249.155,128.0,0.818224647632,0.879850737032,0.937063412787
264.208,250.185,128.0,0.818224647632,0.879850737032,0.937063412787
266.038,251.157,128.0,0.818224647632,0.879850737032,0.937063412787
267.999,251.912,128.0,0.818224647632,0.879850737032,0.937063412787
269.835,253.232,128.0,0.818224647632,0.879850737032,0.937063412787
271.56,254.476,128.0,0.818224647632,0.879850737032,0.937063412787
273.212,255.859,128.0,0.818224647632,0.879850737032,0.937063412787
274.536,257.538,128.0,0.818224647632,0.879850737032,0.937063412787
275.45,259.401,128.0,0.818224647632,0.879850737032,0.937063412787
276.293,261.46,128.0,0.818224647632,0.879850737032,0.937063412787
276.309,263.704,128.0,0.818224647632,0.879850737032,0.937063412787
276.299,265.955,128.0,0.818224647632,0.879850737032,0.937063412787
277.231,267.817,128.0,0.818224647632,0.879850737032,0.937063412787
277.196,270.08,128.0,0.818224647632,0.879850737032,0.937063412787
277.194,272.329,128.0,0.818224647632,0.879850737032,0.937063412787
277.131,274.603,128.0,0.818224647632,0.879850737032,0.937063412787
278.071,276.462,128.0,0.818224647632,0.879850737032,0.937063412787
279.003,278.324,128.0,0.818224647632,0.879850737032,0.937063412787
279.823,280.246,128.0,0.818224647632,0.879850737032,0.937063412787
281.202,282.074,128.0,0.818224647632,0.879850737032,0.937063412787
282.089,283.945,128.0,0.818224647632,0.879850737032,0.937063412787
283.088,285.756,128.0,0.818224647632,0.879850737032,0.937063412787
284.245,287.011,128.0,0.818224647632,0.879850737032,0.937063412787
285.266,288.853,128.0,0.818224647632,0.879850737032,0.937063412787
286.82,290.464,128.0,0.818224647632,0.879850737032,0.937063412787
288.385,292.064,128.0,0.818224647632,0.879850737032,0.937063412787
289.461,293.866,128.0,0.818224647632,0.879850737032,0.937063412787
290.957,295.495,128.0,0.818224647632,0.879850737032,0.937063412787
292.103,297.268,128.0,0.818224647632,0.879850737032,0.937063412787
293.734,298.841,128.0,0.818224647632,0.879850737032,0.937063412787
294.722,300.679,128.0,0.818224647632,0.879850737032,0.937063412787
296.135,302.334,128.0,0.818224647632,0.879850737032,0.937063412787
297.219,304.279,128.0,0.818224647632,0.879850737032,0.937063412787
298.778,305.892,128.0,0.818224647632,0.879850737032,0.937063412787
299.918,307.805,128.0,0.818224647632,0.879850737032,0.937063412787
300.908,309.827,128.0,0.818224647632,0.879850737032,0.937063412787
302.712,311.324,128.0,0.818224647632,0.879850737032,0.937063412787
303.512,313.244,128.0,0.818224647632,0.879850737032,0.937063412787
305.046,314.857,128.0,0.818224647632,0.879850737032,0.937063412787
306.147,316.648,128.0,0.818224647632,0.879850737032,0.937063412787
307.637,318.278,128.0,0.818224647632,0.879850737032,0.937063412787
309.218,319.854,128.0,0.818224647632,0.879850737032,0.937063412787
310.682,321.741,128.0,0.818224647632,0.879850737032,0.937063412787
312.648,322.422,128.0,0.818224647632,0.879850737032,0.937063412787
314.499,323.386,128.0,0.818224647632,0.879850737032,0.937063412787
316.501,324.099,128.0,0.818224647632,0.879850737032,0.937063412787
318.586,324.744,128.0,0.818224647632,0.879850737032,0.937063412787
320.675,325.427,128.0,0.818224647632,0.879850737032,0.937063412787
322.878,325.615,128.0,0.818224647632,0.879850737032,0.937063412787
325.135,325.579,128.0,0.818224647632,0.879850737032,0.937063412787
327.373,325.622,128.0,0.818224647632,0.879850737032,0.937063412787
329.621,325.617,128.0,0.818224647632,0.879850737032,0.937063412787
331.882,325.647,128.0,0.818224647632,0.879850737032,0.937063412787
333.701,324.624,128.0,0.818224647632,0.879850737032,0.937063412787
335.976,324.521,128.0,0.818224647632,0.879850737032,0.937063412787
337.735,323.065,128.0,0.818224647632,0.879850737032,0.937063412787
339.297,321.464,128.0,0.818224647632,0.879850737032,0.937063412787
340.888,319.875,128.0,0.818224647632,0.879850737032,0.937063412787
342.482,318.287,128.0,0.818224647632,0.879850737032,0.937063412787
344.095,316.708,128.0,0.818224647632,0.879850737032,0.937063412787
345.68,315.116,128.0,0.818224647632,0.879850737032,0.937063412787
346.635,313.258,128.0,0.818224647632,0.879850737032,0.937063412787
347.435,311.188,128.0,0.818224647632,0.879850737032,0.937063412787
348.193,309.121,128.0,0.818224647632,0.879850737032,0.937063412787
349.218,307.114,128.0,0.818224647632,0.879850737032,0.937063412787
350.357,305.181,128.0,0.818224647632,0.879850737032,0.937063412787
350.947,303.182,128.0,0.818224647632,0.879850737032,0.937063412787
351.274,301.014,128.0,0.818224647632,0.879850737032,0.937063412787
352.455,299.029,128.0,0.818224647632,0.879850737032,0.937063412787
352.582,296.731,128.0,0.818224647632,0.879850737032,0.937063412787
353.58,294.904,128.0,0.818224647632,0.879850737032,0.937063412787
354.499,293.037,128.0,0.818224647632,0.879850737032,0.937063412787
354.469,290.776,128.0,0.818224647632,0.879850737032,0.937063412787
354.432,288.531,128.0,0.818224647632,0.879850737032,0.937063412787
353.248,286.617,128.0,0.818224647632,0.879850737032,0.937063412787
351.652,285.036,128.0,0.818224647632,0.879850737032,0.937063412787
350.062,283.448,128.0,0.818224647632,0.879850737032,0.937063412787
348.187,282.545,128.0,0.818224647632,0.879850737032,0.937063412787
346.637,280.86,128.0,0.818224647632,0.879850737032,0.937063412787
344.337,280.987,128.0,0.818224647632,0.879850737032,0.937063412787
342.538,279.898,128.0,0.818224647632,0.879850737032,0.937063412787
340.282,279.903,128.0,0.818224647632,0.879850737032,0.937063412787
338.243,279.008,128.0,0.818224647632,0.879850737032,0.937063412787
335.992,279.054,128.0,0.818224647632,0.879850737032,0.937063412787
333.684,279.19,128.0,0.818224647632,0.879850737032,0.937063412787
331.914,278.036,128.0,0.818224647632,0.879850737032,0.937063412787
329.558,278.296,128.0,0.818224647632,0.879850737032,0.937063412787
327.351,278.199,128.0,0.818224647632,0.879850737032,0.937063412787
325.101,278.202,128.0,0.818224647632,0.879850737032,0.937063412787
322.873,278.154,128.0,0.818224647632,0.879850737032,0.937063412787
320.55,278.335,128.0,0.818224647632,0.879850737032,0.937063412787
318.737,277.285,128.0,0.818224647632,0.879850737032,0.937063412787
316.477,277.32,128.0,0.818224647632,0.879850737032,0.937063412787
314.2,277.073,128.0,0.818224647632,0.879850737032,0.937063412787
312.455,275.63,128.0,0.818224647632,0.879850737032,0.937063412787
310.319,275.36,128.0,0.818224647632,0.879850737032,0.937063412787
308.341,274.649,128.0,0.818224647632,0.879850737032,0.937063412787
306.568,273.172,128.0,0.818224647632,0.879850737032,0.937063412787
304.695,272.283,128.0,0.818224647632,0.879850737032,0.937063412787
302.798,271.434,128.0,0.818224647632,0.879850737032,0.937063412787
301.017,270.308,128.0,0.818224647632,0.879850737032,0.937063412787
299.409,268.768,128.0,0.818224647632,0.879850737032,0.937063412787
297.88,267.085,128.0,0.818224647632,0.879850737032,0.937063412787
296.519,266.017,128.0,0.818224647632,0.879850737032,0.937063412787
295.626,264.125,128.0,0.818224647632,0.879850737032,0.937063412787
294.088,262.513,128.0,0.818224647632,0.879850737032,0.937063412787
293.003,260.715,128.0,0.818224647632,0.879850737032,0.937063412787
291.346,259.153,128.0,0.818224647632,0.879850737032,0.937063412787
290.447,257.278,128.0,0.818224647632,0.879850737032,0.937063412787
289.508,255.418,128.0,0.818224647632,0.879850737032,0.937063412787
288.894,253.315,128.0,0.818224647632,0.879850737032,0.937063412787
288.619,251.138,128.0,0.818224647632,0.879850737032,0.937063412787
287.655,249.117,128.0,0.818224647632,0.879850737032,0.937063412787
286.81,247.072,128.0,0.818224647632,0.879850737032,0.937063412787
286.164,245.094,128.0,0.818224647632,0.879850737032,0.937063412787
285.307,243.201,128.0,0.818224647632,0.879850737032,0.937063412787
284.224,241.402,128.0,0.818224647632,0.879850737032,0.937063412787
282.666,239.799,128.0,0.818224647632,0.879850737032,0.937063412787
280.995,238.248,128.0,0.818224647632,0.879850737032,0.937063412787
280.184,236.464,128.0,0.818224647632,0.879850737032,0.937063412787
278.16,235.284,128.0,0.818224647632,0.879850737032,0.937063412787
276.484,233.752,128.0,0.818224647632,0.879850737032,0.937063412787
274.34,233.299,128.0,0.818224647632,0.879850737032,0.937063412787
272.78,231.634,128.0,0.818224647632,0.879850737032,0.937063412787
270.917,230.705,128.0,0.818224647632,0.879850737032,0.937063412787
269.06,229.758,128.0,0.818224647632,0.879850737032,0.937063412787
267.106,228.994,128.0,0.818224647632,0.879850737032,0.937063412787
265.321,227.536,128.0,0.818224647632,0.879850737032,0.937063412787
263.45,226.643,128.0,0.818224647632,0.879850737032,0.937063412787
261.595,225.694,128.0,0.818224647632,0.879850737032,0.937063412787
259.47,225.398,128.0,0.818224647632,0.879850737032,0.937063412787
257.53,224.655,128.0,0.818224647632,0.879850737032,0.937063412787
255.294,224.624,128.0,0.818224647632,0.879850737032,0.937063412787
253.047,224.626,128.0,0.818224647632,0.879850737032,0.937063412787
250.867,224.715,128.0,0.818224647632,0.879850737032,0.937063412787
249.14,225.398,128.0,0.818224647632,0.879850737032,0.937063412787
247.866,226.673,128.0,0.818224647632,0.879850737032,0.937063412787
246.984,228.461,128.0,0.818224647632,0.879850737032,0.937063412787
246.434,230.684,128.0,0.818224647632,0.879850737032,0.937063412787
246.155,233.262,128.0,0.818224647632,0.879850737032,0.937063412787
246.087,236.117,128.0,0.818224647632,0.879850737032,0.937063412787
246.171,239.169,128.0,0.818224647632,0.879850737032,0.937063412787
246.345,242.34,128.0,0.818224647632,0.879850737032,0.937063412787
