258.678,242.164,133.0,0.812797700753,0.339569588677,0.786406019262
260.86,242.531,133.0,0.812797700753,0.339569588677,0.786406019262
262.977,243.051,133.0,0.812797700753,0.339569588677,0.786406019262
265.033,244.127,133.0,0.812797700753,0.339569588677,0.786406019262
267.0,245.002,133.0,0.812797700753,0.339569588677,0.786406019262
268.679,246.587,133.0,0.812797700753,0.339569588677,0.786406019262
270.564,247.75,133.0,0.812797700753,0.339569588677,0.786406019262
272.543,248.926,133.0,0.812797700753,0.339569588677,0.786406019262
274.218,250.571,133.0,0.812797700753,0.339569588677,0.786406019262
275.701,252.336,133.0,0.812797700753,0.339569588677,0.786406019262
276.814,254.431,133.0,0.812797700753,0.339569588677,0.786406019262
277.136,256.685,133.0,0.812797700753,0.339569588677,0.786406019262
278.047,258.806,133.0,0.812797700753,0.339569588677,0.786406019262
277.985,261.17,133.0,0.812797700753,0.339569588677,0.786406019262
278.87,263.139,133.0,0.812797700753,0.339569588677,0.786406019262
279.33,265.391,133.0,0.812797700753,0.339569588677,0.786406019262
280.696,267.208,133.0,0.812797700753,0.339569588677,0.786406019262
282.037,269.009,133.0,0.812797700753,0.339569588677,0.786406019262
284.025,270.165,133.0,0.812797700753,0.339569588677,0.786406019262
285.847,271.581,133.0,0.812797700753,0.339569588677,0.786406019262
287.721,272.924,133.0,0.812797700753,0.339569588677,0.786406019262
289.563,274.257,133.0,0.812797700753,0.339569588677,0.786406019262
291.861,274.9,133.0,0.812797700753,0.339569588677,0.786406019262
293.718,276.277,133.0,0.812797700753,0.339569588677,0.786406019262
295.371,277.926,133.0,0.812797700753,0.339569588677,0.786406019262
297.142,279.411,133.0,0.812797700753,0.339569588677,0.786406019262
299.039,280.722,133.0,0.812797700753,0.339569588677,0.786406019262
300.663,282.411,133.0,0.812797700753,0.339569588677,0.786406019262
302.929,283.14,133.0,0.812797700753,0.339569588677,0.786406019262
304.242,284.887,133.0,0.812797700753,0.339569588677,0.786406019262
305.922,286.561,133.0,0.812797700753,0.339569588677,0.786406019262
306.882,288.501,133.0,0.812797700753,0.339569588677,0.786406019262
307.879,290.423,133.0,0.812797700753,0.339569588677,0.786406019262
308.109,292.695,133.0,0.812797700753,0.339569588677,0.786406019262
308.799,294.87,133.0,0.812797700753,0.339569588677,0.786406019262
308.68,297.254,133.0,0.812797700753,0.339569588677,0.786406019262
309.678,299.174,133.0,0.812797700753,0.339569588677,0.786406019262
310.678,301.282,133.0,0.812797700753,0.339569588677,0.786406019262
311.956,303.227,133.0,0.812797700753,0.339569588677,0.786406019262
312.338,305.559,133.0,0.812797700753,0.339569588677,0.786406019262
313.438,307.836,133.0,0.812797700753,0.339569588677,0.786406019262
315.579,308.466,133.0,0.812797700753,0.339569588677,0.786406019262
316.024,310.872,133.0,0.812797700753,0.339569588677,0.786406019262
318.001,311.747,133.0,0.812797700753,0.339569588677,0.786406019262
318.803,313.844,133.0,0.812797700753,0.339569588677,0.786406019262
320.917,314.967,133.0,0.812797700753,0.339569588677,0.786406019262
322.595,316.57,133.0,0.812797700753,0.339569588677,0.786406019262
324.209,318.308,133.0,0.812797700753,0.339569588677,0.786406019262
326.417,318.614,133.0,0.812797700753,0.339569588677,0.786406019262
328.053,320.298,133.0,0.812797700753,0.339569588677,0.786406019262
330.153,321.319,133.0,0.812797700753,0.339569588677,0.786406019262
332.07,322.653,133.0,0.812797700753,0.339569588677,0.786406019262
334.188,323.327,133.0,0.812797700753,0.339569588677,0.786406019262
336.393,323.857,133.0,0.812797700753,0.339569588677,0.786406019262
338.709,323.829,133.0,0.812797700753,0.339569588677,0.786406019262
340.442,322.733,133.0,0.812797700753,0.339569588677,0.786406019262
341.938,321.581,133.0,0.812797700753,0.339569588677,0.786406019262
343.704,319.867,133.0,0.812797700753,0.339569588677,0.786406019262
343.939,317.662,133.0,0.812797700753,0.339569588677,0.786406019262
345.72,316.638,133.0,0.812797700753,0.339569588677,0.786406019262
346.561,314.603,133.0,0.812797700753,0.339569588677,0.786406019262
347.465,312.639,133.0,0.812797700753,0.339569588677,0.786406019262
347.436,310.291,133.0,0.812797700753,0.339569588677,0.786406019262
347.291,307.896,133.0,0.812797700753,0.339569588677,0.786406019262
348.372,306.008,133.0,0.812797700753,0.339569588677,0.786406019262
348.317,303.65,133.0,0.812797700753,0.339569588677,0.786406019262
348.729,301.487,133.0,0.812797700753,0.339569588677,0.786406019262
349.209,299.347,133.0,0.812797700753,0.339569588677,0.786406019262
349.305,296.975,133.0,0.812797700753,0.339569588677,0.786406019262
349.048,294.733,133.0,0.812797700753,0.339569588677,0.786406019262
348.33,292.696,133.0,0.812797700753,0.339569588677,0.786406019262
348.318,290.366,133.0,0.812797700753,0.339569588677,0.786406019262
348.353,288.015,133.0,0.812797700753,0.339569588677,0.786406019262
346.829,286.238,133.0,0.812797700753,0.339569588677,0.786406019262
346.379,284.009,133.0,0.812797700753,0.339569588677,0.786406019262
344.795,282.325,133.0,0.812797700753,0.339569588677,0.786406019262
343.598,280.416,133.0,0.812797700753,0.339569588677,0.786406019262
341.683,279.452,133.0,0.812797700753,0.339569588677,0.786406019262
339.717,278.554,133.0,0.812797700753,0.339569588677,0.786406019262
337.904,277.312,133.0,0.812797700753,0.339569588677,0.786406019262
335.855,276.216,133.0,0.812797700753,0.339569588677,0.786406019262
333.898,275.334,133.0,0.812797700753,0.339569588677,0.786406019262
332.035,273.859,133.0,0.812797700753,0.339569588677,0.786406019262
329.712,273.753,133.0,0.812797700753,0.339569588677,0.786406019262
327.591,272.847,133.0,0.812797700753,0.339569588677,0.786406019262
325.221,272.879,133.0,0.812797700753,0.339569588677,0.786406019262
322.992,272.128,133.0,0.812797700753,0.339569588677,0.786406019262
320.889,271.142,133.0,0.812797700753,0.339569588677,0.786406019262
318.785,270.589,133.0,0.812797700753,0.339569588677,0.786406019262
316.6,270.227,133.0,0.812797700753,0.339569588677,0.786406019262
314.577,269.474,133.0,0.812797700753,0.339569588677,0.786406019262
312.652,268.484,133.0,0.812797700753,0.339569588677,0.786406019262
310.642,267.697,133.0,0.812797700753,0.339569588677,0.786406019262
308.732,266.669,133.0,0.812797700753,0.339569588677,0.786406019262
306.773,265.762,133.0,0.812797700753,0.339569588677,0.786406019262
305.168,263.998,133.0,0.812797700753,0.339569588677,0.786406019262
303.122,263.237,133.0,0.812797700753,0.339569588677,0.786406019262
301.307,261.713,133.0,0.812797700753,0.339569588677,0.786406019262
299.965,260.586,133.0,0.812797700753,0.339569588677,0.786406019262
298.055,259.497,133.0,0.812797700753,0.339569588677,0.786406019262
296.384,257.876,133.0,0.812797700753,0.339569588677,0.786406019262
294.731,256.227,133.0,0.812797700753,0.339569588677,0.786406019262
293.01,254.605,133.0,0.812797700753,0.339569588677,0.786406019262
292.031,252.675,133.0,0.812797700753,0.339569588677,0.786406019262
291.2,250.673,133.0,0.812797700753,0.339569588677,0.786406019262
289.931,248.649,133.0,0.812797700753,0.339569588677,0.786406019262
289.598,246.356,133.0,0.812797700753,0.339569588677,0.786406019262
288.53,244.471,133.0,0.812797700753,0.339569588677,0.786406019262
288.551,242.127,133.0,0.812797700753,0.339569588677,0.786406019262
287.779,240.111,133.0,0.812797700753,0.339569588677,0.786406019262
286.852,238.16,133.0,0.812797700753,0.339569588677,0.786406019262
285.893,236.221,133.0,0.812797700753,0.339569588677,0.786406019262
285.035,234.241,133.0,0.812797700753,0.339569588677,0.786406019262
283.378,232.648,133.0,0.812797700753,0.339569588677,0.786406019262
281.776,230.845,133.0,0.812797700753,0.339569588677,0.786406019262
279.833,229.899,133.0,0.812797700753,0.339569588677,0.786406019262
277.875,228.989,133.0,0.812797700753,0.339569588677,0.786406019262
275.923,228.063,133.0,0.812797700753,0.339569588677,0.786406019262
273.862,227.401,133.0,0.812797700753,0.339569588677,0.786406019262
271.668,227.06,133.0,0.812797700753,0.339569588677,0.786406019262
269.585,226.451,133.0,0.812797700753,0.339569588677,0.786406019262
267.653,225.48,133.0,0.812797700753,0.339569588677,0.786406019262
265.682,224.566,133.0,0.812797700753,0.339569588677,0.786406019262
263.959,223.306,133.0,0.812797700753,0.339569588677,0.786406019262
264.173,221.416,133.0,0.812797700753,0.339569588677,0.786406019262
264.05,221.018,133.0,0.812797700753,0.339569588677,0.786406019262
263.618,221.928,133.0,0.812797700753,0.339569588677,0.786406019262
262.927,223.944,133.0,0.812797700753,0.339569588677,0.786406019262
262.023,226.864,133.0,0.812797700753,0.339569588677,0.786406019262
260.952,230.489,133.0,0.812797700753,0.339569588677,0.786406019262
259.764,234.617,133.0,0.812797700753,0.339569588677,0.786406019262
258.505,239.046,133.0,0.812797700753,0.339569588677,0.786406019262
