260.591,242.221,145.0,0.812797700753,0.339569588677,0.786406019262
263.229,242.531,145.0,0.812797700753,0.339569588677,0.786406019262
265.597,243.914,145.0,0.812797700753,0.339569588677,0.786406019262
268.255,244.158,145.0,0.812797700753,0.339569588677,0.786406019262
270.326,245.899,145.0,0.812797700753,0.339569588677,0.786406019262
272.615,247.307,145.0,0.812797700753,0.339569588677,0.786406019262
273.999,249.558,145.0,0.812797700753,0.339569588677,0.786406019262
276.317,250.985,145.0,0.812797700753,0.339569588677,0.786406019262
277.669,253.3,145.0,0.812797700753,0.339569588677,0.786406019262
279.425,255.313,145.0,0.812797700753,0.339569588677,0.786406019262
280.577,257.768,145.0,0.812797700753,0.339569588677,0.786406019262
281.785,260.181,145.0,0.812797700753,0.339569588677,0.786406019262
283.011,262.581,145.0,0.812797700753,0.339569588677,0.786406019262
284.199,265.009,145.0,0.812797700753,0.339569588677,0.786406019262
285.857,267.161,145.0,0.812797700753,0.339569588677,0.786406019262
287.7,268.974,145.0,0.812797700753,0.339569588677,0.786406019262
289.787,270.65,145.0,0.812797700753,0.339569588677,0.786406019262
292.08,272.025,145.0,0.812797700753,0.339569588677,0.786406019262
294.015,273.897,145.0,0.812797700753,0.339569588677,0.786406019262
296.283,275.307,145.0,0.812797700753,0.339569588677,0.786406019262
298.312,277.049,145.0,0.812797700753,0.339569588677,0.786406019262
300.801,278.151,145.0,0.812797700753,0.339569588677,0.786406019262
303.238,279.327,145.0,0.812797700753,0.339569588677,0.786406019262
305.368,280.928,145.0,0.812797700753,0.339569588677,0.786406019262
307.341,282.748,145.0,0.812797700753,0.339569588677,0.786406019262
309.569,284.213,145.0,0.812797700753,0.339569588677,0.786406019262
311.476,286.123,145.0,0.812797700753,0.339569588677,0.786406019262
313.751,287.518,145.0,0.812797700753,0.339569588677,0.786406019262
315.695,289.407,145.0,0.812797700753,0.339569588677,0.786406019262
317.089,291.632,145.0,0.812797700753,0.339569588677,0.786406019262
319.328,293.115,145.0,0.812797700753,0.339569588677,0.786406019262
321.287,294.9,145.0,0.812797700753,0.339569588677,0.786406019262
323.358,296.417,145.0,0.812797700753,0.339569588677,0.786406019262
325.971,296.627,145.0,0.812797700753,0.339569588677,0.786406019262
328.657,296.62,145.0,0.812797700753,0.339569588677,0.786406019262
331.038,295.764,145.0,0.812797700753,0.339569588677,0.786406019262
332.616,294.677,145.0,0.812797700753,0.339569588677,0.786406019262
332.517,291.877,145.0,0.812797700753,0.339569588677,0.786406019262
332.5,289.176,145.0,0.812797700753,0.339569588677,0.786406019262
331.498,286.892,145.0,0.812797700753,0.339569588677,0.786406019262
330.33,284.696,145.0,0.812797700753,0.339569588677,0.786406019262
328.388,282.656,145.0,0.812797700753,0.339569588677,0.786406019262
326.18,281.494,145.0,0.812797700753,0.339569588677,0.786406019262
324.254,279.628,145.0,0.812797700753,0.339569588677,0.786406019262
322.141,278.212,145.0,0.812797700753,0.339569588677,0.786406019262
320.186,276.414,145.0,0.812797700753,0.339569588677,0.786406019262
317.97,274.875,145.0,0.812797700753,0.339569588677,0.786406019262
315.593,273.608,145.0,0.812797700753,0.339569588677,0.786406019262
313.708,271.666,145.0,0.812797700753,0.339569588677,0.786406019262
311.811,269.741,145.0,0.812797700753,0.339569588677,0.786406019262
309.498,268.394,145.0,0.812797700753,0.339569588677,0.786406019262
307.595,266.475,145.0,0.812797700753,0.339569588677,0.786406019262
306.198,264.182,145.0,0.812797700753,0.339569588677,0.786406019262
305.436,261.744,145.0,0.812797700753,0.339569588677,0.786406019262
304.357,259.493,145.0,0.812797700753,0.339569588677,0.786406019262
303.451,256.997,145.0,0.812797700753,0.339569588677,0.786406019262
302.28,254.572,145.0,0.812797700753,0.339569588677,0.786406019262
301.021,252.175,145.0,0.812797700753,0.339569588677,0.786406019262
300.419,249.547,145.0,0.812797700753,0.339569588677,0.786406019262
299.292,247.081,145.0,0.812797700753,0.339569588677,0.786406019262
298.987,244.46,145.0,0.812797700753,0.339569588677,0.786406019262
298.38,241.869,145.0,0.812797700753,0.339569588677,0.786406019262
297.392,239.589,145.0,0.812797700753,0.339569588677,0.786406019262
296.257,237.36,145.0,0.812797700753,0.339569588677,0.786406019262
294.765,235.279,145.0,0.812797700753,0.339569588677,0.786406019262
292.929,233.34,145.0,0.812797700753,0.339569588677,0.786406019262
291.035,231.393,145.0,0.812797700753,0.339569588677,0.786406019262
288.594,230.769,145.0,0.812797700753,0.339569588677,0.786406019262
286.286,229.824,145.0,0.812797700753,0.339569588677,0.786406019262
283.95,228.948,145.0,0.812797700753,0.339569588677,0.786406019262
281.585,228.141,145.0,0.812797700753,0.339569588677,0.786406019262
279.27,227.211,145.0,0.812797700753,0.339569588677,0.786406019262
276.662,226.697,145.0,0.812797700753,0.339569588677,0.786406019262
274.393,225.538,145.0,0.812797700753,0.339569588677,0.786406019262
272.75,224.479,145.0,0.812797700753,0.339569588677,0.786406019262
271.851,222.62,145.0,0.812797700753,0.339569588677,0.786406019262
270.123,220.659,145.0,0.812797700753,0.339569588677,0.786406019262
270.043,218.265,145.0,0.812797700753,0.339569588677,0.786406019262
269.58,217.336,145.0,0.812797700753,0.339569588677,0.786406019262
268.831,217.772,145.0,0.812797700753,0.339569588677,0.786406019262
267.834,219.391,145.0,0.812797700753,0.339569588677,0.786406019262
266.627,222.011,145.0,0.812797700753,0.339569588677,0.786406019262
265.248,225.451,145.0,0.812797700753,0.339569588677,0.786406019262
263.735,229.527,145.0,0.812797700753,0.339569588677,0.786406019262
262.127,234.058,145.0,0.812797700753,0.339569588677,0.786406019262
260.462,238.863,145.0,0.812797700753,0.339569588677,0.786406019262
