262.43,243.371,146.0,0.812797700753,0.339569588677,0.786406019262
265.029,243.849,146.0,0.812797700753,0.339569588677,0.786406019262
267.013,245.109,146.0,0.812797700753,0.339569588677,0.786406019262
269.329,246.105,146.0,0.812797700753,0.339569588677,0.786406019262
271.541,247.378,146.0,0.812797700753,0.339569588677,0.786406019262
273.952,247.905,146.0,0.812797700753,0.339569588677,0.786406019262
275.87,249.536,146.0,0.812797700753,0.339569588677,0.786406019262
277.789,250.956,146.0,0.812797700753,0.339569588677,0.786406019262
279.62,252.576,146.0,0.812797700753,0.339569588677,0.786406019262
280.745,254.62,146.0,0.812797700753,0.339569588677,0.786406019262
282.584,256.379,146.0,0.812797700753,0.339569588677,0.786406019262
284.374,258.158,146.0,0.812797700753,0.339569588677,0.786406019262
286.15,259.943,146.0,0.812797700753,0.339569588677,0.786406019262
287.878,261.769,146.0,0.812797700753,0.339569588677,0.786406019262
289.233,263.762,146.0,0.812797700753,0.339569588677,0.786406019262
291.823,264.644,146.0,0.812797700753,0.339569588677,0.786406019262
292.211,266.925,146.0,0.812797700753,0.339569588677,0.786406019262
294.447,268.171,146.0,0.812797700753,0.339569588677,0.786406019262
296.197,269.976,146.0,0.812797700753,0.339569588677,0.786406019262
298.115,271.572,146.0,0.812797700753,0.339569588677,0.786406019262
300.187,272.952,146.0,0.812797700753,0.339569588677,0.786406019262
301.934,274.782,146.0,0.812797700753,0.339569588677,0.786406019262
304.068,276.071,146.0,0.812797700753,0.339569588677,0.786406019262
305.697,277.972,146.0,0.812797700753,0.339569588677,0.786406019262
306.728,280.293,146.0,0.812797700753,0.339569588677,0.786406019262
308.158,282.369,146.0,0.812797700753,0.339569588677,0.786406019262
309.266,284.634,146.0,0.812797700753,0.339569588677,0.786406019262
310.575,286.651,146.0,0.812797700753,0.339569588677,0.786406019262
311.448,288.812,146.0,0.812797700753,0.339569588677,0.786406019262
312.308,290.975,146.0,0.812797700753,0.339569588677,0.786406019262
313.19,293.131,146.0,0.812797700753,0.339569588677,0.786406019262
314.465,295.286,146.0,0.812797700753,0.339569588677,0.786406019262
316.258,297.035,146.0,0.812797700753,0.339569588677,0.786406019262
318.22,298.381,146.0,0.812797700753,0.339569588677,0.786406019262
320.039,300.074,146.0,0.812797700753,0.339569588677,0.786406019262
322.517,300.139,146.0,0.812797700753,0.339569588677,0.786406019262
324.949,299.918,146.0,0.812797700753,0.339569588677,0.786406019262
326.641,297.962,146.0,0.812797700753,0.339569588677,0.786406019262
328.118,296.638,146.0,0.812797700753,0.339569588677,0.786406019262
328.981,294.989,146.0,0.812797700753,0.339569588677,0.786406019262
330.242,292.826,146.0,0.812797700753,0.339569588677,0.786406019262
330.752,290.528,146.0,0.812797700753,0.339569588677,0.786406019262
331.256,288.238,146.0,0.812797700753,0.339569588677,0.786406019262
330.801,286.194,146.0,0.812797700753,0.339569588677,0.786406019262
329.868,284.062,146.0,0.812797700753,0.339569588677,0.786406019262
327.899,282.361,146.0,0.812797700753,0.339569588677,0.786406019262
326.079,280.627,146.0,0.812797700753,0.339569588677,0.786406019262
323.748,279.608,146.0,0.812797700753,0.339569588677,0.786406019262
321.813,278.041,146.0,0.812797700753,0.339569588677,0.786406019262
319.972,276.403,146.0,0.812797700753,0.339569588677,0.786406019262
317.644,275.642,146.0,0.812797700753,0.339569588677,0.786406019262
315.815,273.795,146.0,0.812797700753,0.339569588677,0.786406019262
314.033,272.013,146.0,0.812797700753,0.339569588677,0.786406019262
312.241,270.244,146.0,0.812797700753,0.339569588677,0.786406019262
310.109,268.975,146.0,0.812797700753,0.339569588677,0.786406019262
308.8,266.979,146.0,0.812797700753,0.339569588677,0.786406019262
307.175,265.132,146.0,0.812797700753,0.339569588677,0.786406019262
305.325,263.378,146.0,0.812797700753,0.339569588677,0.786406019262
304.157,261.342,146.0,0.812797700753,0.339569588677,0.786406019262
303.575,259.064,146.0,0.812797700753,0.339569588677,0.786406019262
301.876,257.252,146.0,0.812797700753,0.339569588677,0.786406019262
300.75,255.003,146.0,0.812797700753,0.339569588677,0.786406019262
299.692,252.729,146.0,0.812797700753,0.339569588677,0.786406019262
298.347,250.549,146.0,0.812797700753,0.339569588677,0.786406019262
298.066,248.122,146.0,0.812797700753,0.339569588677,0.786406019262
297.375,245.887,146.0,0.812797700753,0.339569588677,0.786406019262
296.447,243.751,146.0,0.812797700753,0.339569588677,0.786406019262
296.064,241.312,146.0,0.812797700753,0.339569588677,0.786406019262
295.676,238.876,146.0,0.812797700753,0.339569588677,0.786406019262
294.553,236.858,146.0,0.812797700753,0.339569588677,0.786406019262
294.685,234.28,146.0,0.812797700753,0.339569588677,0.786406019262
293.265,232.808,146.0,0.812797700753,0.339569588677,0.786406019262
292.129,230.773,146.0,0.812797700753,0.339569588677,0.786406019262
290.502,229.891,146.0,0.812797700753,0.339569588677,0.786406019262
288.68,228.168,146.0,0.812797700753,0.339569588677,0.786406019262
286.137,228.226,146.0,0.812797700753,0.339569588677,0.786406019262
284.06,227.186,146.0,0.812797700753,0.339569588677,0.786406019262
281.575,226.683,146.0,0.812797700753,0.339569588677,0.786406019262
279.099,226.43,146.0,0.812797700753,0.339569588677,0.786406019262
276.95,225.537,146.0,0.812797700753,0.339569588677,0.786406019262
275.067,224.051,146.0,0.812797700753,0.339569588677,0.786406019262
273.617,222.751,146.0,0.812797700753,0.339569588677,0.786406019262
271.97,221.228,146.0,0.812797700753,0.339569588677,0.786406019262
271.054,219.635,146.0,0.812797700753,0.339569588677,0.786406019262
271.017,217.376,146.0,0.812797700753,0.339569588677,0.786406019262
270.788,216.34,146.0,0.812797700753,0.339569588677,0.786406019262
270.327,216.52,146.0,0.812797700753,0.339569588677,0.786406019262
269.663,217.772,146.0,0.812797700753,0.339569588677,0.786406019262
268.822,219.955,146.0,0.812797700753,0.339569588677,0.786406019262
267.831,222.925,146.0,0.812797700753,0.339569588677,0.786406019262
266.719,226.538,146.0,0.812797700753,0.339569588677,0.786406019262
265.511,230.652,146.0,0.812797700753,0.339569588677,0.786406019262
264.236,235.124,146.0,0.812797700753,0.339569588677,0.786406019262
262.919,239.81,146.0,0.812797700753,0.339569588677,0.786406019262
