271.967,207.4,149.0,0.812797700753,0.339569588677,0.786406019262
273.475,209.36,149.0,0.812797700753,0.339569588677,0.786406019262
274.462,211.386,149.0,0.812797700753,0.339569588677,0.786406019262
276.208,213.091,149.0,0.812797700753,0.339569588677,0.786406019262
278.215,214.143,149.0,0.812797700753,0.339569588677,0.786406019262
279.916,215.93,149.0,0.812797700753,0.339569588677,0.786406019262
281.635,217.668,149.0,0.812797700753,0.339569588677,0.786406019262
283.619,219.036,149.0,0.812797700753,0.339569588677,0.786406019262
285.451,220.613,149.0,0.812797700753,0.339569588677,0.786406019262
287.162,222.34,149.0,0.812797700753,0.339569588677,0.786406019262
288.6,224.187,149.0,0.812797700753,0.339569588677,0.786406019262
290.015,226.099,149.0,0.812797700753,0.339569588677,0.786406019262
290.507,228.432,149.0,0.812797700753,0.339569588677,0.786406019262
292.107,230.212,149.0,0.812797700753,0.339569588677,0.786406019262
292.975,232.293,149.0,0.812797700753,0.339569588677,0.786406019262
293.945,234.32,149.0,0.812797700753,0.339569588677,0.786406019262
294.636,236.622,149.0,0.812797700753,0.339569588677,0.786406019262
294.596,239.109,149.0,0.812797700753,0.339569588677,0.786406019262
295.778,241.052,149.0,0.812797700753,0.339569588677,0.786406019262
295.594,243.578,149.0,0.812797700753,0.339569588677,0.786406019262
295.548,246.073,149.0,0.812797700753,0.339569588677,0.786406019262
296.572,247.489,149.0,0.812797700753,0.339569588677,0.786406019262
296.667,250.04,149.0,0.812797700753,0.339569588677,0.786406019262
298.276,251.866,149.0,0.812797700753,0.339569588677,0.786406019262
299.122,254.112,149.0,0.812797700753,0.339569588677,0.786406019262
300.026,256.34,149.0,0.812797700753,0.339569588677,0.786406019262
300.635,258.522,149.0,0.812797700753,0.339569588677,0.786406019262
301.711,260.519,149.0,0.812797700753,0.339569588677,0.786406019262
302.808,262.499,149.0,0.812797700753,0.339569588677,0.786406019262
304.161,264.695,149.0,0.812797700753,0.339569588677,0.786406019262
305.952,265.873,149.0,0.812797700753,0.339569588677,0.786406019262
307.729,267.48,149.0,0.812797700753,0.339569588677,0.786406019262
309.459,269.196,149.0,0.812797700753,0.339569588677,0.786406019262
311.187,270.92,149.0,0.812797700753,0.339569588677,0.786406019262
312.938,272.628,149.0,0.812797700753,0.339569588677,0.786406019262
314.113,274.75,149.0,0.812797700753,0.339569588677,0.786406019262
315.832,276.476,149.0,0.812797700753,0.339569588677,0.786406019262
317.045,278.415,149.0,0.812797700753,0.339569588677,0.786406019262
317.949,280.48,149.0,0.812797700753,0.339569588677,0.786406019262
319.345,282.339,149.0,0.812797700753,0.339569588677,0.786406019262
320.371,284.524,149.0,0.812797700753,0.339569588677,0.786406019262
322.009,286.279,149.0,0.812797700753,0.339569588677,0.786406019262
321.972,288.735,149.0,0.812797700753,0.339569588677,0.786406019262
321.3,290.476,149.0,0.812797700753,0.339569588677,0.786406019262
319.203,291.357,149.0,0.812797700753,0.339569588677,0.786406019262
316.767,291.368,149.0,0.812797700753,0.339569588677,0.786406019262
314.326,291.37,149.0,0.812797700753,0.339569588677,0.786406019262
311.897,291.28,149.0,0.812797700753,0.339569588677,0.786406019262
309.909,289.855,149.0,0.812797700753,0.339569588677,0.786406019262
308.19,288.125,149.0,0.812797700753,0.339569588677,0.786406019262
306.464,286.399,149.0,0.812797700753,0.339569588677,0.786406019262
304.736,284.674,149.0,0.812797700753,0.339569588677,0.786406019262
302.988,282.964,149.0,0.812797700753,0.339569588677,0.786406019262
301.789,280.858,149.0,0.812797700753,0.339569588677,0.786406019262
300.085,279.117,149.0,0.812797700753,0.339569588677,0.786406019262
299.277,276.88,149.0,0.812797700753,0.339569588677,0.786406019262
297.772,275.783,149.0,0.812797700753,0.339569588677,0.786406019262
296.481,273.652,149.0,0.812797700753,0.339569588677,0.786406019262
295.224,271.736,149.0,0.812797700753,0.339569588677,0.786406019262
294.056,269.63,149.0,0.812797700753,0.339569588677,0.786406019262
292.977,267.621,149.0,0.812797700753,0.339569588677,0.786406019262
291.981,265.592,149.0,0.812797700753,0.339569588677,0.786406019262
290.353,263.825,149.0,0.812797700753,0.339569588677,0.786406019262
289.109,261.858,149.0,0.812797700753,0.339569588677,0.786406019262
287.898,259.783,149.0,0.812797700753,0.339569588677,0.786406019262
286.086,258.113,149.0,0.812797700753,0.339569588677,0.786406019262
284.628,256.194,149.0,0.812797700753,0.339569588677,0.786406019262
283.136,254.299,149.0,0.812797700753,0.339569588677,0.786406019262
281.416,252.569,149.0,0.812797700753,0.339569588677,0.786406019262
279.69,250.843,149.0,0.812797700753,0.339569588677,0.786406019262
277.964,249.117,149.0,0.812797700753,0.339569588677,0.786406019262
276.238,247.391,149.0,0.812797700753,0.339569588677,0.786406019262
274.512,245.665,149.0,0.812797700753,0.339569588677,0.786406019262
272.786,243.939,149.0,0.812797700753,0.339569588677,0.786406019262
271.058,242.217,149.0,0.812797700753,0.339569588677,0.786406019262
269.019,241.248,149.0,0.812797700753,0.339569588677,0.786406019262
267.349,239.378,149.0,0.812797700753,0.339569588677,0.786406019262
265.535,237.807,149.0,0.812797700753,0.339569588677,0.786406019262
264.002,236.919,149.0,0.812797700753,0.339569588677,0.786406019262
263.0,234.897,149.0,0.812797700753,0.339569588677,0.786406019262
261.281,233.172,149.0,0.812797700753,0.339569588677,0.786406019262
261.306,230.75,149.0,0.812797700753,0.339569588677,0.786406019262
260.506,229.109,149.0,0.812797700753,0.339569588677,0.786406019262
260.487,226.893,149.0,0.812797700753,0.339569588677,0.786406019262
260.799,224.688,149.0,0.812797700753,0.339569588677,0.786406019262
261.409,222.491,149.0,0.812797700753,0.339569588677,0.786406019262
262.28,220.301,149.0,0.812797700753,0.339569588677,0.786406019262
263.378,218.118,149.0,0.812797700753,0.339569588677,0.786406019262
264.668,215.94,149.0,0.812797700753,0.339569588677,0.786406019262
266.116,213.767,149.0,0.812797700753,0.339569588677,0.786406019262
267.685,211.598,149.0,0.812797700753,0.339569588677,0.786406019262
269.342,209.431,149.0,0.812797700753,0.339569588677,0.786406019262
271.051,207.265,149.0,0.812797700753,0.339569588677,0.786406019262
