290.972,215.925,158.0,0.812797700753,0.339569588677,0.786406019262
288.787,216.614,158.0,0.812797700753,0.339569588677,0.786406019262
286.782,217.654,158.0,0.812797700753,0.339569588677,0.786406019262
284.425,218.332,158.0,0.812797700753,0.339569588677,0.786406019262
282.403,219.352,158.0,0.812797700753,0.339569588677,0.786406019262
280.406,220.449,158.0,0.812797700753,0.339569588677,0.786406019262
278.342,221.674,158.0,0.812797700753,0.339569588677,0.786406019262
276.663,223.425,158.0,0.812797700753,0.339569588677,0.786406019262
275.439,225.35,158.0,0.812797700753,0.339569588677,0.786406019262
273.753,227.084,158.0,0.812797700753,0.339569588677,0.786406019262
273.684,229.473,158.0,0.812797700753,0.339569588677,0.786406019262
274.509,231.565,158.0,0.812797700753,0.339569588677,0.786406019262
275.596,233.548,158.0,0.812797700753,0.339569588677,0.786406019262
277.287,235.296,158.0,0.812797700753,0.339569588677,0.786406019262
279.044,236.918,158.0,0.812797700753,0.339569588677,0.786406019262
281.109,237.804,158.0,0.812797700753,0.339569588677,0.786406019262
283.164,238.712,158.0,0.812797700753,0.339569588677,0.786406019262
285.448,239.068,158.0,0.812797700753,0.339569588677,0.786406019262
287.679,239.552,158.0,0.812797700753,0.339569588677,0.786406019262
290.109,239.557,158.0,0.812797700753,0.339569588677,0.786406019262
292.541,239.555,158.0,0.812797700753,0.339569588677,0.786406019262
294.971,239.59,158.0,0.812797700753,0.339569588677,0.786406019262
297.253,238.825,158.0,0.812797700753,0.339569588677,0.786406019262
299.19,237.728,158.0,0.812797700753,0.339569588677,0.786406019262
299.152,235.256,158.0,0.812797700753,0.339569588677,0.786406019262
299.139,232.81,158.0,0.812797700753,0.339569588677,0.786406019262
299.139,230.378,158.0,0.812797700753,0.339569588677,0.786406019262
299.139,227.947,158.0,0.812797700753,0.339569588677,0.786406019262
299.156,225.51,158.0,0.812797700753,0.339569588677,0.786406019262
298.882,223.176,158.0,0.812797700753,0.339569588677,0.786406019262
297.915,221.09,158.0,0.812797700753,0.339569588677,0.786406019262
296.399,219.199,158.0,0.812797700753,0.339569588677,0.786406019262
294.49,217.449,158.0,0.812797700753,0.339569588677,0.786406019262
292.346,215.784,158.0,0.812797700753,0.339569588677,0.786406019262
