278.91,214.97,159.0,0.812797700753,0.339569588677,0.786406019262
276.891,216.206,159.0,0.812797700753,0.339569588677,0.786406019262
275.45,218.137,159.0,0.812797700753,0.339569588677,0.786406019262
274.569,220.32,159.0,0.812797700753,0.339569588677,0.786406019262
273.681,222.501,159.0,0.812797700753,0.339569588677,0.786406019262
272.801,224.686,159.0,0.812797700753,0.339569588677,0.786406019262
272.792,227.232,159.0,0.812797700753,0.339569588677,0.786406019262
272.782,229.783,159.0,0.812797700753,0.339569588677,0.786406019262
273.987,232.012,159.0,0.812797700753,0.339569588677,0.786406019262
275.81,233.782,159.0,0.812797700753,0.339569588677,0.786406019262
277.619,235.567,159.0,0.812797700753,0.339569588677,0.786406019262
279.602,236.928,159.0,0.812797700753,0.339569588677,0.786406019262
281.889,238.041,159.0,0.812797700753,0.339569588677,0.786406019262
284.344,238.573,159.0,0.812797700753,0.339569588677,0.786406019262
286.421,239.694,159.0,0.812797700753,0.339569588677,0.786406019262
289.023,239.562,159.0,0.812797700753,0.339569588677,0.786406019262
291.582,239.564,159.0,0.812797700753,0.339569588677,0.786406019262
294.062,239.401,159.0,0.812797700753,0.339569588677,0.786406019262
296.102,238.185,159.0,0.812797700753,0.339569588677,0.786406019262
297.907,236.951,159.0,0.812797700753,0.339569588677,0.786406019262
299.184,234.729,159.0,0.812797700753,0.339569588677,0.786406019262
299.138,232.156,159.0,0.812797700753,0.339569588677,0.786406019262
299.138,229.607,159.0,0.812797700753,0.339569588677,0.786406019262
299.1,227.074,159.0,0.812797700753,0.339569588677,0.786406019262
298.402,224.813,159.0,0.812797700753,0.339569588677,0.786406019262
297.88,222.481,159.0,0.812797700753,0.339569588677,0.786406019262
297.381,220.138,159.0,0.812797700753,0.339569588677,0.786406019262
297.109,217.799,159.0,0.812797700753,0.339569588677,0.786406019262
295.967,216.106,159.0,0.812797700753,0.339569588677,0.786406019262
294.066,214.973,159.0,0.812797700753,0.339569588677,0.786406019262
291.544,214.3,159.0,0.812797700753,0.339569588677,0.786406019262
288.539,213.984,159.0,0.812797700753,0.339569588677,0.786406019262
285.188,213.923,159.0,0.812797700753,0.339569588677,0.786406019262
281.631,214.015,159.0,0.812797700753,0.339569588677,0.786406019262
