413.586,307.96,29.0,0.812797700753,0.339569588677,0.786406019262
411.263,311.025,29.0,0.812797700753,0.339569588677,0.786406019262
408.035,313.209,29.0,0.812797700753,0.339569588677,0.786406019262
405.36,315.993,29.0,0.812797700753,0.339569588677,0.786406019262
402.461,318.601,29.0,0.812797700753,0.339569588677,0.786406019262
400.421,321.832,29.0,0.812797700753,0.339569588677,0.786406019262
398.197,324.936,29.0,0.812797700753,0.339569588677,0.786406019262
396.638,328.131,29.0,0.812797700753,0.339569588677,0.786406019262
395.737,331.782,29.0,0.812797700753,0.339569588677,0.786406019262
394.877,335.44,29.0,0.812797700753,0.339569588677,0.786406019262
394.857,339.296,29.0,0.812797700753,0.339569588677,0.786406019262
394.861,343.158,29.0,0.812797700753,0.339569588677,0.786406019262
394.86,347.02,29.0,0.812797700753,0.339569588677,0.786406019262
394.801,350.894,29.0,0.812797700753,0.339569588677,0.786406019262
395.821,354.506,29.0,0.812797700753,0.339569588677,0.786406019262
396.226,358.418,29.0,0.812797700753,0.339569588677,0.786406019262
398.36,361.578,29.0,0.812797700753,0.339569588677,0.786406019262
400.151,364.877,29.0,0.812797700753,0.339569588677,0.786406019262
401.958,367.572,29.0,0.812797700753,0.339569588677,0.786406019262
404.263,370.185,29.0,0.812797700753,0.339569588677,0.786406019262
406.612,373.046,29.0,0.812797700753,0.339569588677,0.786406019262
410.481,373.737,29.0,0.812797700753,0.339569588677,0.786406019262
413.259,374.795,29.0,0.812797700753,0.339569588677,0.786406019262
417.118,374.816,29.0,0.812797700753,0.339569588677,0.786406019262
420.892,374.044,29.0,0.812797700753,0.339569588677,0.786406019262
424.239,372.142,29.0,0.812797700753,0.339569588677,0.786406019262
427.571,370.218,29.0,0.812797700753,0.339569588677,0.786406019262
430.661,367.958,29.0,0.812797700753,0.339569588677,0.786406019262
433.208,365.327,29.0,0.812797700753,0.339569588677,0.786406019262
435.373,362.241,29.0,0.812797700753,0.339569588677,0.786406019262
437.86,359.238,29.0,0.812797700753,0.339569588677,0.786406019262
438.734,355.582,29.0,0.812797700753,0.339569588677,0.786406019262
438.859,351.75,29.0,0.812797700753,0.339569588677,0.786406019262
439.766,348.104,29.0,0.812797700753,0.339569588677,0.786406019262
440.505,344.417,29.0,0.812797700753,0.339569588677,0.786406019262
440.537,340.563,29.0,0.812797700753,0.339569588677,0.786406019262
440.535,336.7,29.0,0.812797700753,0.339569588677,0.786406019262
440.576,332.829,29.0,0.812797700753,0.339569588677,0.786406019262
439.661,329.184,29.0,0.812797700753,0.339569588677,0.786406019262
438.756,325.538,29.0,0.812797700753,0.339569588677,0.786406019262
437.413,321.893,29.0,0.812797700753,0.339569588677,0.786406019262
436.133,318.527,29.0,0.812797700753,0.339569588677,0.786406019262
435.163,315.214,29.0,0.812797700753,0.339569588677,0.786406019262
432.99,312.617,29.0,0.812797700753,0.339569588677,0.786406019262
429.832,310.605,29.0,0.812797700753,0.339569588677,0.786406019262
425.908,309.049,29.0,0.812797700753,0.339569588677,0.786406019262
421.437,307.818,29.0,0.812797700753,0.339569588677,0.786406019262
416.637,306.783,29.0,0.812797700753,0.339569588677,0.786406019262
