421.489,296.635,34.0,0.812797700753,0.339569588677,0.786406019262
416.856,298.452,34.0,0.812797700753,0.339569588677,0.786406019262
412.441,300.47,34.0,0.812797700753,0.339569588677,0.786406019262
408.393,302.822,34.0,0.812797700753,0.339569588677,0.786406019262
404.856,305.64,34.0,0.812797700753,0.339569588677,0.786406019262
401.978,309.058,34.0,0.812797700753,0.339569588677,0.786406019262
399.787,313.115,34.0,0.812797700753,0.339569588677,0.786406019262
396.788,316.594,34.0,0.812797700753,0.339569588677,0.786406019262
394.058,320.24,34.0,0.812797700753,0.339569588677,0.786406019262
391.952,324.207,34.0,0.812797700753,0.339569588677,0.786406019262
389.283,327.956,34.0,0.812797700753,0.339569588677,0.786406019262
386.892,331.84,34.0,0.812797700753,0.339569588677,0.786406019262
384.774,335.97,34.0,0.812797700753,0.339569588677,0.786406019262
383.55,340.285,34.0,0.812797700753,0.339569588677,0.786406019262
383.448,344.872,34.0,0.812797700753,0.339569588677,0.786406019262
383.48,349.476,34.0,0.812797700753,0.339569588677,0.786406019262
383.993,353.966,34.0,0.812797700753,0.339569588677,0.786406019262
384.519,358.457,34.0,0.812797700753,0.339569588677,0.786406019262
384.445,363.095,34.0,0.812797700753,0.339569588677,0.786406019262
386.281,367.326,34.0,0.812797700753,0.339569588677,0.786406019262
387.695,371.697,34.0,0.812797700753,0.339569588677,0.786406019262
389.613,375.067,34.0,0.812797700753,0.339569588677,0.786406019262
392.241,378.703,34.0,0.812797700753,0.339569588677,0.786406019262
394.072,382.967,34.0,0.812797700753,0.339569588677,0.786406019262
396.628,386.285,34.0,0.812797700753,0.339569588677,0.786406019262
399.378,389.922,34.0,0.812797700753,0.339569588677,0.786406019262
402.674,393.167,34.0,0.812797700753,0.339569588677,0.786406019262
406.909,395.032,34.0,0.812797700753,0.339569588677,0.786406019262
410.485,397.678,34.0,0.812797700753,0.339569588677,0.786406019262
414.479,399.634,34.0,0.812797700753,0.339569588677,0.786406019262
418.826,400.843,34.0,0.812797700753,0.339569588677,0.786406019262
423.375,401.181,34.0,0.812797700753,0.339569588677,0.786406019262
427.819,400.482,34.0,0.812797700753,0.339569588677,0.786406019262
431.51,397.796,34.0,0.812797700753,0.339569588677,0.786406019262
435.46,395.664,34.0,0.812797700753,0.339569588677,0.786406019262
439.115,392.95,34.0,0.812797700753,0.339569588677,0.786406019262
441.663,389.151,34.0,0.812797700753,0.339569588677,0.786406019262
443.731,385.035,34.0,0.812797700753,0.339569588677,0.786406019262
446.17,381.128,34.0,0.812797700753,0.339569588677,0.786406019262
448.219,376.998,34.0,0.812797700753,0.339569588677,0.786406019262
449.345,372.582,34.0,0.812797700753,0.339569588677,0.786406019262
450.276,368.192,34.0,0.812797700753,0.339569588677,0.786406019262
450.93,363.735,34.0,0.812797700753,0.339569588677,0.786406019262
451.073,359.157,34.0,0.812797700753,0.339569588677,0.786406019262
451.067,354.544,34.0,0.812797700753,0.339569588677,0.786406019262
451.119,349.924,34.0,0.812797700753,0.339569588677,0.786406019262
450.205,345.462,34.0,0.812797700753,0.339569588677,0.786406019262
448.305,341.477,34.0,0.812797700753,0.339569588677,0.786406019262
447.598,336.983,34.0,0.812797700753,0.339569588677,0.786406019262
445.787,332.98,34.0,0.812797700753,0.339569588677,0.786406019262
445.553,328.425,34.0,0.812797700753,0.339569588677,0.786406019262
442.969,324.445,34.0,0.812797700753,0.339569588677,0.786406019262
440.357,320.526,34.0,0.812797700753,0.339569588677,0.786406019262
437.772,316.647,34.0,0.812797700753,0.339569588677,0.786406019262
435.209,312.802,34.0,0.812797700753,0.339569588677,0.786406019262
432.664,308.985,34.0,0.812797700753,0.339569588677,0.786406019262
430.134,305.191,34.0,0.812797700753,0.339569588677,0.786406019262
427.613,301.412,34.0,0.812797700753,0.339569588677,0.786406019262
425.099,297.642,34.0,0.812797700753,0.339569588677,0.786406019262
