434.996,294.958,38.0,0.818224647632,0.879850737032,0.937063412787
431.226,293.972,38.0,0.818224647632,0.879850737032,0.937063412787
427.212,293.991,38.0,0.818224647632,0.879850737032,0.937063412787
423.426,294.911,38.0,0.818224647632,0.879850737032,0.937063412787
419.63,295.791,38.0,0.818224647632,0.879850737032,0.937063412787
415.881,296.968,38.0,0.818224647632,0.879850737032,0.937063412787
412.08,298.12,38.0,0.818224647632,0.879850737032,0.937063412787
408.762,300.294,38.0,0.818224647632,0.879850737032,0.937063412787
406.429,303.496,38.0,0.818224647632,0.879850737032,0.937063412787
403.545,306.063,38.0,0.818224647632,0.879850737032,0.937063412787
400.629,308.569,38.0,0.818224647632,0.879850737032,0.937063412787
398.614,312.069,38.0,0.818224647632,0.879850737032,0.937063412787
396.712,315.604,38.0,0.818224647632,0.879850737032,0.937063412787
395.789,319.388,38.0,0.818224647632,0.879850737032,0.937063412787
393.987,322.966,38.0,0.818224647632,0.879850737032,0.937063412787
392.963,326.727,38.0,0.818224647632,0.879850737032,0.937063412787
391.757,330.49,38.0,0.818224647632,0.879850737032,0.937063412787
391.101,334.452,38.0,0.818224647632,0.879850737032,0.937063412787
389.71,338.224,38.0,0.818224647632,0.879850737032,0.937063412787
389.61,342.211,38.0,0.818224647632,0.879850737032,0.937063412787
389.594,346.212,38.0,0.818224647632,0.879850737032,0.937063412787
389.593,350.215,38.0,0.818224647632,0.879850737032,0.937063412787
389.606,354.201,38.0,0.818224647632,0.879850737032,0.937063412787
389.878,358.432,38.0,0.818224647632,0.879850737032,0.937063412787
392.23,361.016,38.0,0.818224647632,0.879850737032,0.937063412787
393.048,364.876,38.0,0.818224647632,0.879850737032,0.937063412787
394.82,368.142,38.0,0.818224647632,0.879850737032,0.937063412787
396.635,371.395,38.0,0.818224647632,0.879850737032,0.937063412787
398.879,374.505,38.0,0.818224647632,0.879850737032,0.937063412787
400.504,378.166,38.0,0.818224647632,0.879850737032,0.937063412787
402.649,381.386,38.0,0.818224647632,0.879850737032,0.937063412787
405.243,384.276,38.0,0.818224647632,0.879850737032,0.937063412787
408.446,386.559,38.0,0.818224647632,0.879850737032,0.937063412787
411.646,388.939,38.0,0.818224647632,0.879850737032,0.937063412787
415.034,391.114,38.0,0.818224647632,0.879850737032,0.937063412787
418.971,391.396,38.0,0.818224647632,0.879850737032,0.937063412787
422.742,392.382,38.0,0.818224647632,0.879850737032,0.937063412787
426.732,392.288,38.0,0.818224647632,0.879850737032,0.937063412787
430.298,390.45,38.0,0.818224647632,0.879850737032,0.937063412787
433.907,388.692,38.0,0.818224647632,0.879850737032,0.937063412787
437.276,386.576,38.0,0.818224647632,0.879850737032,0.937063412787
439.704,383.553,38.0,0.818224647632,0.879850737032,0.937063412787
441.583,380.679,38.0,0.818224647632,0.879850737032,0.937063412787
444.018,377.487,38.0,0.818224647632,0.879850737032,0.937063412787
445.733,374.238,38.0,0.818224647632,0.879850737032,0.937063412787
447.571,371.0,38.0,0.818224647632,0.879850737032,0.937063412787
449.415,367.538,38.0,0.818224647632,0.879850737032,0.937063412787
450.072,363.557,38.0,0.818224647632,0.879850737032,0.937063412787
452.057,360.388,38.0,0.818224647632,0.879850737032,0.937063412787
452.787,356.457,38.0,0.818224647632,0.879850737032,0.937063412787
454.4,352.799,38.0,0.818224647632,0.879850737032,0.937063412787
455.488,349.134,38.0,0.818224647632,0.879850737032,0.937063412787
456.268,345.249,38.0,0.818224647632,0.879850737032,0.937063412787
457.218,341.475,38.0,0.818224647632,0.879850737032,0.937063412787
458.149,337.692,38.0,0.818224647632,0.879850737032,0.937063412787
458.09,333.674,38.0,0.818224647632,0.879850737032,0.937063412787
458.09,329.673,38.0,0.818224647632,0.879850737032,0.937063412787
458.11,325.662,38.0,0.818224647632,0.879850737032,0.937063412787
456.243,323.001,38.0,0.818224647632,0.879850737032,0.937063412787
451.759,323.207,38.0,0.818224647632,0.879850737032,0.937063412787
448.109,322.096,38.0,0.818224647632,0.879850737032,0.937063412787
445.18,319.842,38.0,0.818224647632,0.879850737032,0.937063412787
442.863,316.621,38.0,0.818224647632,0.879850737032,0.937063412787
441.045,312.61,38.0,0.818224647632,0.879850737032,0.937063412787
439.616,307.984,38.0,0.818224647632,0.879850737032,0.937063412787
438.465,302.918,38.0,0.818224647632,0.879850737032,0.937063412787
437.48,297.589,38.0,0.818224647632,0.879850737032,0.937063412787
