442.142,292.246,47.0,0.812797700753,0.339569588677,0.786406019262
438.341,292.244,47.0,0.812797700753,0.339569588677,0.786406019262
434.539,292.231,47.0,0.812797700753,0.339569588677,0.786406019262
431.005,293.559,47.0,0.812797700753,0.339569588677,0.786406019262
427.416,294.854,47.0,0.812797700753,0.339569588677,0.786406019262
423.861,296.236,47.0,0.812797700753,0.339569588677,0.786406019262
420.956,298.564,47.0,0.812797700753,0.339569588677,0.786406019262
417.664,300.457,47.0,0.812797700753,0.339569588677,0.786406019262
414.33,302.266,47.0,0.812797700753,0.339569588677,0.786406019262
410.948,303.998,47.0,0.812797700753,0.339569588677,0.786406019262
407.971,306.369,47.0,0.812797700753,0.339569588677,0.786406019262
404.996,308.656,47.0,0.812797700753,0.339569588677,0.786406019262
402.094,311.044,47.0,0.812797700753,0.339569588677,0.786406019262
399.163,313.393,47.0,0.812797700753,0.339569588677,0.786406019262
395.75,315.073,47.0,0.812797700753,0.339569588677,0.786406019262
393.665,318.191,47.0,0.812797700753,0.339569588677,0.786406019262
390.87,320.803,47.0,0.812797700753,0.339569588677,0.786406019262
388.185,323.486,47.0,0.812797700753,0.339569588677,0.786406019262
386.027,326.605,47.0,0.812797700753,0.339569588677,0.786406019262
384.325,330.004,47.0,0.812797700753,0.339569588677,0.786406019262
383.426,333.591,47.0,0.812797700753,0.339569588677,0.786406019262
383.438,337.394,47.0,0.812797700753,0.339569588677,0.786406019262
383.446,341.196,47.0,0.812797700753,0.339569588677,0.786406019262
383.449,344.996,47.0,0.812797700753,0.339569588677,0.786406019262
385.069,348.347,47.0,0.812797700753,0.339569588677,0.786406019262
386.572,351.417,47.0,0.812797700753,0.339569588677,0.786406019262
388.029,354.39,47.0,0.812797700753,0.339569588677,0.786406019262
390.088,357.666,47.0,0.812797700753,0.339569588677,0.786406019262
392.373,360.16,47.0,0.812797700753,0.339569588677,0.786406019262
395.162,362.8,47.0,0.812797700753,0.339569588677,0.786406019262
397.816,365.524,47.0,0.812797700753,0.339569588677,0.786406019262
400.926,367.698,47.0,0.812797700753,0.339569588677,0.786406019262
404.158,369.483,47.0,0.812797700753,0.339569588677,0.786406019262
407.575,370.372,47.0,0.812797700753,0.339569588677,0.786406019262
411.36,370.393,47.0,0.812797700753,0.339569588677,0.786406019262
415.09,370.123,47.0,0.812797700753,0.339569588677,0.786406019262
418.494,368.346,47.0,0.812797700753,0.339569588677,0.786406019262
422.008,366.938,47.0,0.812797700753,0.339569588677,0.786406019262
425.562,365.553,47.0,0.812797700753,0.339569588677,0.786406019262
428.464,363.218,47.0,0.812797700753,0.339569588677,0.786406019262
431.834,361.433,47.0,0.812797700753,0.339569588677,0.786406019262
434.606,358.845,47.0,0.812797700753,0.339569588677,0.786406019262
437.912,356.979,47.0,0.812797700753,0.339569588677,0.786406019262
440.735,354.402,47.0,0.812797700753,0.339569588677,0.786406019262
443.476,351.785,47.0,0.812797700753,0.339569588677,0.786406019262
445.867,349.089,47.0,0.812797700753,0.339569588677,0.786406019262
448.5,346.626,47.0,0.812797700753,0.339569588677,0.786406019262
450.693,343.571,47.0,0.812797700753,0.339569588677,0.786406019262
452.522,340.269,47.0,0.812797700753,0.339569588677,0.786406019262
455.192,337.463,47.0,0.812797700753,0.339569588677,0.786406019262
456.251,334.1,47.0,0.812797700753,0.339569588677,0.786406019262
458.477,331.183,47.0,0.812797700753,0.339569588677,0.786406019262
460.109,327.745,47.0,0.812797700753,0.339569588677,0.786406019262
461.802,324.343,47.0,0.812797700753,0.339569588677,0.786406019262
463.481,320.934,47.0,0.812797700753,0.339569588677,0.786406019262
464.285,317.232,47.0,0.812797700753,0.339569588677,0.786406019262
464.84,313.669,47.0,0.812797700753,0.339569588677,0.786406019262
465.119,309.984,47.0,0.812797700753,0.339569588677,0.786406019262
464.299,306.376,47.0,0.812797700753,0.339569588677,0.786406019262
461.778,303.402,47.0,0.812797700753,0.339569588677,0.786406019262
458.96,300.827,47.0,0.812797700753,0.339569588677,0.786406019262
455.898,298.58,47.0,0.812797700753,0.339569588677,0.786406019262
452.646,296.589,47.0,0.812797700753,0.339569588677,0.786406019262
449.258,294.779,47.0,0.812797700753,0.339569588677,0.786406019262
445.79,293.078,47.0,0.812797700753,0.339569588677,0.786406019262
