444.881,291.481,63.0,0.812797700753,0.339569588677,0.786406019262
441.981,289.817,63.0,0.812797700753,0.339569588677,0.786406019262
438.796,288.387,63.0,0.812797700753,0.339569588677,0.786406019262
435.669,286.895,63.0,0.812797700753,0.339569588677,0.786406019262
432.296,286.63,63.0,0.812797700753,0.339569588677,0.786406019262
429.023,286.1,63.0,0.812797700753,0.339569588677,0.786406019262
425.532,286.105,63.0,0.812797700753,0.339569588677,0.786406019262
422.122,286.891,63.0,0.812797700753,0.339569588677,0.786406019262
418.695,287.237,63.0,0.812797700753,0.339569588677,0.786406019262
415.557,288.745,63.0,0.812797700753,0.339569588677,0.786406019262
412.276,289.639,63.0,0.812797700753,0.339569588677,0.786406019262
408.975,290.452,63.0,0.812797700753,0.339569588677,0.786406019262
405.853,292.018,63.0,0.812797700753,0.339569588677,0.786406019262
402.716,293.558,63.0,0.812797700753,0.339569588677,0.786406019262
399.551,295.033,63.0,0.812797700753,0.339569588677,0.786406019262
396.617,296.814,63.0,0.812797700753,0.339569588677,0.786406019262
393.524,297.737,63.0,0.812797700753,0.339569588677,0.786406019262
390.932,300.158,63.0,0.812797700753,0.339569588677,0.786406019262
387.736,301.589,63.0,0.812797700753,0.339569588677,0.786406019262
384.872,303.603,63.0,0.812797700753,0.339569588677,0.786406019262
381.983,305.558,63.0,0.812797700753,0.339569588677,0.786406019262
378.904,307.264,63.0,0.812797700753,0.339569588677,0.786406019262
376.099,309.294,63.0,0.812797700753,0.339569588677,0.786406019262
373.255,311.284,63.0,0.812797700753,0.339569588677,0.786406019262
371.089,313.803,63.0,0.812797700753,0.339569588677,0.786406019262
369.043,316.468,63.0,0.812797700753,0.339569588677,0.786406019262
366.501,318.874,63.0,0.812797700753,0.339569588677,0.786406019262
364.073,321.36,63.0,0.812797700753,0.339569588677,0.786406019262
364.11,324.875,63.0,0.812797700753,0.339569588677,0.786406019262
363.994,328.424,63.0,0.812797700753,0.339569588677,0.786406019262
365.68,331.335,63.0,0.812797700753,0.339569588677,0.786406019262
368.045,333.875,63.0,0.812797700753,0.339569588677,0.786406019262
369.847,336.827,63.0,0.812797700753,0.339569588677,0.786406019262
372.481,339.174,63.0,0.812797700753,0.339569588677,0.786406019262
374.481,341.896,63.0,0.812797700753,0.339569588677,0.786406019262
377.7,343.361,63.0,0.812797700753,0.339569588677,0.786406019262
380.427,345.475,63.0,0.812797700753,0.339569588677,0.786406019262
383.483,347.131,63.0,0.812797700753,0.339569588677,0.786406019262
386.619,348.677,63.0,0.812797700753,0.339569588677,0.786406019262
389.698,350.301,63.0,0.812797700753,0.339569588677,0.786406019262
392.351,352.516,63.0,0.812797700753,0.339569588677,0.786406019262
395.494,354.051,63.0,0.812797700753,0.339569588677,0.786406019262
398.592,355.646,63.0,0.812797700753,0.339569588677,0.786406019262
401.483,357.164,63.0,0.812797700753,0.339569588677,0.786406019262
403.69,359.461,63.0,0.812797700753,0.339569588677,0.786406019262
406.63,361.038,63.0,0.812797700753,0.339569588677,0.786406019262
409.864,361.658,63.0,0.812797700753,0.339569588677,0.786406019262
412.983,362.265,63.0,0.812797700753,0.339569588677,0.786406019262
416.165,360.899,63.0,0.812797700753,0.339569588677,0.786406019262
419.661,360.687,63.0,0.812797700753,0.339569588677,0.786406019262
422.795,359.105,63.0,0.812797700753,0.339569588677,0.786406019262
425.407,356.843,63.0,0.812797700753,0.339569588677,0.786406019262
428.16,354.741,63.0,0.812797700753,0.339569588677,0.786406019262
430.311,352.208,63.0,0.812797700753,0.339569588677,0.786406019262
432.933,349.942,63.0,0.812797700753,0.339569588677,0.786406019262
435.343,347.404,63.0,0.812797700753,0.339569588677,0.786406019262
437.705,345.082,63.0,0.812797700753,0.339569588677,0.786406019262
439.677,342.278,63.0,0.812797700753,0.339569588677,0.786406019262
441.384,339.492,63.0,0.812797700753,0.339569588677,0.786406019262
443.395,336.822,63.0,0.812797700753,0.339569588677,0.786406019262
445.829,334.341,63.0,0.812797700753,0.339569588677,0.786406019262
448.104,331.952,63.0,0.812797700753,0.339569588677,0.786406019262
449.212,328.793,63.0,0.812797700753,0.339569588677,0.786406019262
451.371,326.216,63.0,0.812797700753,0.339569588677,0.786406019262
453.251,323.317,63.0,0.812797700753,0.339569588677,0.786406019262
455.845,320.921,63.0,0.812797700753,0.339569588677,0.786406019262
457.076,317.939,63.0,0.812797700753,0.339569588677,0.786406019262
458.077,314.861,63.0,0.812797700753,0.339569588677,0.786406019262
457.997,311.487,63.0,0.812797700753,0.339569588677,0.786406019262
457.317,308.222,63.0,0.812797700753,0.339569588677,0.786406019262
456.107,305.042,63.0,0.812797700753,0.339569588677,0.786406019262
454.461,301.932,63.0,0.812797700753,0.339569588677,0.786406019262
452.478,298.875,63.0,0.812797700753,0.339569588677,0.786406019262
450.254,295.857,63.0,0.812797700753,0.339569588677,0.786406019262
447.885,292.862,63.0,0.812797700753,0.339569588677,0.786406019262
