428.326,287.844,69.0,0.812797700753,0.339569588677,0.786406019262
425.016,287.695,69.0,0.812797700753,0.339569588677,0.786406019262
421.798,286.987,69.0,0.812797700753,0.339569588677,0.786406019262
418.607,286.108,69.0,0.812797700753,0.339569588677,0.786406019262
415.277,286.087,69.0,0.812797700753,0.339569588677,0.786406019262
411.939,286.089,69.0,0.812797700753,0.339569588677,0.786406019262
408.552,285.967,69.0,0.812797700753,0.339569588677,0.786406019262
405.779,287.563,69.0,0.812797700753,0.339569588677,0.786406019262
402.768,288.946,69.0,0.812797700753,0.339569588677,0.786406019262
399.867,290.58,69.0,0.812797700753,0.339569588677,0.786406019262
396.779,291.766,69.0,0.812797700753,0.339569588677,0.786406019262
394.162,293.863,69.0,0.812797700753,0.339569588677,0.786406019262
391.397,295.728,69.0,0.812797700753,0.339569588677,0.786406019262
388.621,297.573,69.0,0.812797700753,0.339569588677,0.786406019262
385.491,298.773,69.0,0.812797700753,0.339569588677,0.786406019262
382.911,300.744,69.0,0.812797700753,0.339569588677,0.786406019262
380.132,302.519,69.0,0.812797700753,0.339569588677,0.786406019262
377.481,304.47,69.0,0.812797700753,0.339569588677,0.786406019262
374.683,306.215,69.0,0.812797700753,0.339569588677,0.786406019262
372.244,308.458,69.0,0.812797700753,0.339569588677,0.786406019262
369.251,309.932,69.0,0.812797700753,0.339569588677,0.786406019262
366.707,312.026,69.0,0.812797700753,0.339569588677,0.786406019262
364.181,314.156,69.0,0.812797700753,0.339569588677,0.786406019262
361.487,316.017,69.0,0.812797700753,0.339569588677,0.786406019262
359.761,318.208,69.0,0.812797700753,0.339569588677,0.786406019262
359.739,321.591,69.0,0.812797700753,0.339569588677,0.786406019262
360.134,324.835,69.0,0.812797700753,0.339569588677,0.786406019262
361.66,327.832,69.0,0.812797700753,0.339569588677,0.786406019262
364.006,329.959,69.0,0.812797700753,0.339569588677,0.786406019262
366.777,331.85,69.0,0.812797700753,0.339569588677,0.786406019262
369.177,334.151,69.0,0.812797700753,0.339569588677,0.786406019262
371.703,336.152,69.0,0.812797700753,0.339569588677,0.786406019262
373.873,338.02,69.0,0.812797700753,0.339569588677,0.786406019262
376.893,339.467,69.0,0.812797700753,0.339569588677,0.786406019262
379.691,341.209,69.0,0.812797700753,0.339569588677,0.786406019262
382.354,343.067,69.0,0.812797700753,0.339569588677,0.786406019262
384.302,345.791,69.0,0.812797700753,0.339569588677,0.786406019262
386.947,347.51,69.0,0.812797700753,0.339569588677,0.786406019262
388.638,350.183,69.0,0.812797700753,0.339569588677,0.786406019262
391.491,351.548,69.0,0.812797700753,0.339569588677,0.786406019262
394.325,353.139,69.0,0.812797700753,0.339569588677,0.786406019262
397.55,353.705,69.0,0.812797700753,0.339569588677,0.786406019262
400.898,353.651,69.0,0.812797700753,0.339569588677,0.786406019262
403.99,354.658,69.0,0.812797700753,0.339569588677,0.786406019262
407.326,354.555,69.0,0.812797700753,0.339569588677,0.786406019262
410.246,352.902,69.0,0.812797700753,0.339569588677,0.786406019262
413.456,352.625,69.0,0.812797700753,0.339569588677,0.786406019262
415.836,351.089,69.0,0.812797700753,0.339569588677,0.786406019262
418.827,349.62,69.0,0.812797700753,0.339569588677,0.786406019262
421.844,348.2,69.0,0.812797700753,0.339569588677,0.786406019262
424.361,345.988,69.0,0.812797700753,0.339569588677,0.786406019262
427.359,345.198,69.0,0.812797700753,0.339569588677,0.786406019262
429.601,342.62,69.0,0.812797700753,0.339569588677,0.786406019262
431.757,340.56,69.0,0.812797700753,0.339569588677,0.786406019262
433.978,338.56,69.0,0.812797700753,0.339569588677,0.786406019262
435.773,335.747,69.0,0.812797700753,0.339569588677,0.786406019262
438.313,333.822,69.0,0.812797700753,0.339569588677,0.786406019262
440.028,331.0,69.0,0.812797700753,0.339569588677,0.786406019262
442.283,328.65,69.0,0.812797700753,0.339569588677,0.786406019262
444.022,326.038,69.0,0.812797700753,0.339569588677,0.786406019262
444.919,323.075,69.0,0.812797700753,0.339569588677,0.786406019262
445.76,319.89,69.0,0.812797700753,0.339569588677,0.786406019262
446.828,316.978,69.0,0.812797700753,0.339569588677,0.786406019262
446.573,313.54,69.0,0.812797700753,0.339569588677,0.786406019262
447.545,310.609,69.0,0.812797700753,0.339569588677,0.786406019262
447.567,307.279,69.0,0.812797700753,0.339569588677,0.786406019262
446.72,304.048,69.0,0.812797700753,0.339569588677,0.786406019262
446.676,300.721,69.0,0.812797700753,0.339569588677,0.786406019262
446.417,297.524,69.0,0.812797700753,0.339569588677,0.786406019262
445.052,294.911,69.0,0.812797700753,0.339569588677,0.786406019262
442.714,292.811,69.0,0.812797700753,0.339569588677,0.786406019262
439.62,291.11,69.0,0.812797700753,0.339569588677,0.786406019262
435.984,289.694,69.0,0.812797700753,0.339569588677,0.786406019262
432.024,288.449,69.0,0.812797700753,0.339569588677,0.786406019262
