401.933,284.314,88.0,0.812797700753,0.339569588677,0.786406019262
398.89,285.158,88.0,0.812797700753,0.339569588677,0.786406019262
395.721,286.103,88.0,0.812797700753,0.339569588677,0.786406019262
392.386,286.51,88.0,0.812797700753,0.339569588677,0.786406019262
389.192,287.739,88.0,0.812797700753,0.339569588677,0.786406019262
385.841,288.272,88.0,0.812797700753,0.339569588677,0.786406019262
382.477,288.754,88.0,0.812797700753,0.339569588677,0.786406019262
379.269,289.909,88.0,0.812797700753,0.339569588677,0.786406019262
375.939,290.406,88.0,0.812797700753,0.339569588677,0.786406019262
372.779,291.395,88.0,0.812797700753,0.339569588677,0.786406019262
369.471,291.781,88.0,0.812797700753,0.339569588677,0.786406019262
366.233,292.459,88.0,0.812797700753,0.339569588677,0.786406019262
362.997,293.161,88.0,0.812797700753,0.339569588677,0.786406019262
359.731,293.994,88.0,0.812797700753,0.339569588677,0.786406019262
356.615,295.16,88.0,0.812797700753,0.339569588677,0.786406019262
353.567,296.652,88.0,0.812797700753,0.339569588677,0.786406019262
350.992,298.816,88.0,0.812797700753,0.339569588677,0.786406019262
348.401,300.96,88.0,0.812797700753,0.339569588677,0.786406019262
345.421,302.467,88.0,0.812797700753,0.339569588677,0.786406019262
343.606,305.126,88.0,0.812797700753,0.339569588677,0.786406019262
340.825,306.799,88.0,0.812797700753,0.339569588677,0.786406019262
338.375,309.162,88.0,0.812797700753,0.339569588677,0.786406019262
337.772,312.31,88.0,0.812797700753,0.339569588677,0.786406019262
336.882,315.369,88.0,0.812797700753,0.339569588677,0.786406019262
337.745,318.397,88.0,0.812797700753,0.339569588677,0.786406019262
339.855,320.972,88.0,0.812797700753,0.339569588677,0.786406019262
341.934,323.61,88.0,0.812797700753,0.339569588677,0.786406019262
344.658,325.564,88.0,0.812797700753,0.339569588677,0.786406019262
347.472,327.397,88.0,0.812797700753,0.339569588677,0.786406019262
350.29,329.163,88.0,0.812797700753,0.339569588677,0.786406019262
353.223,330.738,88.0,0.812797700753,0.339569588677,0.786406019262
356.438,331.461,88.0,0.812797700753,0.339569588677,0.786406019262
359.675,332.138,88.0,0.812797700753,0.339569588677,0.786406019262
362.959,332.62,88.0,0.812797700753,0.339569588677,0.786406019262
366.352,332.642,88.0,0.812797700753,0.339569588677,0.786406019262
369.75,332.643,88.0,0.812797700753,0.339569588677,0.786406019262
373.148,332.643,88.0,0.812797700753,0.339569588677,0.786406019262
376.546,332.643,88.0,0.812797700753,0.339569588677,0.786406019262
379.944,332.643,88.0,0.812797700753,0.339569588677,0.786406019262
383.343,332.643,88.0,0.812797700753,0.339569588677,0.786406019262
386.746,332.672,88.0,0.812797700753,0.339569588677,0.786406019262
390.02,331.943,88.0,0.812797700753,0.339569588677,0.786406019262
393.338,331.548,88.0,0.812797700753,0.339569588677,0.786406019262
396.244,330.358,88.0,0.812797700753,0.339569588677,0.786406019262
399.152,329.174,88.0,0.812797700753,0.339569588677,0.786406019262
402.184,328.266,88.0,0.812797700753,0.339569588677,0.786406019262
405.214,326.67,88.0,0.812797700753,0.339569588677,0.786406019262
407.742,324.425,88.0,0.812797700753,0.339569588677,0.786406019262
410.404,322.377,88.0,0.812797700753,0.339569588677,0.786406019262
412.368,319.742,88.0,0.812797700753,0.339569588677,0.786406019262
413.493,317.353,88.0,0.812797700753,0.339569588677,0.786406019262
415.793,314.935,88.0,0.812797700753,0.339569588677,0.786406019262
417.026,312.199,88.0,0.812797700753,0.339569588677,0.786406019262
417.421,309.301,88.0,0.812797700753,0.339569588677,0.786406019262
417.078,306.262,88.0,0.812797700753,0.339569588677,0.786406019262
416.095,303.098,88.0,0.812797700753,0.339569588677,0.786406019262
414.57,299.831,88.0,0.812797700753,0.339569588677,0.786406019262
412.602,296.478,88.0,0.812797700753,0.339569588677,0.786406019262
410.289,293.058,88.0,0.812797700753,0.339569588677,0.786406019262
407.73,289.591,88.0,0.812797700753,0.339569588677,0.786406019262
405.023,286.095,88.0,0.812797700753,0.339569588677,0.786406019262
