249.443,609.452,101.0,0.60497070534,0.347757637499,0.938053539343
246.847,609.46,101.0,0.60497070534,0.347757637499,0.938053539343
244.619,610.37,101.0,0.60497070534,0.347757637499,0.938053539343
242.531,611.69,101.0,0.60497070534,0.347757637499,0.938053539343
240.362,613.06,101.0,0.60497070534,0.347757637499,0.938053539343
238.096,614.314,101.0,0.60497070534,0.347757637499,0.938053539343
237.054,616.484,101.0,0.60497070534,0.347757637499,0.938053539343
235.576,618.613,101.0,0.60497070534,0.347757637499,0.938053539343
234.267,620.708,101.0,0.60497070534,0.347757637499,0.938053539343
233.369,622.938,101.0,0.60497070534,0.347757637499,0.938053539343
233.268,625.542,101.0,0.60497070534,0.347757637499,0.938053539343
231.527,627.55,101.0,0.60497070534,0.347757637499,0.938053539343
230.474,629.71,101.0,0.60497070534,0.347757637499,0.938053539343
229.512,632.09,101.0,0.60497070534,0.347757637499,0.938053539343
227.903,634.018,101.0,0.60497070534,0.347757637499,0.938053539343
226.928,636.206,101.0,0.60497070534,0.347757637499,0.938053539343
225.609,638.442,101.0,0.60497070534,0.347757637499,0.938053539343
223.767,640.278,101.0,0.60497070534,0.347757637499,0.938053539343
222.19,642.294,101.0,0.60497070534,0.347757637499,0.938053539343
220.971,644.638,101.0,0.60497070534,0.347757637499,0.938053539343
220.761,647.178,101.0,0.60497070534,0.347757637499,0.938053539343
219.725,649.349,101.0,0.60497070534,0.347757637499,0.938053539343
219.826,651.991,101.0,0.60497070534,0.347757637499,0.938053539343
219.824,654.591,101.0,0.60497070534,0.347757637499,0.938053539343
219.852,657.185,101.0,0.60497070534,0.347757637499,0.938053539343
220.278,659.685,101.0,0.60497070534,0.347757637499,0.938053539343
220.844,662.152,101.0,0.60497070534,0.347757637499,0.938053539343
221.352,664.634,101.0,0.60497070534,0.347757637499,0.938053539343
221.691,667.163,101.0,0.60497070534,0.347757637499,0.938053539343
222.724,669.336,101.0,0.60497070534,0.347757637499,0.938053539343
225.14,670.248,101.0,0.60497070534,0.347757637499,0.938053539343
227.29,671.278,101.0,0.60497070534,0.347757637499,0.938053539343
229.659,672.28,101.0,0.60497070534,0.347757637499,0.938053539343
232.268,672.239,101.0,0.60497070534,0.347757637499,0.938053539343
234.704,672.635,101.0,0.60497070534,0.347757637499,0.938053539343
237.098,673.135,101.0,0.60497070534,0.347757637499,0.938053539343
239.67,673.201,101.0,0.60497070534,0.347757637499,0.938053539343
242.272,673.198,101.0,0.60497070534,0.347757637499,0.938053539343
244.872,673.198,101.0,0.60497070534,0.347757637499,0.938053539343
247.472,673.197,101.0,0.60497070534,0.347757637499,0.938053539343
250.068,673.186,101.0,0.60497070534,0.347757637499,0.938053539343
252.747,673.378,101.0,0.60497070534,0.347757637499,0.938053539343
255.069,672.706,101.0,0.60497070534,0.347757637499,0.938053539343
257.472,672.23,101.0,0.60497070534,0.347757637499,0.938053539343
260.074,672.233,101.0,0.60497070534,0.347757637499,0.938053539343
262.674,672.232,101.0,0.60497070534,0.347757637499,0.938053539343
265.273,672.234,101.0,0.60497070534,0.347757637499,0.938053539343
267.876,672.222,101.0,0.60497070534,0.347757637499,0.938053539343
270.469,672.255,101.0,0.60497070534,0.347757637499,0.938053539343
272.959,672.719,101.0,0.60497070534,0.347757637499,0.938053539343
275.448,673.19,101.0,0.60497070534,0.347757637499,0.938053539343
278.059,673.227,101.0,0.60497070534,0.347757637499,0.938053539343
280.127,671.942,101.0,0.60497070534,0.347757637499,0.938053539343
282.765,672.032,101.0,0.60497070534,0.347757637499,0.938053539343
285.162,671.543,101.0,0.60497070534,0.347757637499,0.938053539343
287.334,670.499,101.0,0.60497070534,0.347757637499,0.938053539343
289.406,669.298,101.0,0.60497070534,0.347757637499,0.938053539343
290.619,667.19,101.0,0.60497070534,0.347757637499,0.938053539343
292.166,665.088,101.0,0.60497070534,0.347757637499,0.938053539343
292.321,662.513,101.0,0.60497070534,0.347757637499,0.938053539343
293.228,660.288,101.0,0.60497070534,0.347757637499,0.938053539343
293.241,657.693,101.0,0.60497070534,0.347757637499,0.938053539343
293.554,655.167,101.0,0.60497070534,0.347757637499,0.938053539343
294.198,652.719,101.0,0.60497070534,0.347757637499,0.938053539343
294.209,650.121,101.0,0.60497070534,0.347757637499,0.938053539343
294.214,647.52,101.0,0.60497070534,0.347757637499,0.938053539343
294.295,644.901,101.0,0.60497070534,0.347757637499,0.938053539343
293.328,642.529,101.0,0.60497070534,0.347757637499,0.938053539343
293.24,639.952,101.0,0.60497070534,0.347757637499,0.938053539343
293.189,637.371,101.0,0.60497070534,0.347757637499,0.938053539343
292.02,635.256,101.0,0.60497070534,0.347757637499,0.938053539343
292.289,632.539,101.0,0.60497070534,0.347757637499,0.938053539343
291.99,630.014,101.0,0.60497070534,0.347757637499,0.938053539343
291.341,627.565,101.0,0.60497070534,0.347757637499,0.938053539343
289.97,625.539,101.0,0.60497070534,0.347757637499,0.938053539343
288.498,623.389,101.0,0.60497070534,0.347757637499,0.938053539343
288.097,620.83,101.0,0.60497070534,0.347757637499,0.938053539343
286.485,618.796,101.0,0.60497070534,0.347757637499,0.938053539343
284.685,617.6,101.0,0.60497070534,0.347757637499,0.938053539343
283.649,615.371,101.0,0.60497070534,0.347757637499,0.938053539343
282.595,613.203,101.0,0.60497070534,0.347757637499,0.938053539343
280.942,611.632,101.0,0.60497070534,0.347757637499,0.938053539343
279.843,609.553,101.0,0.60497070534,0.347757637499,0.938053539343
277.694,608.422,101.0,0.60497070534,0.347757637499,0.938053539343
275.832,607.155,101.0,0.60497070534,0.347757637499,0.938053539343
273.836,606.547,101.0,0.60497070534,0.347757637499,0.938053539343
271.473,605.973,101.0,0.60497070534,0.347757637499,0.938053539343
269.027,605.567,101.0,0.60497070534,0.347757637499,0.938053539343
268.229,607.379,101.0,0.60497070534,0.347757637499,0.938053539343
267.776,609.656,101.0,0.60497070534,0.347757637499,0.938053539343
266.205,610.953,101.0,0.60497070534,0.347757637499,0.938053539343
263.718,611.449,101.0,0.60497070534,0.347757637499,0.938053539343
260.518,611.321,101.0,0.60497070534,0.347757637499,0.938053539343
256.81,610.747,101.0,0.60497070534,0.347757637499,0.938053539343
252.796,609.906,101.0,0.60497070534,0.347757637499,0.938053539343
