245.003,574.684,105.0,0.60497070534,0.347757637499,0.938053539343
242.419,574.661,105.0,0.60497070534,0.347757637499,0.938053539343
239.823,574.664,105.0,0.60497070534,0.347757637499,0.938053539343
237.225,574.654,105.0,0.60497070534,0.347757637499,0.938053539343
234.649,574.696,105.0,0.60497070534,0.347757637499,0.938053539343
232.431,575.604,105.0,0.60497070534,0.347757637499,0.938053539343
230.031,576.073,105.0,0.60497070534,0.347757637499,0.938053539343
227.89,577.145,105.0,0.60497070534,0.347757637499,0.938053539343
225.675,578.492,105.0,0.60497070534,0.347757637499,0.938053539343
223.637,580.044,105.0,0.60497070534,0.347757637499,0.938053539343
221.557,581.535,105.0,0.60497070534,0.347757637499,0.938053539343
219.748,583.406,105.0,0.60497070534,0.347757637499,0.938053539343
217.496,584.66,105.0,0.60497070534,0.347757637499,0.938053539343
215.636,586.456,105.0,0.60497070534,0.347757637499,0.938053539343
213.396,587.753,105.0,0.60497070534,0.347757637499,0.938053539343
212.16,590.032,105.0,0.60497070534,0.347757637499,0.938053539343
210.348,591.88,105.0,0.60497070534,0.347757637499,0.938053539343
208.88,593.933,105.0,0.60497070534,0.347757637499,0.938053539343
207.823,596.273,105.0,0.60497070534,0.347757637499,0.938053539343
207.274,598.632,105.0,0.60497070534,0.347757637499,0.938053539343
207.269,601.224,105.0,0.60497070534,0.347757637499,0.938053539343
207.267,603.818,105.0,0.60497070534,0.347757637499,0.938053539343
207.273,606.411,105.0,0.60497070534,0.347757637499,0.938053539343
207.403,608.983,105.0,0.60497070534,0.347757637499,0.938053539343
208.24,611.443,105.0,0.60497070534,0.347757637499,0.938053539343
208.458,613.983,105.0,0.60497070534,0.347757637499,0.938053539343
209.753,616.273,105.0,0.60497070534,0.347757637499,0.938053539343
210.851,618.608,105.0,0.60497070534,0.347757637499,0.938053539343
212.075,620.913,105.0,0.60497070534,0.347757637499,0.938053539343
212.242,623.467,105.0,0.60497070534,0.347757637499,0.938053539343
213.517,625.762,105.0,0.60497070534,0.347757637499,0.938053539343
214.694,628.072,105.0,0.60497070534,0.347757637499,0.938053539343
215.412,630.551,105.0,0.60497070534,0.347757637499,0.938053539343
216.171,633.03,105.0,0.60497070534,0.347757637499,0.938053539343
217.018,635.419,105.0,0.60497070534,0.347757637499,0.938053539343
217.157,637.981,105.0,0.60497070534,0.347757637499,0.938053539343
217.903,640.399,105.0,0.60497070534,0.347757637499,0.938053539343
218.827,642.787,105.0,0.60497070534,0.347757637499,0.938053539343
219.846,644.95,105.0,0.60497070534,0.347757637499,0.938053539343
220.648,647.413,105.0,0.60497070534,0.347757637499,0.938053539343
220.782,649.997,105.0,0.60497070534,0.347757637499,0.938053539343
221.683,652.247,105.0,0.60497070534,0.347757637499,0.938053539343
222.684,653.855,105.0,0.60497070534,0.347757637499,0.938053539343
222.738,656.402,105.0,0.60497070534,0.347757637499,0.938053539343
223.299,658.869,105.0,0.60497070534,0.347757637499,0.938053539343
223.629,661.394,105.0,0.60497070534,0.347757637499,0.938053539343
224.651,663.565,105.0,0.60497070534,0.347757637499,0.938053539343
225.643,665.748,105.0,0.60497070534,0.347757637499,0.938053539343
226.646,667.906,105.0,0.60497070534,0.347757637499,0.938053539343
227.574,670.301,105.0,0.60497070534,0.347757637499,0.938053539343
229.13,671.346,105.0,0.60497070534,0.347757637499,0.938053539343
231.398,672.222,105.0,0.60497070534,0.347757637499,0.938053539343
233.801,672.686,105.0,0.60497070534,0.347757637499,0.938053539343
236.176,673.342,105.0,0.60497070534,0.347757637499,0.938053539343
238.61,674.215,105.0,0.60497070534,0.347757637499,0.938053539343
241.22,674.148,105.0,0.60497070534,0.347757637499,0.938053539343
243.379,675.199,105.0,0.60497070534,0.347757637499,0.938053539343
246.0,675.132,105.0,0.60497070534,0.347757637499,0.938053539343
248.595,675.13,105.0,0.60497070534,0.347757637499,0.938053539343
251.189,675.13,105.0,0.60497070534,0.347757637499,0.938053539343
253.784,675.13,105.0,0.60497070534,0.347757637499,0.938053539343
256.378,675.13,105.0,0.60497070534,0.347757637499,0.938053539343
258.972,675.13,105.0,0.60497070534,0.347757637499,0.938053539343
261.566,675.13,105.0,0.60497070534,0.347757637499,0.938053539343
264.16,675.13,105.0,0.60497070534,0.347757637499,0.938053539343
266.754,675.13,105.0,0.60497070534,0.347757637499,0.938053539343
269.349,675.132,105.0,0.60497070534,0.347757637499,0.938053539343
271.943,675.131,105.0,0.60497070534,0.347757637499,0.938053539343
274.553,675.2,105.0,0.60497070534,0.347757637499,0.938053539343
276.899,674.149,105.0,0.60497070534,0.347757637499,0.938053539343
279.511,674.224,105.0,0.60497070534,0.347757637499,0.938053539343
281.861,673.19,105.0,0.60497070534,0.347757637499,0.938053539343
284.248,672.315,105.0,0.60497070534,0.347757637499,0.938053539343
286.669,671.605,105.0,0.60497070534,0.347757637499,0.938053539343
289.008,670.837,105.0,0.60497070534,0.347757637499,0.938053539343
290.974,669.322,105.0,0.60497070534,0.347757637499,0.938053539343
293.334,668.308,105.0,0.60497070534,0.347757637499,0.938053539343
295.691,667.226,105.0,0.60497070534,0.347757637499,0.938053539343
297.768,665.657,105.0,0.60497070534,0.347757637499,0.938053539343
300.261,664.957,105.0,0.60497070534,0.347757637499,0.938053539343
301.029,662.468,105.0,0.60497070534,0.347757637499,0.938053539343
301.869,660.219,105.0,0.60497070534,0.347757637499,0.938053539343
302.945,658.07,105.0,0.60497070534,0.347757637499,0.938053539343
302.903,655.458,105.0,0.60497070534,0.347757637499,0.938053539343
302.905,652.864,105.0,0.60497070534,0.347757637499,0.938053539343
303.001,650.174,105.0,0.60497070534,0.347757637499,0.938053539343
301.943,648.638,105.0,0.60497070534,0.347757637499,0.938053539343
300.912,647.074,105.0,0.60497070534,0.347757637499,0.938053539343
301.125,644.27,105.0,0.60497070534,0.347757637499,0.938053539343
299.82,642.841,105.0,0.60497070534,0.347757637499,0.938053539343
297.874,641.036,105.0,0.60497070534,0.347757637499,0.938053539343
295.578,640.117,105.0,0.60497070534,0.347757637499,0.938053539343
294.345,638.426,105.0,0.60497070534,0.347757637499,0.938053539343
292.542,636.543,105.0,0.60497070534,0.347757637499,0.938053539343
290.929,635.504,105.0,0.60497070534,0.347757637499,0.938053539343
289.262,634.551,105.0,0.60497070534,0.347757637499,0.938053539343
288.082,632.604,105.0,0.60497070534,0.347757637499,0.938053539343
287.259,630.592,105.0,0.60497070534,0.347757637499,0.938053539343
285.492,628.681,105.0,0.60497070534,0.347757637499,0.938053539343
285.084,626.255,105.0,0.60497070534,0.347757637499,0.938053539343
283.533,624.304,105.0,0.60497070534,0.347757637499,0.938053539343
282.654,622.073,105.0,0.60497070534,0.347757637499,0.938053539343
281.921,619.652,105.0,0.60497070534,0.347757637499,0.938053539343
281.633,617.136,105.0,0.60497070534,0.347757637499,0.938053539343
280.525,615.001,105.0,0.60497070534,0.347757637499,0.938053539343
279.372,612.885,105.0,0.60497070534,0.347757637499,0.938053539343
278.791,610.531,105.0,0.60497070534,0.347757637499,0.938053539343
277.033,608.667,105.0,0.60497070534,0.347757637499,0.938053539343
275.857,606.56,105.0,0.60497070534,0.347757637499,0.938053539343
273.893,605.367,105.0,0.60497070534,0.347757637499,0.938053539343
272.257,604.066,105.0,0.60497070534,0.347757637499,0.938053539343
270.466,602.16,105.0,0.60497070534,0.347757637499,0.938053539343
268.651,600.296,105.0,0.60497070534,0.347757637499,0.938053539343
266.838,598.451,105.0,0.60497070534,0.347757637499,0.938053539343
265.239,596.489,105.0,0.60497070534,0.347757637499,0.938053539343
263.283,595.88,105.0,0.60497070534,0.347757637499,0.938053539343
261.416,595.132,105.0,0.60497070534,0.347757637499,0.938053539343
258.404,595.283,105.0,0.60497070534,0.347757637499,0.938053539343
255.852,594.7,105.0,0.60497070534,0.347757637499,0.938053539343
253.705,593.468,105.0,0.60497070534,0.347757637499,0.938053539343
251.911,591.675,105.0,0.60497070534,0.347757637499,0.938053539343
250.414,589.406,105.0,0.60497070534,0.347757637499,0.938053539343
249.16,586.748,105.0,0.60497070534,0.347757637499,0.938053539343
248.096,583.787,105.0,0.60497070534,0.347757637499,0.938053539343
247.167,580.611,105.0,0.60497070534,0.347757637499,0.938053539343
246.319,577.304,105.0,0.60497070534,0.347757637499,0.938053539343
