198.578,356.431,113.0,0.60497070534,0.347757637499,0.938053539343
201.562,353.685,113.0,0.60497070534,0.347757637499,0.938053539343
202.798,350.169,113.0,0.60497070534,0.347757637499,0.938053539343
203.289,346.387,113.0,0.60497070534,0.347757637499,0.938053539343
205.803,343.463,113.0,0.60497070534,0.347757637499,0.938053539343
207.803,340.182,113.0,0.60497070534,0.347757637499,0.938053539343
209.305,336.979,113.0,0.60497070534,0.347757637499,0.938053539343
210.111,333.471,113.0,0.60497070534,0.347757637499,0.938053539343
211.269,329.917,113.0,0.60497070534,0.347757637499,0.938053539343
212.568,326.551,113.0,0.60497070534,0.347757637499,0.938053539343
213.141,322.945,113.0,0.60497070534,0.347757637499,0.938053539343
214.474,319.657,113.0,0.60497070534,0.347757637499,0.938053539343
214.479,315.819,113.0,0.60497070534,0.347757637499,0.938053539343
216.537,312.83,113.0,0.60497070534,0.347757637499,0.938053539343
215.984,308.761,113.0,0.60497070534,0.347757637499,0.938053539343
215.956,304.908,113.0,0.60497070534,0.347757637499,0.938053539343
215.968,301.059,113.0,0.60497070534,0.347757637499,0.938053539343
216.049,297.184,113.0,0.60497070534,0.347757637499,0.938053539343
214.502,293.984,113.0,0.60497070534,0.347757637499,0.938053539343
211.871,291.172,113.0,0.60497070534,0.347757637499,0.938053539343
209.996,287.831,113.0,0.60497070534,0.347757637499,0.938053539343
206.483,285.901,113.0,0.60497070534,0.347757637499,0.938053539343
204.722,283.521,113.0,0.60497070534,0.347757637499,0.938053539343
200.807,283.613,113.0,0.60497070534,0.347757637499,0.938053539343
197.368,284.541,113.0,0.60497070534,0.347757637499,0.938053539343
194.061,286.483,113.0,0.60497070534,0.347757637499,0.938053539343
191.401,289.333,113.0,0.60497070534,0.347757637499,0.938053539343
188.214,290.897,113.0,0.60497070534,0.347757637499,0.938053539343
185.813,292.358,113.0,0.60497070534,0.347757637499,0.938053539343
183.49,293.935,113.0,0.60497070534,0.347757637499,0.938053539343
181.488,296.8,113.0,0.60497070534,0.347757637499,0.938053539343
179.387,299.419,113.0,0.60497070534,0.347757637499,0.938053539343
177.117,302.424,113.0,0.60497070534,0.347757637499,0.938053539343
174.996,305.529,113.0,0.60497070534,0.347757637499,0.938053539343
173.409,308.709,113.0,0.60497070534,0.347757637499,0.938053539343
170.83,311.658,113.0,0.60497070534,0.347757637499,0.938053539343
170.543,315.466,113.0,0.60497070534,0.347757637499,0.938053539343
169.109,318.713,113.0,0.60497070534,0.347757637499,0.938053539343
169.097,322.548,113.0,0.60497070534,0.347757637499,0.938053539343
169.01,326.369,113.0,0.60497070534,0.347757637499,0.938053539343
167.598,329.876,113.0,0.60497070534,0.347757637499,0.938053539343
167.635,333.726,113.0,0.60497070534,0.347757637499,0.938053539343
167.628,337.573,113.0,0.60497070534,0.347757637499,0.938053539343
168.333,340.708,113.0,0.60497070534,0.347757637499,0.938053539343
169.233,343.649,113.0,0.60497070534,0.347757637499,0.938053539343
171.662,345.06,113.0,0.60497070534,0.347757637499,0.938053539343
171.957,348.607,113.0,0.60497070534,0.347757637499,0.938053539343
175.258,349.193,113.0,0.60497070534,0.347757637499,0.938053539343
179.665,349.033,113.0,0.60497070534,0.347757637499,0.938053539343
183.647,349.651,113.0,0.60497070534,0.347757637499,0.938053539343
187.282,350.905,113.0,0.60497070534,0.347757637499,0.938053539343
190.646,352.654,113.0,0.60497070534,0.347757637499,0.938053539343
193.817,354.757,113.0,0.60497070534,0.347757637499,0.938053539343
196.873,357.072,113.0,0.60497070534,0.347757637499,0.938053539343
