280.551,661.539,115.0,0.795439398097,0.473813528713,0.879504828594
281.312,657.852,115.0,0.795439398097,0.473813528713,0.879504828594
283.501,654.701,115.0,0.795439398097,0.473813528713,0.879504828594
284.486,651.057,115.0,0.795439398097,0.473813528713,0.879504828594
286.159,647.557,115.0,0.795439398097,0.473813528713,0.879504828594
286.621,643.773,115.0,0.795439398097,0.473813528713,0.879504828594
287.405,640.221,115.0,0.795439398097,0.473813528713,0.879504828594
287.429,636.338,115.0,0.795439398097,0.473813528713,0.879504828594
285.501,633.085,115.0,0.795439398097,0.473813528713,0.879504828594
284.556,629.607,115.0,0.795439398097,0.473813528713,0.879504828594
282.564,626.557,115.0,0.795439398097,0.473813528713,0.879504828594
281.477,623.158,115.0,0.795439398097,0.473813528713,0.879504828594
280.564,619.451,115.0,0.795439398097,0.473813528713,0.879504828594
280.64,615.557,115.0,0.795439398097,0.473813528713,0.879504828594
280.645,611.681,115.0,0.795439398097,0.473813528713,0.879504828594
280.646,607.806,115.0,0.795439398097,0.473813528713,0.879504828594
280.645,603.931,115.0,0.795439398097,0.473813528713,0.879504828594
280.63,600.062,115.0,0.795439398097,0.473813528713,0.879504828594
279.685,596.579,115.0,0.795439398097,0.473813528713,0.879504828594
278.104,593.359,115.0,0.795439398097,0.473813528713,0.879504828594
276.073,590.323,115.0,0.795439398097,0.473813528713,0.879504828594
274.665,586.855,115.0,0.795439398097,0.473813528713,0.879504828594
272.627,583.831,115.0,0.795439398097,0.473813528713,0.879504828594
270.014,581.039,115.0,0.795439398097,0.473813528713,0.879504828594
267.707,578.146,115.0,0.795439398097,0.473813528713,0.879504828594
265.69,574.904,115.0,0.795439398097,0.473813528713,0.879504828594
263.446,571.784,115.0,0.795439398097,0.473813528713,0.879504828594
260.191,569.741,115.0,0.795439398097,0.473813528713,0.879504828594
258.207,566.422,115.0,0.795439398097,0.473813528713,0.879504828594
255.455,563.689,115.0,0.795439398097,0.473813528713,0.879504828594
253.19,560.641,115.0,0.795439398097,0.473813528713,0.879504828594
249.705,558.945,115.0,0.795439398097,0.473813528713,0.879504828594
247.199,556.264,115.0,0.795439398097,0.473813528713,0.879504828594
244.283,553.758,115.0,0.795439398097,0.473813528713,0.879504828594
240.841,551.926,115.0,0.795439398097,0.473813528713,0.879504828594
238.142,549.096,115.0,0.795439398097,0.473813528713,0.879504828594
234.984,546.885,115.0,0.795439398097,0.473813528713,0.879504828594
232.813,543.822,115.0,0.795439398097,0.473813528713,0.879504828594
229.984,541.159,115.0,0.795439398097,0.473813528713,0.879504828594
227.317,538.366,115.0,0.795439398097,0.473813528713,0.879504828594
225.341,535.025,115.0,0.795439398097,0.473813528713,0.879504828594
223.843,531.492,115.0,0.795439398097,0.473813528713,0.879504828594
222.293,527.925,115.0,0.795439398097,0.473813528713,0.879504828594
220.864,524.332,115.0,0.795439398097,0.473813528713,0.879504828594
218.733,521.147,115.0,0.795439398097,0.473813528713,0.879504828594
217.86,517.482,115.0,0.795439398097,0.473813528713,0.879504828594
216.152,514.01,115.0,0.795439398097,0.473813528713,0.879504828594
214.98,510.411,115.0,0.795439398097,0.473813528713,0.879504828594
213.644,506.83,115.0,0.795439398097,0.473813528713,0.879504828594
212.665,503.095,115.0,0.795439398097,0.473813528713,0.879504828594
210.902,499.641,115.0,0.795439398097,0.473813528713,0.879504828594
209.158,496.178,115.0,0.795439398097,0.473813528713,0.879504828594
208.304,492.505,115.0,0.795439398097,0.473813528713,0.879504828594
206.558,489.042,115.0,0.795439398097,0.473813528713,0.879504828594
204.826,485.574,115.0,0.795439398097,0.473813528713,0.879504828594
203.076,482.119,115.0,0.795439398097,0.473813528713,0.879504828594
201.323,478.668,115.0,0.795439398097,0.473813528713,0.879504828594
198.569,475.938,115.0,0.795439398097,0.473813528713,0.879504828594
195.823,473.207,115.0,0.795439398097,0.473813528713,0.879504828594
192.683,471.015,115.0,0.795439398097,0.473813528713,0.879504828594
189.611,469.08,115.0,0.795439398097,0.473813528713,0.879504828594
185.44,469.411,115.0,0.795439398097,0.473813528713,0.879504828594
182.833,468.239,115.0,0.795439398097,0.473813528713,0.879504828594
179.165,469.161,115.0,0.795439398097,0.473813528713,0.879504828594
176.69,472.098,115.0,0.795439398097,0.473813528713,0.879504828594
175.005,475.606,115.0,0.795439398097,0.473813528713,0.879504828594
173.263,479.07,115.0,0.795439398097,0.473813528713,0.879504828594
172.161,482.814,115.0,0.795439398097,0.473813528713,0.879504828594
170.38,486.053,115.0,0.795439398097,0.473813528713,0.879504828594
170.505,489.984,115.0,0.795439398097,0.473813528713,0.879504828594
170.463,493.875,115.0,0.795439398097,0.473813528713,0.879504828594
171.528,497.499,115.0,0.795439398097,0.473813528713,0.879504828594
172.521,501.141,115.0,0.795439398097,0.473813528713,0.879504828594
173.416,504.912,115.0,0.795439398097,0.473813528713,0.879504828594
174.284,508.582,115.0,0.795439398097,0.473813528713,0.879504828594
176.029,512.044,115.0,0.795439398097,0.473813528713,0.879504828594
177.781,515.497,115.0,0.795439398097,0.473813528713,0.879504828594
179.662,518.857,115.0,0.795439398097,0.473813528713,0.879504828594
181.638,522.156,115.0,0.795439398097,0.473813528713,0.879504828594
184.059,525.193,115.0,0.795439398097,0.473813528713,0.879504828594
185.454,528.828,115.0,0.795439398097,0.473813528713,0.879504828594
187.805,531.801,115.0,0.795439398097,0.473813528713,0.879504828594
189.054,535.465,115.0,0.795439398097,0.473813528713,0.879504828594
190.275,539.129,115.0,0.795439398097,0.473813528713,0.879504828594
191.672,542.76,115.0,0.795439398097,0.473813528713,0.879504828594
191.887,546.584,115.0,0.795439398097,0.473813528713,0.879504828594
193.664,549.929,115.0,0.795439398097,0.473813528713,0.879504828594
193.703,553.862,115.0,0.795439398097,0.473813528713,0.879504828594
193.704,557.742,115.0,0.795439398097,0.473813528713,0.879504828594
193.703,561.616,115.0,0.795439398097,0.473813528713,0.879504828594
193.691,565.489,115.0,0.795439398097,0.473813528713,0.879504828594
193.799,569.381,115.0,0.795439398097,0.473813528713,0.879504828594
192.832,573.099,115.0,0.795439398097,0.473813528713,0.879504828594
192.771,576.964,115.0,0.795439398097,0.473813528713,0.879504828594
192.763,580.838,115.0,0.795439398097,0.473813528713,0.879504828594
192.738,584.708,115.0,0.795439398097,0.473813528713,0.879504828594
192.712,588.58,115.0,0.795439398097,0.473813528713,0.879504828594
192.84,592.47,115.0,0.795439398097,0.473813528713,0.879504828594
192.074,596.251,115.0,0.795439398097,0.473813528713,0.879504828594
191.755,600.086,115.0,0.795439398097,0.473813528713,0.879504828594
191.776,603.962,115.0,0.795439398097,0.473813528713,0.879504828594
191.693,607.852,115.0,0.795439398097,0.473813528713,0.879504828594
192.556,611.584,115.0,0.795439398097,0.473813528713,0.879504828594
193.273,615.379,115.0,0.795439398097,0.473813528713,0.879504828594
193.793,619.228,115.0,0.795439398097,0.473813528713,0.879504828594
194.683,622.992,115.0,0.795439398097,0.473813528713,0.879504828594
194.935,626.825,115.0,0.795439398097,0.473813528713,0.879504828594
196.414,630.46,115.0,0.795439398097,0.473813528713,0.879504828594
196.597,634.305,115.0,0.795439398097,0.473813528713,0.879504828594
197.609,638.016,115.0,0.795439398097,0.473813528713,0.879504828594
198.119,641.81,115.0,0.795439398097,0.473813528713,0.879504828594
198.551,645.61,115.0,0.795439398097,0.473813528713,0.879504828594
198.963,649.491,115.0,0.795439398097,0.473813528713,0.879504828594
200.525,653.028,115.0,0.795439398097,0.473813528713,0.879504828594
200.54,656.91,115.0,0.795439398097,0.473813528713,0.879504828594
202.438,660.143,115.0,0.795439398097,0.473813528713,0.879504828594
204.28,663.259,115.0,0.795439398097,0.473813528713,0.879504828594
206.996,666.03,115.0,0.795439398097,0.473813528713,0.879504828594
210.487,667.727,115.0,0.795439398097,0.473813528713,0.879504828594
213.662,669.864,115.0,0.795439398097,0.473813528713,0.879504828594
216.851,671.981,115.0,0.795439398097,0.473813528713,0.879504828594
219.74,674.528,115.0,0.795439398097,0.473813528713,0.879504828594
223.467,675.709,115.0,0.795439398097,0.473813528713,0.879504828594
226.794,677.048,115.0,0.795439398097,0.473813528713,0.879504828594
229.926,678.842,115.0,0.795439398097,0.473813528713,0.879504828594
233.041,680.646,115.0,0.795439398097,0.473813528713,0.879504828594
235.696,683.209,115.0,0.795439398097,0.473813528713,0.879504828594
238.6,684.766,115.0,0.795439398097,0.473813528713,0.879504828594
241.733,685.403,115.0,0.795439398097,0.473813528713,0.879504828594
245.071,685.208,115.0,0.795439398097,0.473813528713,0.879504828594
248.595,684.27,115.0,0.795439398097,0.473813528713,0.879504828594
252.281,682.674,115.0,0.795439398097,0.473813528713,0.879504828594
256.109,680.51,115.0,0.795439398097,0.473813528713,0.879504828594
260.056,677.864,115.0,0.795439398097,0.473813528713,0.879504828594
264.101,674.824,115.0,0.795439398097,0.473813528713,0.879504828594
268.221,671.478,115.0,0.795439398097,0.473813528713,0.879504828594
272.397,667.913,115.0,0.795439398097,0.473813528713,0.879504828594
276.604,664.216,115.0,0.795439398097,0.473813528713,0.879504828594
