198.735,368.002,117.0,0.60497070534,0.347757637499,0.938053539343
201.15,364.514,117.0,0.60497070534,0.347757637499,0.938053539343
202.952,360.649,117.0,0.60497070534,0.347757637499,0.938053539343
204.355,356.65,117.0,0.60497070534,0.347757637499,0.938053539343
207.428,353.667,117.0,0.60497070534,0.347757637499,0.938053539343
208.643,349.912,117.0,0.60497070534,0.347757637499,0.938053539343
210.161,346.284,117.0,0.60497070534,0.347757637499,0.938053539343
211.465,342.318,117.0,0.60497070534,0.347757637499,0.938053539343
212.81,338.279,117.0,0.60497070534,0.347757637499,0.938053539343
214.54,334.42,117.0,0.60497070534,0.347757637499,0.938053539343
215.783,330.674,117.0,0.60497070534,0.347757637499,0.938053539343
217.026,327.566,117.0,0.60497070534,0.347757637499,0.938053539343
217.55,323.746,117.0,0.60497070534,0.347757637499,0.938053539343
219.178,319.74,117.0,0.60497070534,0.347757637499,0.938053539343
220.175,315.678,117.0,0.60497070534,0.347757637499,0.938053539343
221.906,312.148,117.0,0.60497070534,0.347757637499,0.938053539343
223.283,308.46,117.0,0.60497070534,0.347757637499,0.938053539343
224.254,304.599,117.0,0.60497070534,0.347757637499,0.938053539343
224.889,300.567,117.0,0.60497070534,0.347757637499,0.938053539343
226.355,296.668,117.0,0.60497070534,0.347757637499,0.938053539343
226.841,292.521,117.0,0.60497070534,0.347757637499,0.938053539343
227.549,288.429,117.0,0.60497070534,0.347757637499,0.938053539343
228.748,284.453,117.0,0.60497070534,0.347757637499,0.938053539343
229.074,280.27,117.0,0.60497070534,0.347757637499,0.938053539343
229.873,276.199,117.0,0.60497070534,0.347757637499,0.938053539343
230.827,272.165,117.0,0.60497070534,0.347757637499,0.938053539343
230.503,267.829,117.0,0.60497070534,0.347757637499,0.938053539343
232.16,263.961,117.0,0.60497070534,0.347757637499,0.938053539343
232.058,259.678,117.0,0.60497070534,0.347757637499,0.938053539343
232.055,255.418,117.0,0.60497070534,0.347757637499,0.938053539343
232.058,251.156,117.0,0.60497070534,0.347757637499,0.938053539343
232.07,246.883,117.0,0.60497070534,0.347757637499,0.938053539343
229.478,244.701,117.0,0.60497070534,0.347757637499,0.938053539343
226.172,242.552,117.0,0.60497070534,0.347757637499,0.938053539343
223.303,241.734,117.0,0.60497070534,0.347757637499,0.938053539343
219.682,243.666,117.0,0.60497070534,0.347757637499,0.938053539343
215.849,245.568,117.0,0.60497070534,0.347757637499,0.938053539343
211.789,246.876,117.0,0.60497070534,0.347757637499,0.938053539343
208.303,249.354,117.0,0.60497070534,0.347757637499,0.938053539343
204.192,250.577,117.0,0.60497070534,0.347757637499,0.938053539343
200.807,252.883,117.0,0.60497070534,0.347757637499,0.938053539343
198.428,255.602,117.0,0.60497070534,0.347757637499,0.938053539343
196.713,259.144,117.0,0.60497070534,0.347757637499,0.938053539343
193.439,262.048,117.0,0.60497070534,0.347757637499,0.938053539343
191.681,265.579,117.0,0.60497070534,0.347757637499,0.938053539343
188.563,268.549,117.0,0.60497070534,0.347757637499,0.938053539343
185.83,271.757,117.0,0.60497070534,0.347757637499,0.938053539343
183.23,275.191,117.0,0.60497070534,0.347757637499,0.938053539343
181.479,278.717,117.0,0.60497070534,0.347757637499,0.938053539343
178.306,281.657,117.0,0.60497070534,0.347757637499,0.938053539343
176.234,285.385,117.0,0.60497070534,0.347757637499,0.938053539343
172.513,287.011,117.0,0.60497070534,0.347757637499,0.938053539343
171.71,290.921,117.0,0.60497070534,0.347757637499,0.938053539343
169.317,293.535,117.0,0.60497070534,0.347757637499,0.938053539343
167.589,297.065,117.0,0.60497070534,0.347757637499,0.938053539343
166.039,300.685,117.0,0.60497070534,0.347757637499,0.938053539343
164.523,304.324,117.0,0.60497070534,0.347757637499,0.938053539343
163.825,308.627,117.0,0.60497070534,0.347757637499,0.938053539343
161.642,312.05,117.0,0.60497070534,0.347757637499,0.938053539343
160.795,316.159,117.0,0.60497070534,0.347757637499,0.938053539343
159.671,320.144,117.0,0.60497070534,0.347757637499,0.938053539343
158.9,324.221,117.0,0.60497070534,0.347757637499,0.938053539343
157.334,328.111,117.0,0.60497070534,0.347757637499,0.938053539343
157.378,332.38,117.0,0.60497070534,0.347757637499,0.938053539343
157.387,336.642,117.0,0.60497070534,0.347757637499,0.938053539343
157.386,340.901,117.0,0.60497070534,0.347757637499,0.938053539343
157.386,345.16,117.0,0.60497070534,0.347757637499,0.938053539343
157.384,349.421,117.0,0.60497070534,0.347757637499,0.938053539343
157.317,353.712,117.0,0.60497070534,0.347757637499,0.938053539343
159.34,356.838,117.0,0.60497070534,0.347757637499,0.938053539343
161.666,359.574,117.0,0.60497070534,0.347757637499,0.938053539343
161.927,363.681,117.0,0.60497070534,0.347757637499,0.938053539343
163.261,366.913,117.0,0.60497070534,0.347757637499,0.938053539343
165.704,369.212,117.0,0.60497070534,0.347757637499,0.938053539343
169.106,370.7,117.0,0.60497070534,0.347757637499,0.938053539343
173.321,371.503,117.0,0.60497070534,0.347757637499,0.938053539343
178.2,371.746,117.0,0.60497070534,0.347757637499,0.938053539343
183.597,371.552,117.0,0.60497070534,0.347757637499,0.938053539343
189.363,371.047,117.0,0.60497070534,0.347757637499,0.938053539343
195.35,370.355,117.0,0.60497070534,0.347757637499,0.938053539343
