202.712,375.996,119.0,0.60497070534,0.347757637499,0.938053539343
202.801,372.267,119.0,0.60497070534,0.347757637499,0.938053539343
203.905,368.956,119.0,0.60497070534,0.347757637499,0.938053539343
205.067,365.6,119.0,0.60497070534,0.347757637499,0.938053539343
206.438,362.658,119.0,0.60497070534,0.347757637499,0.938053539343
207.23,359.635,119.0,0.60497070534,0.347757637499,0.938053539343
208.789,356.512,119.0,0.60497070534,0.347757637499,0.938053539343
210.021,353.262,119.0,0.60497070534,0.347757637499,0.938053539343
211.497,349.858,119.0,0.60497070534,0.347757637499,0.938053539343
212.947,346.673,119.0,0.60497070534,0.347757637499,0.938053539343
213.472,343.124,119.0,0.60497070534,0.347757637499,0.938053539343
214.491,339.779,119.0,0.60497070534,0.347757637499,0.938053539343
215.75,336.534,119.0,0.60497070534,0.347757637499,0.938053539343
215.908,332.831,119.0,0.60497070534,0.347757637499,0.938053539343
215.935,329.08,119.0,0.60497070534,0.347757637499,0.938053539343
217.505,325.684,119.0,0.60497070534,0.347757637499,0.938053539343
217.378,321.888,119.0,0.60497070534,0.347757637499,0.938053539343
217.413,318.13,119.0,0.60497070534,0.347757637499,0.938053539343
217.414,314.363,119.0,0.60497070534,0.347757637499,0.938053539343
217.44,310.607,119.0,0.60497070534,0.347757637499,0.938053539343
217.527,306.877,119.0,0.60497070534,0.347757637499,0.938053539343
218.798,303.637,119.0,0.60497070534,0.347757637499,0.938053539343
220.435,300.548,119.0,0.60497070534,0.347757637499,0.938053539343
220.342,296.743,119.0,0.60497070534,0.347757637499,0.938053539343
220.338,292.976,119.0,0.60497070534,0.347757637499,0.938053539343
220.327,289.206,119.0,0.60497070534,0.347757637499,0.938053539343
221.557,285.73,119.0,0.60497070534,0.347757637499,0.938053539343
221.777,282.015,119.0,0.60497070534,0.347757637499,0.938053539343
221.799,278.253,119.0,0.60497070534,0.347757637499,0.938053539343
221.551,274.384,119.0,0.60497070534,0.347757637499,0.938053539343
223.359,271.366,119.0,0.60497070534,0.347757637499,0.938053539343
223.271,267.563,119.0,0.60497070534,0.347757637499,0.938053539343
223.272,263.797,119.0,0.60497070534,0.347757637499,0.938053539343
223.255,260.023,119.0,0.60497070534,0.347757637499,0.938053539343
224.002,256.566,119.0,0.60497070534,0.347757637499,0.938053539343
224.725,253.099,119.0,0.60497070534,0.347757637499,0.938053539343
224.733,249.336,119.0,0.60497070534,0.347757637499,0.938053539343
224.734,245.57,119.0,0.60497070534,0.347757637499,0.938053539343
224.735,241.803,119.0,0.60497070534,0.347757637499,0.938053539343
224.735,238.037,119.0,0.60497070534,0.347757637499,0.938053539343
224.735,234.27,119.0,0.60497070534,0.347757637499,0.938053539343
224.735,230.503,119.0,0.60497070534,0.347757637499,0.938053539343
224.738,226.735,119.0,0.60497070534,0.347757637499,0.938053539343
224.453,223.082,119.0,0.60497070534,0.347757637499,0.938053539343
221.666,220.448,119.0,0.60497070534,0.347757637499,0.938053539343
218.44,219.08,119.0,0.60497070534,0.347757637499,0.938053539343
215.013,217.669,119.0,0.60497070534,0.347757637499,0.938053539343
211.237,217.706,119.0,0.60497070534,0.347757637499,0.938053539343
207.468,217.715,119.0,0.60497070534,0.347757637499,0.938053539343
203.703,217.711,119.0,0.60497070534,0.347757637499,0.938053539343
199.936,217.712,119.0,0.60497070534,0.347757637499,0.938053539343
196.167,217.707,119.0,0.60497070534,0.347757637499,0.938053539343
192.334,217.546,119.0,0.60497070534,0.347757637499,0.938053539343
189.38,219.505,119.0,0.60497070534,0.347757637499,0.938053539343
186.206,220.896,119.0,0.60497070534,0.347757637499,0.938053539343
183.692,223.746,119.0,0.60497070534,0.347757637499,0.938053539343
182.967,227.68,119.0,0.60497070534,0.347757637499,0.938053539343
180.82,229.513,119.0,0.60497070534,0.347757637499,0.938053539343
180.341,233.077,119.0,0.60497070534,0.347757637499,0.938053539343
177.806,235.791,119.0,0.60497070534,0.347757637499,0.938053539343
177.013,239.233,119.0,0.60497070534,0.347757637499,0.938053539343
174.532,242.038,119.0,0.60497070534,0.347757637499,0.938053539343
172.316,245.086,119.0,0.60497070534,0.347757637499,0.938053539343
171.887,248.667,119.0,0.60497070534,0.347757637499,0.938053539343
170.596,251.905,119.0,0.60497070534,0.347757637499,0.938053539343
168.555,254.87,119.0,0.60497070534,0.347757637499,0.938053539343
167.665,258.474,119.0,0.60497070534,0.347757637499,0.938053539343
166.153,261.883,119.0,0.60497070534,0.347757637499,0.938053539343
164.929,265.359,119.0,0.60497070534,0.347757637499,0.938053539343
163.976,268.89,119.0,0.60497070534,0.347757637499,0.938053539343
162.895,272.347,119.0,0.60497070534,0.347757637499,0.938053539343
161.854,275.693,119.0,0.60497070534,0.347757637499,0.938053539343
159.742,278.658,119.0,0.60497070534,0.347757637499,0.938053539343
157.733,281.772,119.0,0.60497070534,0.347757637499,0.938053539343
155.927,285.051,119.0,0.60497070534,0.347757637499,0.938053539343
154.448,288.481,119.0,0.60497070534,0.347757637499,0.938053539343
153.603,291.866,119.0,0.60497070534,0.347757637499,0.938053539343
151.562,295.055,119.0,0.60497070534,0.347757637499,0.938053539343
151.528,298.819,119.0,0.60497070534,0.347757637499,0.938053539343
151.53,302.586,119.0,0.60497070534,0.347757637499,0.938053539343
151.53,306.352,119.0,0.60497070534,0.347757637499,0.938053539343
151.53,310.119,119.0,0.60497070534,0.347757637499,0.938053539343
151.53,313.885,119.0,0.60497070534,0.347757637499,0.938053539343
151.53,317.652,119.0,0.60497070534,0.347757637499,0.938053539343
151.532,321.418,119.0,0.60497070534,0.347757637499,0.938053539343
151.595,325.179,119.0,0.60497070534,0.347757637499,0.938053539343
152.848,328.745,119.0,0.60497070534,0.347757637499,0.938053539343
154.462,332.134,119.0,0.60497070534,0.347757637499,0.938053539343
155.722,335.592,119.0,0.60497070534,0.347757637499,0.938053539343
157.067,338.846,119.0,0.60497070534,0.347757637499,0.938053539343
157.518,342.432,119.0,0.60497070534,0.347757637499,0.938053539343
160.288,345.04,119.0,0.60497070534,0.347757637499,0.938053539343
162.173,348.045,119.0,0.60497070534,0.347757637499,0.938053539343
164.719,350.148,119.0,0.60497070534,0.347757637499,0.938053539343
167.233,352.298,119.0,0.60497070534,0.347757637499,0.938053539343
169.466,353.787,119.0,0.60497070534,0.347757637499,0.938053539343
174.144,353.12,119.0,0.60497070534,0.347757637499,0.938053539343
178.329,353.326,119.0,0.60497070534,0.347757637499,0.938053539343
182.072,354.311,119.0,0.60497070534,0.347757637499,0.938053539343
185.425,355.984,119.0,0.60497070534,0.347757637499,0.938053539343
188.44,358.254,119.0,0.60497070534,0.347757637499,0.938053539343
191.17,361.029,119.0,0.60497070534,0.347757637499,0.938053539343
193.665,364.216,119.0,0.60497070534,0.347757637499,0.938053539343
195.979,367.724,119.0,0.60497070534,0.347757637499,0.938053539343
198.163,371.462,119.0,0.60497070534,0.347757637499,0.938053539343
200.269,375.338,119.0,0.60497070534,0.347757637499,0.938053539343
