279.7,661.965,121.0,0.60497070534,0.347757637499,0.938053539343
280.632,657.549,121.0,0.60497070534,0.347757637499,0.938053539343
280.643,652.916,121.0,0.60497070534,0.347757637499,0.938053539343
280.631,648.288,121.0,0.60497070534,0.347757637499,0.938053539343
279.669,644.051,121.0,0.60497070534,0.347757637499,0.938053539343
279.668,639.415,121.0,0.60497070534,0.347757637499,0.938053539343
279.679,634.775,121.0,0.60497070534,0.347757637499,0.938053539343
279.679,630.14,121.0,0.60497070534,0.347757637499,0.938053539343
279.669,625.506,121.0,0.60497070534,0.347757637499,0.938053539343
280.551,620.966,121.0,0.60497070534,0.347757637499,0.938053539343
281.868,616.688,121.0,0.60497070534,0.347757637499,0.938053539343
283.526,612.737,121.0,0.60497070534,0.347757637499,0.938053539343
283.547,608.11,121.0,0.60497070534,0.347757637499,0.938053539343
283.543,603.474,121.0,0.60497070534,0.347757637499,0.938053539343
283.147,599.002,121.0,0.60497070534,0.347757637499,0.938053539343
281.203,595.178,121.0,0.60497070534,0.347757637499,0.938053539343
278.388,591.485,121.0,0.60497070534,0.347757637499,0.938053539343
275.671,587.804,121.0,0.60497070534,0.347757637499,0.938053539343
272.671,584.503,121.0,0.60497070534,0.347757637499,0.938053539343
269.546,581.413,121.0,0.60497070534,0.347757637499,0.938053539343
266.16,578.265,121.0,0.60497070534,0.347757637499,0.938053539343
262.838,575.029,121.0,0.60497070534,0.347757637499,0.938053539343
259.532,571.772,121.0,0.60497070534,0.347757637499,0.938053539343
256.928,568.009,121.0,0.60497070534,0.347757637499,0.938053539343
253.271,565.002,121.0,0.60497070534,0.347757637499,0.938053539343
251.513,560.78,121.0,0.60497070534,0.347757637499,0.938053539343
247.818,558.047,121.0,0.60497070534,0.347757637499,0.938053539343
245.125,554.348,121.0,0.60497070534,0.347757637499,0.938053539343
241.841,551.074,121.0,0.60497070534,0.347757637499,0.938053539343
238.555,547.802,121.0,0.60497070534,0.347757637499,0.938053539343
235.298,544.509,121.0,0.60497070534,0.347757637499,0.938053539343
232.115,541.163,121.0,0.60497070534,0.347757637499,0.938053539343
229.309,537.545,121.0,0.60497070534,0.347757637499,0.938053539343
227.16,533.454,121.0,0.60497070534,0.347757637499,0.938053539343
224.373,529.823,121.0,0.60497070534,0.347757637499,0.938053539343
222.41,525.597,121.0,0.60497070534,0.347757637499,0.938053539343
220.342,521.448,121.0,0.60497070534,0.347757637499,0.938053539343
218.296,517.295,121.0,0.60497070534,0.347757637499,0.938053539343
216.922,512.984,121.0,0.60497070534,0.347757637499,0.938053539343
215.401,508.661,121.0,0.60497070534,0.347757637499,0.938053539343
214.246,504.178,121.0,0.60497070534,0.347757637499,0.938053539343
213.627,499.718,121.0,0.60497070534,0.347757637499,0.938053539343
211.987,495.759,121.0,0.60497070534,0.347757637499,0.938053539343
211.073,491.328,121.0,0.60497070534,0.347757637499,0.938053539343
209.149,487.08,121.0,0.60497070534,0.347757637499,0.938053539343
206.193,483.566,121.0,0.60497070534,0.347757637499,0.938053539343
203.448,479.845,121.0,0.60497070534,0.347757637499,0.938053539343
199.358,477.701,121.0,0.60497070534,0.347757637499,0.938053539343
195.674,474.989,121.0,0.60497070534,0.347757637499,0.938053539343
191.844,473.045,121.0,0.60497070534,0.347757637499,0.938053539343
187.627,472.047,121.0,0.60497070534,0.347757637499,0.938053539343
184.548,474.59,121.0,0.60497070534,0.347757637499,0.938053539343
183.062,478.91,121.0,0.60497070534,0.347757637499,0.938053539343
181.967,483.287,121.0,0.60497070534,0.347757637499,0.938053539343
182.103,487.955,121.0,0.60497070534,0.347757637499,0.938053539343
182.114,492.592,121.0,0.60497070534,0.347757637499,0.938053539343
182.123,497.226,121.0,0.60497070534,0.347757637499,0.938053539343
181.956,501.882,121.0,0.60497070534,0.347757637499,0.938053539343
182.251,506.482,121.0,0.60497070534,0.347757637499,0.938053539343
183.188,511.002,121.0,0.60497070534,0.347757637499,0.938053539343
182.96,515.665,121.0,0.60497070534,0.347757637499,0.938053539343
183.796,520.198,121.0,0.60497070534,0.347757637499,0.938053539343
184.073,524.799,121.0,0.60497070534,0.347757637499,0.938053539343
184.119,529.429,121.0,0.60497070534,0.347757637499,0.938053539343
185.102,533.944,121.0,0.60497070534,0.347757637499,0.938053539343
184.977,538.595,121.0,0.60497070534,0.347757637499,0.938053539343
185.069,543.219,121.0,0.60497070534,0.347757637499,0.938053539343
185.034,547.859,121.0,0.60497070534,0.347757637499,0.938053539343
185.057,552.491,121.0,0.60497070534,0.347757637499,0.938053539343
186.074,557.002,121.0,0.60497070534,0.347757637499,0.938053539343
185.881,561.661,121.0,0.60497070534,0.347757637499,0.938053539343
186.523,566.216,121.0,0.60497070534,0.347757637499,0.938053539343
187.691,570.713,121.0,0.60497070534,0.347757637499,0.938053539343
189.146,575.117,121.0,0.60497070534,0.347757637499,0.938053539343
189.874,579.635,121.0,0.60497070534,0.347757637499,0.938053539343
189.812,584.28,121.0,0.60497070534,0.347757637499,0.938053539343
189.84,588.911,121.0,0.60497070534,0.347757637499,0.938053539343
189.825,593.545,121.0,0.60497070534,0.347757637499,0.938053539343
189.753,598.173,121.0,0.60497070534,0.347757637499,0.938053539343
187.912,602.434,121.0,0.60497070534,0.347757637499,0.938053539343
187.947,607.074,121.0,0.60497070534,0.347757637499,0.938053539343
187.071,611.568,121.0,0.60497070534,0.347757637499,0.938053539343
186.94,616.183,121.0,0.60497070534,0.347757637499,0.938053539343
186.942,620.818,121.0,0.60497070534,0.347757637499,0.938053539343
186.942,625.454,121.0,0.60497070534,0.347757637499,0.938053539343
186.941,630.09,121.0,0.60497070534,0.347757637499,0.938053539343
186.939,634.726,121.0,0.60497070534,0.347757637499,0.938053539343
186.966,639.355,121.0,0.60497070534,0.347757637499,0.938053539343
187.829,643.788,121.0,0.60497070534,0.347757637499,0.938053539343
188.247,648.258,121.0,0.60497070534,0.347757637499,0.938053539343
190.558,652.248,121.0,0.60497070534,0.347757637499,0.938053539343
192.152,656.607,121.0,0.60497070534,0.347757637499,0.938053539343
194.645,660.317,121.0,0.60497070534,0.347757637499,0.938053539343
196.469,664.197,121.0,0.60497070534,0.347757637499,0.938053539343
199.294,667.529,121.0,0.60497070534,0.347757637499,0.938053539343
202.747,670.505,121.0,0.60497070534,0.347757637499,0.938053539343
206.119,673.433,121.0,0.60497070534,0.347757637499,0.938053539343
209.733,675.742,121.0,0.60497070534,0.347757637499,0.938053539343
213.573,677.471,121.0,0.60497070534,0.347757637499,0.938053539343
217.624,678.659,121.0,0.60497070534,0.347757637499,0.938053539343
221.87,679.349,121.0,0.60497070534,0.347757637499,0.938053539343
226.296,679.578,121.0,0.60497070534,0.347757637499,0.938053539343
230.886,679.387,121.0,0.60497070534,0.347757637499,0.938053539343
235.624,678.816,121.0,0.60497070534,0.347757637499,0.938053539343
240.494,677.906,121.0,0.60497070534,0.347757637499,0.938053539343
245.482,676.695,121.0,0.60497070534,0.347757637499,0.938053539343
250.572,675.225,121.0,0.60497070534,0.347757637499,0.938053539343
255.747,673.534,121.0,0.60497070534,0.347757637499,0.938053539343
260.992,671.664,121.0,0.60497070534,0.347757637499,0.938053539343
266.293,669.654,121.0,0.60497070534,0.347757637499,0.938053539343
271.632,667.543,121.0,0.60497070534,0.347757637499,0.938053539343
276.994,665.373,121.0,0.60497070534,0.347757637499,0.938053539343
