201.341,372.875,121.0,0.795439398097,0.473813528713,0.879504828594
204.33,369.882,121.0,0.795439398097,0.473813528713,0.879504828594
207.29,366.867,121.0,0.795439398097,0.473813528713,0.879504828594
209.375,363.238,121.0,0.795439398097,0.473813528713,0.879504828594
211.531,359.912,121.0,0.795439398097,0.473813528713,0.879504828594
214.175,356.61,121.0,0.795439398097,0.473813528713,0.879504828594
214.484,352.415,121.0,0.795439398097,0.473813528713,0.879504828594
217.248,349.145,121.0,0.795439398097,0.473813528713,0.879504828594
218.629,345.412,121.0,0.795439398097,0.473813528713,0.879504828594
219.485,341.533,121.0,0.795439398097,0.473813528713,0.879504828594
220.445,337.629,121.0,0.795439398097,0.473813528713,0.879504828594
222.536,333.845,121.0,0.795439398097,0.473813528713,0.879504828594
223.678,329.953,121.0,0.795439398097,0.473813528713,0.879504828594
224.72,326.154,121.0,0.795439398097,0.473813528713,0.879504828594
226.131,322.155,121.0,0.795439398097,0.473813528713,0.879504828594
226.864,318.042,121.0,0.795439398097,0.473813528713,0.879504828594
227.669,313.944,121.0,0.795439398097,0.473813528713,0.879504828594
228.506,309.821,121.0,0.795439398097,0.473813528713,0.879504828594
229.111,305.657,121.0,0.795439398097,0.473813528713,0.879504828594
230.632,301.786,121.0,0.795439398097,0.473813528713,0.879504828594
230.531,297.531,121.0,0.795439398097,0.473813528713,0.879504828594
231.562,293.544,121.0,0.795439398097,0.473813528713,0.879504828594
232.056,289.43,121.0,0.795439398097,0.473813528713,0.879504828594
232.038,285.193,121.0,0.795439398097,0.473813528713,0.879504828594
232.087,280.983,121.0,0.795439398097,0.473813528713,0.879504828594
233.682,277.413,121.0,0.795439398097,0.473813528713,0.879504828594
233.524,273.117,121.0,0.795439398097,0.473813528713,0.879504828594
233.519,268.885,121.0,0.795439398097,0.473813528713,0.879504828594
233.574,264.667,121.0,0.795439398097,0.473813528713,0.879504828594
234.019,260.543,121.0,0.795439398097,0.473813528713,0.879504828594
234.995,256.546,121.0,0.795439398097,0.473813528713,0.879504828594
236.42,252.904,121.0,0.795439398097,0.473813528713,0.879504828594
236.431,248.683,121.0,0.795439398097,0.473813528713,0.879504828594
237.791,244.672,121.0,0.795439398097,0.473813528713,0.879504828594
237.902,240.46,121.0,0.795439398097,0.473813528713,0.879504828594
237.912,236.231,121.0,0.795439398097,0.473813528713,0.879504828594
237.912,232.001,121.0,0.795439398097,0.473813528713,0.879504828594
237.912,227.77,121.0,0.795439398097,0.473813528713,0.879504828594
237.912,223.54,121.0,0.795439398097,0.473813528713,0.879504828594
237.912,219.309,121.0,0.795439398097,0.473813528713,0.879504828594
237.912,215.079,121.0,0.795439398097,0.473813528713,0.879504828594
237.912,210.848,121.0,0.795439398097,0.473813528713,0.879504828594
237.922,206.614,121.0,0.795439398097,0.473813528713,0.879504828594
237.997,202.352,121.0,0.795439398097,0.473813528713,0.879504828594
236.428,198.772,121.0,0.795439398097,0.473813528713,0.879504828594
235.517,194.92,121.0,0.795439398097,0.473813528713,0.879504828594
234.829,190.95,121.0,0.795439398097,0.473813528713,0.879504828594
233.533,187.017,121.0,0.795439398097,0.473813528713,0.879504828594
231.063,183.634,121.0,0.795439398097,0.473813528713,0.879504828594
228.257,180.478,121.0,0.795439398097,0.473813528713,0.879504828594
226.576,176.857,121.0,0.795439398097,0.473813528713,0.879504828594
222.353,176.671,121.0,0.795439398097,0.473813528713,0.879504828594
218.143,176.846,121.0,0.795439398097,0.473813528713,0.879504828594
214.163,178.34,121.0,0.795439398097,0.473813528713,0.879504828594
210.142,179.646,121.0,0.795439398097,0.473813528713,0.879504828594
205.868,179.542,121.0,0.795439398097,0.473813528713,0.879504828594
202.459,181.365,121.0,0.795439398097,0.473813528713,0.879504828594
199.588,182.646,121.0,0.795439398097,0.473813528713,0.879504828594
197.008,184.886,121.0,0.795439398097,0.473813528713,0.879504828594
194.925,188.018,121.0,0.795439398097,0.473813528713,0.879504828594
192.617,190.347,121.0,0.795439398097,0.473813528713,0.879504828594
189.88,192.465,121.0,0.795439398097,0.473813528713,0.879504828594
188.112,196.023,121.0,0.795439398097,0.473813528713,0.879504828594
185.234,199.032,121.0,0.795439398097,0.473813528713,0.879504828594
181.905,201.856,121.0,0.795439398097,0.473813528713,0.879504828594
178.292,203.989,121.0,0.795439398097,0.473813528713,0.879504828594
175.551,207.382,121.0,0.795439398097,0.473813528713,0.879504828594
173.172,209.566,121.0,0.795439398097,0.473813528713,0.879504828594
169.997,212.452,121.0,0.795439398097,0.473813528713,0.879504828594
166.956,215.375,121.0,0.795439398097,0.473813528713,0.879504828594
164.727,218.979,121.0,0.795439398097,0.473813528713,0.879504828594
163.64,222.954,121.0,0.795439398097,0.473813528713,0.879504828594
161.671,226.719,121.0,0.795439398097,0.473813528713,0.879504828594
159.806,230.532,121.0,0.795439398097,0.473813528713,0.879504828594
157.493,233.979,121.0,0.795439398097,0.473813528713,0.879504828594
154.0,236.737,121.0,0.795439398097,0.473813528713,0.879504828594
152.983,240.534,121.0,0.795439398097,0.473813528713,0.879504828594
151.832,244.586,121.0,0.795439398097,0.473813528713,0.879504828594
150.068,248.448,121.0,0.795439398097,0.473813528713,0.879504828594
150.204,252.71,121.0,0.795439398097,0.473813528713,0.879504828594
148.847,256.621,121.0,0.795439398097,0.473813528713,0.879504828594
148.63,260.8,121.0,0.795439398097,0.473813528713,0.879504828594
148.603,265.024,121.0,0.795439398097,0.473813528713,0.879504828594
148.602,269.254,121.0,0.795439398097,0.473813528713,0.879504828594
148.601,273.484,121.0,0.795439398097,0.473813528713,0.879504828594
148.601,277.715,121.0,0.795439398097,0.473813528713,0.879504828594
148.601,281.945,121.0,0.795439398097,0.473813528713,0.879504828594
148.618,286.168,121.0,0.795439398097,0.473813528713,0.879504828594
149.186,290.155,121.0,0.795439398097,0.473813528713,0.879504828594
151.489,293.653,121.0,0.795439398097,0.473813528713,0.879504828594
151.335,298.182,121.0,0.795439398097,0.473813528713,0.879504828594
153.393,301.57,121.0,0.795439398097,0.473813528713,0.879504828594
154.267,305.69,121.0,0.795439398097,0.473813528713,0.879504828594
156.02,309.173,121.0,0.795439398097,0.473813528713,0.879504828594
157.37,312.843,121.0,0.795439398097,0.473813528713,0.879504828594
157.196,317.146,121.0,0.795439398097,0.473813528713,0.879504828594
158.934,320.656,121.0,0.795439398097,0.473813528713,0.879504828594
158.6,325.023,121.0,0.795439398097,0.473813528713,0.879504828594
160.329,328.531,121.0,0.795439398097,0.473813528713,0.879504828594
161.845,332.412,121.0,0.795439398097,0.473813528713,0.879504828594
162.743,336.343,121.0,0.795439398097,0.473813528713,0.879504828594
164.593,339.193,121.0,0.795439398097,0.473813528713,0.879504828594
164.733,343.298,121.0,0.795439398097,0.473813528713,0.879504828594
166.261,346.898,121.0,0.795439398097,0.473813528713,0.879504828594
166.375,351.071,121.0,0.795439398097,0.473813528713,0.879504828594
167.499,354.75,121.0,0.795439398097,0.473813528713,0.879504828594
169.423,358.02,121.0,0.795439398097,0.473813528713,0.879504828594
172.052,360.93,121.0,0.795439398097,0.473813528713,0.879504828594
175.293,363.526,121.0,0.795439398097,0.473813528713,0.879504828594
179.051,365.859,121.0,0.795439398097,0.473813528713,0.879504828594
183.233,367.975,121.0,0.795439398097,0.473813528713,0.879504828594
187.744,369.922,121.0,0.795439398097,0.473813528713,0.879504828594
192.49,371.75,121.0,0.795439398097,0.473813528713,0.879504828594
197.378,373.505,121.0,0.795439398097,0.473813528713,0.879504828594
