209.985,372.301,123.0,0.60497070534,0.347757637499,0.938053539343
211.517,368.575,123.0,0.60497070534,0.347757637499,0.938053539343
213.749,364.991,123.0,0.60497070534,0.347757637499,0.938053539343
214.455,360.956,123.0,0.60497070534,0.347757637499,0.938053539343
215.533,357.32,123.0,0.60497070534,0.347757637499,0.938053539343
216.228,353.52,123.0,0.60497070534,0.347757637499,0.938053539343
217.409,349.92,123.0,0.60497070534,0.347757637499,0.938053539343
218.343,346.072,123.0,0.60497070534,0.347757637499,0.938053539343
219.397,342.034,123.0,0.60497070534,0.347757637499,0.938053539343
221.147,338.511,123.0,0.60497070534,0.347757637499,0.938053539343
221.809,334.699,123.0,0.60497070534,0.347757637499,0.938053539343
224.111,331.299,123.0,0.60497070534,0.347757637499,0.938053539343
225.878,327.955,123.0,0.60497070534,0.347757637499,0.938053539343
227.656,324.605,123.0,0.60497070534,0.347757637499,0.938053539343
228.688,320.756,123.0,0.60497070534,0.347757637499,0.938053539343
230.599,317.126,123.0,0.60497070534,0.347757637499,0.938053539343
231.737,313.281,123.0,0.60497070534,0.347757637499,0.938053539343
234.729,310.404,123.0,0.60497070534,0.347757637499,0.938053539343
234.918,306.392,123.0,0.60497070534,0.347757637499,0.938053539343
236.75,303.058,123.0,0.60497070534,0.347757637499,0.938053539343
236.296,298.809,123.0,0.60497070534,0.347757637499,0.938053539343
237.938,295.115,123.0,0.60497070534,0.347757637499,0.938053539343
237.912,291.021,123.0,0.60497070534,0.347757637499,0.938053539343
237.91,286.933,123.0,0.60497070534,0.347757637499,0.938053539343
237.885,282.842,123.0,0.60497070534,0.347757637499,0.938053539343
239.024,278.939,123.0,0.60497070534,0.347757637499,0.938053539343
239.379,274.909,123.0,0.60497070534,0.347757637499,0.938053539343
239.275,270.796,123.0,0.60497070534,0.347757637499,0.938053539343
240.464,266.99,123.0,0.60497070534,0.347757637499,0.938053539343
240.841,262.991,123.0,0.60497070534,0.347757637499,0.938053539343
240.811,258.897,123.0,0.60497070534,0.347757637499,0.938053539343
242.377,255.185,123.0,0.60497070534,0.347757637499,0.938053539343
243.627,251.646,123.0,0.60497070534,0.347757637499,0.938053539343
244.678,248.514,123.0,0.60497070534,0.347757637499,0.938053539343
245.249,244.981,123.0,0.60497070534,0.347757637499,0.938053539343
245.759,240.973,123.0,0.60497070534,0.347757637499,0.938053539343
246.667,237.024,123.0,0.60497070534,0.347757637499,0.938053539343
248.21,233.301,123.0,0.60497070534,0.347757637499,0.938053539343
248.16,229.202,123.0,0.60497070534,0.347757637499,0.938053539343
248.16,225.114,123.0,0.60497070534,0.347757637499,0.938053539343
248.162,221.026,123.0,0.60497070534,0.347757637499,0.938053539343
248.166,216.937,123.0,0.60497070534,0.347757637499,0.938053539343
248.228,212.825,123.0,0.60497070534,0.347757637499,0.938053539343
246.595,209.437,123.0,0.60497070534,0.347757637499,0.938053539343
245.121,206.896,123.0,0.60497070534,0.347757637499,0.938053539343
243.763,203.006,123.0,0.60497070534,0.347757637499,0.938053539343
242.187,199.572,123.0,0.60497070534,0.347757637499,0.938053539343
241.073,195.948,123.0,0.60497070534,0.347757637499,0.938053539343
238.015,193.154,123.0,0.60497070534,0.347757637499,0.938053539343
235.628,191.024,123.0,0.60497070534,0.347757637499,0.938053539343
234.242,187.233,123.0,0.60497070534,0.347757637499,0.938053539343
231.948,184.999,123.0,0.60497070534,0.347757637499,0.938053539343
229.104,183.119,123.0,0.60497070534,0.347757637499,0.938053539343
226.124,181.083,123.0,0.60497070534,0.347757637499,0.938053539343
224.139,177.502,123.0,0.60497070534,0.347757637499,0.938053539343
220.978,175.246,123.0,0.60497070534,0.347757637499,0.938053539343
218.898,172.356,123.0,0.60497070534,0.347757637499,0.938053539343
216.005,171.155,123.0,0.60497070534,0.347757637499,0.938053539343
212.438,169.776,123.0,0.60497070534,0.347757637499,0.938053539343
208.974,168.203,123.0,0.60497070534,0.347757637499,0.938053539343
204.985,167.964,123.0,0.60497070534,0.347757637499,0.938053539343
200.911,167.931,123.0,0.60497070534,0.347757637499,0.938053539343
196.825,167.93,123.0,0.60497070534,0.347757637499,0.938053539343
192.73,168.938,123.0,0.60497070534,0.347757637499,0.938053539343
191.063,172.322,123.0,0.60497070534,0.347757637499,0.938053539343
188.172,175.212,123.0,0.60497070534,0.347757637499,0.938053539343
185.269,178.093,123.0,0.60497070534,0.347757637499,0.938053539343
183.304,181.649,123.0,0.60497070534,0.347757637499,0.938053539343
180.549,184.614,123.0,0.60497070534,0.347757637499,0.938053539343
179.271,188.509,123.0,0.60497070534,0.347757637499,0.938053539343
177.904,192.028,123.0,0.60497070534,0.347757637499,0.938053539343
177.884,196.106,123.0,0.60497070534,0.347757637499,0.938053539343
177.886,200.194,123.0,0.60497070534,0.347757637499,0.938053539343
177.421,204.188,123.0,0.60497070534,0.347757637499,0.938053539343
176.059,207.829,123.0,0.60497070534,0.347757637499,0.938053539343
176.783,212.472,123.0,0.60497070534,0.347757637499,0.938053539343
173.523,213.632,123.0,0.60497070534,0.347757637499,0.938053539343
170.818,216.704,123.0,0.60497070534,0.347757637499,0.938053539343
170.668,220.777,123.0,0.60497070534,0.347757637499,0.938053539343
169.401,224.568,123.0,0.60497070534,0.347757637499,0.938053539343
167.581,228.226,123.0,0.60497070534,0.347757637499,0.938053539343
167.843,232.375,123.0,0.60497070534,0.347757637499,0.938053539343
167.092,236.284,123.0,0.60497070534,0.347757637499,0.938053539343
166.166,240.151,123.0,0.60497070534,0.347757637499,0.938053539343
166.068,244.2,123.0,0.60497070534,0.347757637499,0.938053539343
164.81,247.767,123.0,0.60497070534,0.347757637499,0.938053539343
162.965,251.094,123.0,0.60497070534,0.347757637499,0.938053539343
163.31,255.309,123.0,0.60497070534,0.347757637499,0.938053539343
162.281,259.247,123.0,0.60497070534,0.347757637499,0.938053539343
161.755,263.292,123.0,0.60497070534,0.347757637499,0.938053539343
161.764,267.369,123.0,0.60497070534,0.347757637499,0.938053539343
160.221,270.818,123.0,0.60497070534,0.347757637499,0.938053539343
160.316,274.945,123.0,0.60497070534,0.347757637499,0.938053539343
160.266,279.037,123.0,0.60497070534,0.347757637499,0.938053539343
160.87,283.052,123.0,0.60497070534,0.347757637499,0.938053539343
161.821,287.021,123.0,0.60497070534,0.347757637499,0.938053539343
161.738,291.121,123.0,0.60497070534,0.347757637499,0.938053539343
161.821,295.191,123.0,0.60497070534,0.347757637499,0.938053539343
161.679,299.315,123.0,0.60497070534,0.347757637499,0.938053539343
163.255,303.041,123.0,0.60497070534,0.347757637499,0.938053539343
164.413,306.632,123.0,0.60497070534,0.347757637499,0.938053539343
165.088,310.441,123.0,0.60497070534,0.347757637499,0.938053539343
166.219,314.064,123.0,0.60497070534,0.347757637499,0.938053539343
167.303,317.9,123.0,0.60497070534,0.347757637499,0.938053539343
167.694,321.897,123.0,0.60497070534,0.347757637499,0.938053539343
169.271,325.612,123.0,0.60497070534,0.347757637499,0.938053539343
168.955,329.774,123.0,0.60497070534,0.347757637499,0.938053539343
170.585,333.477,123.0,0.60497070534,0.347757637499,0.938053539343
170.823,337.537,123.0,0.60497070534,0.347757637499,0.938053539343
172.142,341.391,123.0,0.60497070534,0.347757637499,0.938053539343
172.267,345.409,123.0,0.60497070534,0.347757637499,0.938053539343
173.499,348.985,123.0,0.60497070534,0.347757637499,0.938053539343
174.979,352.46,123.0,0.60497070534,0.347757637499,0.938053539343
175.676,356.262,123.0,0.60497070534,0.347757637499,0.938053539343
179.35,358.735,123.0,0.60497070534,0.347757637499,0.938053539343
183.027,361.012,123.0,0.60497070534,0.347757637499,0.938053539343
186.682,363.124,123.0,0.60497070534,0.347757637499,0.938053539343
190.317,365.095,123.0,0.60497070534,0.347757637499,0.938053539343
193.935,366.945,123.0,0.60497070534,0.347757637499,0.938053539343
197.54,368.697,123.0,0.60497070534,0.347757637499,0.938053539343
201.134,370.373,123.0,0.60497070534,0.347757637499,0.938053539343
204.721,371.994,123.0,0.60497070534,0.347757637499,0.938053539343
208.303,373.582,123.0,0.60497070534,0.347757637499,0.938053539343
