208.963,378.118,124.0,0.60497070534,0.347757637499,0.938053539343
209.583,373.894,124.0,0.60497070534,0.347757637499,0.938053539343
210.059,369.647,124.0,0.60497070534,0.347757637499,0.938053539343
210.297,365.363,124.0,0.60497070534,0.347757637499,0.938053539343
210.2,361.026,124.0,0.60497070534,0.347757637499,0.938053539343
210.802,356.88,124.0,0.60497070534,0.347757637499,0.938053539343
211.793,352.82,124.0,0.60497070534,0.347757637499,0.938053539343
212.965,348.683,124.0,0.60497070534,0.347757637499,0.938053539343
214.504,345.057,124.0,0.60497070534,0.347757637499,0.938053539343
214.852,340.834,124.0,0.60497070534,0.347757637499,0.938053539343
217.253,337.148,124.0,0.60497070534,0.347757637499,0.938053539343
217.714,333.012,124.0,0.60497070534,0.347757637499,0.938053539343
218.879,329.215,124.0,0.60497070534,0.347757637499,0.938053539343
220.861,325.401,124.0,0.60497070534,0.347757637499,0.938053539343
221.972,321.4,124.0,0.60497070534,0.347757637499,0.938053539343
223.166,317.608,124.0,0.60497070534,0.347757637499,0.938053539343
224.724,313.969,124.0,0.60497070534,0.347757637499,0.938053539343
225.989,310.206,124.0,0.60497070534,0.347757637499,0.938053539343
226.515,306.07,124.0,0.60497070534,0.347757637499,0.938053539343
227.777,302.1,124.0,0.60497070534,0.347757637499,0.938053539343
228.492,297.979,124.0,0.60497070534,0.347757637499,0.938053539343
229.128,293.848,124.0,0.60497070534,0.347757637499,0.938053539343
230.166,289.993,124.0,0.60497070534,0.347757637499,0.938053539343
230.54,285.863,124.0,0.60497070534,0.347757637499,0.938053539343
230.512,281.567,124.0,0.60497070534,0.347757637499,0.938053539343
232.097,277.939,124.0,0.60497070534,0.347757637499,0.938053539343
232.958,274.011,124.0,0.60497070534,0.347757637499,0.938053539343
233.523,269.961,124.0,0.60497070534,0.347757637499,0.938053539343
233.34,265.632,124.0,0.60497070534,0.347757637499,0.938053539343
234.358,261.587,124.0,0.60497070534,0.347757637499,0.938053539343
234.946,257.442,124.0,0.60497070534,0.347757637499,0.938053539343
236.501,253.524,124.0,0.60497070534,0.347757637499,0.938053539343
237.479,249.47,124.0,0.60497070534,0.347757637499,0.938053539343
237.919,245.289,124.0,0.60497070534,0.347757637499,0.938053539343
238.688,241.198,124.0,0.60497070534,0.347757637499,0.938053539343
240.188,237.404,124.0,0.60497070534,0.347757637499,0.938053539343
240.845,233.388,124.0,0.60497070534,0.347757637499,0.938053539343
240.925,229.121,124.0,0.60497070534,0.347757637499,0.938053539343
242.313,225.164,124.0,0.60497070534,0.347757637499,0.938053539343
242.305,220.877,124.0,0.60497070534,0.347757637499,0.938053539343
242.304,216.592,124.0,0.60497070534,0.347757637499,0.938053539343
242.304,212.308,124.0,0.60497070534,0.347757637499,0.938053539343
242.304,208.023,124.0,0.60497070534,0.347757637499,0.938053539343
242.302,203.739,124.0,0.60497070534,0.347757637499,0.938053539343
242.311,199.451,124.0,0.60497070534,0.347757637499,0.938053539343
241.958,195.313,124.0,0.60497070534,0.347757637499,0.938053539343
240.891,191.47,124.0,0.60497070534,0.347757637499,0.938053539343
239.091,187.939,124.0,0.60497070534,0.347757637499,0.938053539343
236.715,184.394,124.0,0.60497070534,0.347757637499,0.938053539343
234.886,180.841,124.0,0.60497070534,0.347757637499,0.938053539343
231.752,177.846,124.0,0.60497070534,0.347757637499,0.938053539343
230.592,173.79,124.0,0.60497070534,0.347757637499,0.938053539343
226.936,172.287,124.0,0.60497070534,0.347757637499,0.938053539343
223.758,169.599,124.0,0.60497070534,0.347757637499,0.938053539343
220.183,167.89,124.0,0.60497070534,0.347757637499,0.938053539343
216.83,165.639,124.0,0.60497070534,0.347757637499,0.938053539343
212.81,165.001,124.0,0.60497070534,0.347757637499,0.938053539343
208.526,165.008,124.0,0.60497070534,0.347757637499,0.938053539343
204.239,165.004,124.0,0.60497070534,0.347757637499,0.938053539343
200.558,166.461,124.0,0.60497070534,0.347757637499,0.938053539343
196.886,167.939,124.0,0.60497070534,0.347757637499,0.938053539343
193.907,171.028,124.0,0.60497070534,0.347757637499,0.938053539343
191.232,173.708,124.0,0.60497070534,0.347757637499,0.938053539343
189.558,177.169,124.0,0.60497070534,0.347757637499,0.938053539343
188.129,180.862,124.0,0.60497070534,0.347757637499,0.938053539343
186.644,184.801,124.0,0.60497070534,0.347757637499,0.938053539343
184.992,188.695,124.0,0.60497070534,0.347757637499,0.938053539343
183.78,192.704,124.0,0.60497070534,0.347757637499,0.938053539343
182.385,196.41,124.0,0.60497070534,0.347757637499,0.938053539343
180.815,200.042,124.0,0.60497070534,0.347757637499,0.938053539343
179.344,203.98,124.0,0.60497070534,0.347757637499,0.938053539343
177.722,207.88,124.0,0.60497070534,0.347757637499,0.938053539343
177.967,212.237,124.0,0.60497070534,0.347757637499,0.938053539343
176.638,215.974,124.0,0.60497070534,0.347757637499,0.938053539343
176.575,220.218,124.0,0.60497070534,0.347757637499,0.938053539343
175.317,224.191,124.0,0.60497070534,0.347757637499,0.938053539343
175.017,228.407,124.0,0.60497070534,0.347757637499,0.938053539343
174.123,232.483,124.0,0.60497070534,0.347757637499,0.938053539343
173.489,236.615,124.0,0.60497070534,0.347757637499,0.938053539343
172.657,240.816,124.0,0.60497070534,0.347757637499,0.938053539343
172.07,245.06,124.0,0.60497070534,0.347757637499,0.938053539343
171.674,249.241,124.0,0.60497070534,0.347757637499,0.938053539343
170.47,253.243,124.0,0.60497070534,0.347757637499,0.938053539343
170.56,257.549,124.0,0.60497070534,0.347757637499,0.938053539343
170.563,261.834,124.0,0.60497070534,0.347757637499,0.938053539343
170.563,266.119,124.0,0.60497070534,0.347757637499,0.938053539343
170.563,270.403,124.0,0.60497070534,0.347757637499,0.938053539343
170.563,274.688,124.0,0.60497070534,0.347757637499,0.938053539343
170.565,278.973,124.0,0.60497070534,0.347757637499,0.938053539343
170.607,283.268,124.0,0.60497070534,0.347757637499,0.938053539343
169.048,287.184,124.0,0.60497070534,0.347757637499,0.938053539343
169.09,291.479,124.0,0.60497070534,0.347757637499,0.938053539343
169.083,295.759,124.0,0.60497070534,0.347757637499,0.938053539343
168.876,299.958,124.0,0.60497070534,0.347757637499,0.938053539343
167.646,303.733,124.0,0.60497070534,0.347757637499,0.938053539343
167.682,308.025,124.0,0.60497070534,0.347757637499,0.938053539343
166.122,311.941,124.0,0.60497070534,0.347757637499,0.938053539343
166.172,316.237,124.0,0.60497070534,0.347757637499,0.938053539343
166.171,320.522,124.0,0.60497070534,0.347757637499,0.938053539343
166.159,324.809,124.0,0.60497070534,0.347757637499,0.938053539343
166.207,329.083,124.0,0.60497070534,0.347757637499,0.938053539343
167.754,333.003,124.0,0.60497070534,0.347757637499,0.938053539343
167.624,337.332,124.0,0.60497070534,0.347757637499,0.938053539343
167.477,341.758,124.0,0.60497070534,0.347757637499,0.938053539343
169.047,344.47,124.0,0.60497070534,0.347757637499,0.938053539343
169.716,348.268,124.0,0.60497070534,0.347757637499,0.938053539343
171.018,351.823,124.0,0.60497070534,0.347757637499,0.938053539343
172.887,355.167,124.0,0.60497070534,0.347757637499,0.938053539343
175.271,358.319,124.0,0.60497070534,0.347757637499,0.938053539343
178.114,361.299,124.0,0.60497070534,0.347757637499,0.938053539343
181.362,364.128,124.0,0.60497070534,0.347757637499,0.938053539343
184.962,366.827,124.0,0.60497070534,0.347757637499,0.938053539343
188.86,369.414,124.0,0.60497070534,0.347757637499,0.938053539343
193.001,371.911,124.0,0.60497070534,0.347757637499,0.938053539343
197.331,374.337,124.0,0.60497070534,0.347757637499,0.938053539343
201.796,376.713,124.0,0.60497070534,0.347757637499,0.938053539343
206.343,379.059,124.0,0.60497070534,0.347757637499,0.938053539343
