214.449,372.997,126.0,0.60497070534,0.347757637499,0.938053539343
214.824,369.158,126.0,0.60497070534,0.347757637499,0.938053539343
215.962,365.509,126.0,0.60497070534,0.347757637499,0.938053539343
217.481,361.942,126.0,0.60497070534,0.347757637499,0.938053539343
218.201,358.186,126.0,0.60497070534,0.347757637499,0.938053539343
218.805,354.4,126.0,0.60497070534,0.347757637499,0.938053539343
220.346,350.837,126.0,0.60497070534,0.347757637499,0.938053539343
222.0,347.598,126.0,0.60497070534,0.347757637499,0.938053539343
221.805,343.592,126.0,0.60497070534,0.347757637499,0.938053539343
223.006,339.96,126.0,0.60497070534,0.347757637499,0.938053539343
223.361,336.128,126.0,0.60497070534,0.347757637499,0.938053539343
225.976,333.109,126.0,0.60497070534,0.347757637499,0.938053539343
226.116,329.148,126.0,0.60497070534,0.347757637499,0.938053539343
227.838,325.949,126.0,0.60497070534,0.347757637499,0.938053539343
228.247,322.012,126.0,0.60497070534,0.347757637499,0.938053539343
229.939,318.398,126.0,0.60497070534,0.347757637499,0.938053539343
232.516,315.469,126.0,0.60497070534,0.347757637499,0.938053539343
233.532,311.961,126.0,0.60497070534,0.347757637499,0.938053539343
234.919,308.608,126.0,0.60497070534,0.347757637499,0.938053539343
235.861,304.915,126.0,0.60497070534,0.347757637499,0.938053539343
237.678,301.348,126.0,0.60497070534,0.347757637499,0.938053539343
237.934,297.45,126.0,0.60497070534,0.347757637499,0.938053539343
239.233,294.062,126.0,0.60497070534,0.347757637499,0.938053539343
239.638,290.259,126.0,0.60497070534,0.347757637499,0.938053539343
240.844,286.614,126.0,0.60497070534,0.347757637499,0.938053539343
240.697,282.625,126.0,0.60497070534,0.347757637499,0.938053539343
241.133,278.883,126.0,0.60497070534,0.347757637499,0.938053539343
242.417,275.482,126.0,0.60497070534,0.347757637499,0.938053539343
243.158,271.719,126.0,0.60497070534,0.347757637499,0.938053539343
243.705,267.919,126.0,0.60497070534,0.347757637499,0.938053539343
245.248,264.357,126.0,0.60497070534,0.347757637499,0.938053539343
246.492,260.721,126.0,0.60497070534,0.347757637499,0.938053539343
246.713,256.756,126.0,0.60497070534,0.347757637499,0.938053539343
248.009,253.042,126.0,0.60497070534,0.347757637499,0.938053539343
250.649,250.077,126.0,0.60497070534,0.347757637499,0.938053539343
251.599,246.415,126.0,0.60497070534,0.347757637499,0.938053539343
252.458,242.84,126.0,0.60497070534,0.347757637499,0.938053539343
254.056,239.576,126.0,0.60497070534,0.347757637499,0.938053539343
255.578,236.253,126.0,0.60497070534,0.347757637499,0.938053539343
256.961,232.663,126.0,0.60497070534,0.347757637499,0.938053539343
257.376,228.912,126.0,0.60497070534,0.347757637499,0.938053539343
258.305,225.37,126.0,0.60497070534,0.347757637499,0.938053539343
259.872,222.093,126.0,0.60497070534,0.347757637499,0.938053539343
260.034,218.096,126.0,0.60497070534,0.347757637499,0.938053539343
259.465,214.408,126.0,0.60497070534,0.347757637499,0.938053539343
258.105,210.982,126.0,0.60497070534,0.347757637499,0.938053539343
256.923,207.346,126.0,0.60497070534,0.347757637499,0.938053539343
255.508,203.737,126.0,0.60497070534,0.347757637499,0.938053539343
253.184,200.695,126.0,0.60497070534,0.347757637499,0.938053539343
252.429,196.914,126.0,0.60497070534,0.347757637499,0.938053539343
249.588,194.16,126.0,0.60497070534,0.347757637499,0.938053539343
248.982,190.485,126.0,0.60497070534,0.347757637499,0.938053539343
246.71,187.502,126.0,0.60497070534,0.347757637499,0.938053539343
244.065,184.707,126.0,0.60497070534,0.347757637499,0.938053539343
242.08,182.52,126.0,0.60497070534,0.347757637499,0.938053539343
240.272,178.935,126.0,0.60497070534,0.347757637499,0.938053539343
237.301,176.311,126.0,0.60497070534,0.347757637499,0.938053539343
235.432,173.774,126.0,0.60497070534,0.347757637499,0.938053539343
232.574,171.087,126.0,0.60497070534,0.347757637499,0.938053539343
229.283,169.555,126.0,0.60497070534,0.347757637499,0.938053539343
225.893,167.583,126.0,0.60497070534,0.347757637499,0.938053539343
222.67,165.913,126.0,0.60497070534,0.347757637499,0.938053539343
219.493,164.106,126.0,0.60497070534,0.347757637499,0.938053539343
216.291,162.357,126.0,0.60497070534,0.347757637499,0.938053539343
212.466,162.12,126.0,0.60497070534,0.347757637499,0.938053539343
208.553,162.07,126.0,0.60497070534,0.347757637499,0.938053539343
205.44,163.992,126.0,0.60497070534,0.347757637499,0.938053539343
202.736,165.772,126.0,0.60497070534,0.347757637499,0.938053539343
200.434,168.811,126.0,0.60497070534,0.347757637499,0.938053539343
198.435,171.917,126.0,0.60497070534,0.347757637499,0.938053539343
196.926,175.219,126.0,0.60497070534,0.347757637499,0.938053539343
195.553,178.621,126.0,0.60497070534,0.347757637499,0.938053539343
193.957,180.972,126.0,0.60497070534,0.347757637499,0.938053539343
192.445,184.286,126.0,0.60497070534,0.347757637499,0.938053539343
191.532,187.832,126.0,0.60497070534,0.347757637499,0.938053539343
189.828,191.053,126.0,0.60497070534,0.347757637499,0.938053539343
189.665,194.911,126.0,0.60497070534,0.347757637499,0.938053539343
188.034,198.162,126.0,0.60497070534,0.347757637499,0.938053539343
187.746,201.969,126.0,0.60497070534,0.347757637499,0.938053539343
186.088,205.209,126.0,0.60497070534,0.347757637499,0.938053539343
185.258,208.791,126.0,0.60497070534,0.347757637499,0.938053539343
183.802,212.115,126.0,0.60497070534,0.347757637499,0.938053539343
182.235,215.392,126.0,0.60497070534,0.347757637499,0.938053539343
179.801,218.31,126.0,0.60497070534,0.347757637499,0.938053539343
177.916,221.456,126.0,0.60497070534,0.347757637499,0.938053539343
175.357,224.322,126.0,0.60497070534,0.347757637499,0.938053539343
173.791,227.6,126.0,0.60497070534,0.347757637499,0.938053539343
173.231,231.289,126.0,0.60497070534,0.347757637499,0.938053539343
170.956,234.449,126.0,0.60497070534,0.347757637499,0.938053539343
168.483,237.685,126.0,0.60497070534,0.347757637499,0.938053539343
167.541,241.303,126.0,0.60497070534,0.347757637499,0.938053539343
166.187,244.67,126.0,0.60497070534,0.347757637499,0.938053539343
165.515,248.434,126.0,0.60497070534,0.347757637499,0.938053539343
164.639,252.153,126.0,0.60497070534,0.347757637499,0.938053539343
164.703,256.094,126.0,0.60497070534,0.347757637499,0.938053539343
164.712,260.023,126.0,0.60497070534,0.347757637499,0.938053539343
164.706,263.947,126.0,0.60497070534,0.347757637499,0.938053539343
164.707,267.874,126.0,0.60497070534,0.347757637499,0.938053539343
164.707,271.8,126.0,0.60497070534,0.347757637499,0.938053539343
164.707,275.727,126.0,0.60497070534,0.347757637499,0.938053539343
164.708,279.652,126.0,0.60497070534,0.347757637499,0.938053539343
164.706,283.579,126.0,0.60497070534,0.347757637499,0.938053539343
164.458,287.564,126.0,0.60497070534,0.347757637499,0.938053539343
164.919,291.382,126.0,0.60497070534,0.347757637499,0.938053539343
166.286,294.985,126.0,0.60497070534,0.347757637499,0.938053539343
166.177,298.937,126.0,0.60497070534,0.347757637499,0.938053539343
166.171,302.865,126.0,0.60497070534,0.347757637499,0.938053539343
166.171,306.791,126.0,0.60497070534,0.347757637499,0.938053539343
166.171,310.718,126.0,0.60497070534,0.347757637499,0.938053539343
166.172,314.644,126.0,0.60497070534,0.347757637499,0.938053539343
166.197,318.576,126.0,0.60497070534,0.347757637499,0.938053539343
164.658,322.14,126.0,0.60497070534,0.347757637499,0.938053539343
164.698,326.075,126.0,0.60497070534,0.347757637499,0.938053539343
164.707,330.004,126.0,0.60497070534,0.347757637499,0.938053539343
164.706,333.93,126.0,0.60497070534,0.347757637499,0.938053539343
164.706,337.856,126.0,0.60497070534,0.347757637499,0.938053539343
164.657,341.795,126.0,0.60497070534,0.347757637499,0.938053539343
166.168,345.371,126.0,0.60497070534,0.347757637499,0.938053539343
167.78,348.627,126.0,0.60497070534,0.347757637499,0.938053539343
168.789,352.118,126.0,0.60497070534,0.347757637499,0.938053539343
170.716,355.525,126.0,0.60497070534,0.347757637499,0.938053539343
172.966,358.684,126.0,0.60497070534,0.347757637499,0.938053539343
175.483,361.645,126.0,0.60497070534,0.347757637499,0.938053539343
177.534,364.951,126.0,0.60497070534,0.347757637499,0.938053539343
180.321,367.765,126.0,0.60497070534,0.347757637499,0.938053539343
181.753,371.102,126.0,0.60497070534,0.347757637499,0.938053539343
183.757,374.202,126.0,0.60497070534,0.347757637499,0.938053539343
184.144,377.481,126.0,0.60497070534,0.347757637499,0.938053539343
186.037,379.366,126.0,0.60497070534,0.347757637499,0.938053539343
189.205,380.068,126.0,0.60497070534,0.347757637499,0.938053539343
193.416,379.804,126.0,0.60497070534,0.347757637499,0.938053539343
198.439,378.789,126.0,0.60497070534,0.347757637499,0.938053539343
204.04,377.236,126.0,0.60497070534,0.347757637499,0.938053539343
209.989,375.362,126.0,0.60497070534,0.347757637499,0.938053539343
