211.628,371.11,127.0,0.795439398097,0.473813528713,0.879504828594
213.662,368.1,127.0,0.795439398097,0.473813528713,0.879504828594
215.574,364.96,127.0,0.795439398097,0.473813528713,0.879504828594
217.172,361.692,127.0,0.795439398097,0.473813528713,0.879504828594
218.772,358.431,127.0,0.795439398097,0.473813528713,0.879504828594
220.336,355.158,127.0,0.795439398097,0.473813528713,0.879504828594
221.893,352.168,127.0,0.795439398097,0.473813528713,0.879504828594
222.497,348.779,127.0,0.795439398097,0.473813528713,0.879504828594
223.172,345.424,127.0,0.795439398097,0.473813528713,0.879504828594
224.802,342.477,127.0,0.795439398097,0.473813528713,0.879504828594
226.35,340.408,127.0,0.795439398097,0.473813528713,0.879504828594
226.224,336.631,127.0,0.795439398097,0.473813528713,0.879504828594
227.54,333.535,127.0,0.795439398097,0.473813528713,0.879504828594
227.451,329.858,127.0,0.795439398097,0.473813528713,0.879504828594
229.234,326.958,127.0,0.795439398097,0.473813528713,0.879504828594
229.083,323.265,127.0,0.795439398097,0.473813528713,0.879504828594
230.625,319.992,127.0,0.795439398097,0.473813528713,0.879504828594
230.471,316.317,127.0,0.795439398097,0.473813528713,0.879504828594
232.02,313.045,127.0,0.795439398097,0.473813528713,0.879504828594
231.989,309.386,127.0,0.795439398097,0.473813528713,0.879504828594
232.956,306.15,127.0,0.795439398097,0.473813528713,0.879504828594
233.531,302.749,127.0,0.795439398097,0.473813528713,0.879504828594
233.528,299.109,127.0,0.795439398097,0.473813528713,0.879504828594
233.521,295.468,127.0,0.795439398097,0.473813528713,0.879504828594
233.525,291.83,127.0,0.795439398097,0.473813528713,0.879504828594
233.491,288.186,127.0,0.795439398097,0.473813528713,0.879504828594
234.656,284.736,127.0,0.795439398097,0.473813528713,0.879504828594
235.03,281.161,127.0,0.795439398097,0.473813528713,0.879504828594
235.759,277.697,127.0,0.795439398097,0.473813528713,0.879504828594
236.455,274.226,127.0,0.795439398097,0.473813528713,0.879504828594
237.388,270.973,127.0,0.795439398097,0.473813528713,0.879504828594
237.893,267.542,127.0,0.795439398097,0.473813528713,0.879504828594
239.942,264.629,127.0,0.795439398097,0.473813528713,0.879504828594
241.27,261.309,127.0,0.795439398097,0.473813528713,0.879504828594
242.88,258.677,127.0,0.795439398097,0.473813528713,0.879504828594
243.717,255.886,127.0,0.795439398097,0.473813528713,0.879504828594
245.239,252.885,127.0,0.795439398097,0.473813528713,0.879504828594
247.325,251.214,127.0,0.795439398097,0.473813528713,0.879504828594
248.208,247.368,127.0,0.795439398097,0.473813528713,0.879504828594
249.529,244.236,127.0,0.795439398097,0.473813528713,0.879504828594
249.514,240.52,127.0,0.795439398097,0.473813528713,0.879504828594
251.023,238.397,127.0,0.795439398097,0.473813528713,0.879504828594
252.601,236.231,127.0,0.795439398097,0.473813528713,0.879504828594
254.06,233.008,127.0,0.795439398097,0.473813528713,0.879504828594
254.046,229.366,127.0,0.795439398097,0.473813528713,0.879504828594
255.466,226.316,127.0,0.795439398097,0.473813528713,0.879504828594
255.486,222.681,127.0,0.795439398097,0.473813528713,0.879504828594
255.725,218.944,127.0,0.795439398097,0.473813528713,0.879504828594
253.954,216.04,127.0,0.795439398097,0.473813528713,0.879504828594
253.961,212.398,127.0,0.795439398097,0.473813528713,0.879504828594
253.925,208.775,127.0,0.795439398097,0.473813528713,0.879504828594
252.568,205.697,127.0,0.795439398097,0.473813528713,0.879504828594
252.188,202.15,127.0,0.795439398097,0.473813528713,0.879504828594
251.074,198.779,127.0,0.795439398097,0.473813528713,0.879504828594
249.621,195.743,127.0,0.795439398097,0.473813528713,0.879504828594
249.706,192.069,127.0,0.795439398097,0.473813528713,0.879504828594
248.07,189.107,127.0,0.795439398097,0.473813528713,0.879504828594
247.736,185.498,127.0,0.795439398097,0.473813528713,0.879504828594
245.303,182.711,127.0,0.795439398097,0.473813528713,0.879504828594
244.699,179.641,127.0,0.795439398097,0.473813528713,0.879504828594
242.574,178.166,127.0,0.795439398097,0.473813528713,0.879504828594
240.886,175.31,127.0,0.795439398097,0.473813528713,0.879504828594
238.275,173.745,127.0,0.795439398097,0.473813528713,0.879504828594
236.081,170.865,127.0,0.795439398097,0.473813528713,0.879504828594
232.988,169.41,127.0,0.795439398097,0.473813528713,0.879504828594
230.835,167.972,127.0,0.795439398097,0.473813528713,0.879504828594
229.302,165.111,127.0,0.795439398097,0.473813528713,0.879504828594
226.782,162.37,127.0,0.795439398097,0.473813528713,0.879504828594
223.772,160.92,127.0,0.795439398097,0.473813528713,0.879504828594
221.747,159.094,127.0,0.795439398097,0.473813528713,0.879504828594
218.64,157.66,127.0,0.795439398097,0.473813528713,0.879504828594
216.618,156.079,127.0,0.795439398097,0.473813528713,0.879504828594
212.753,156.313,127.0,0.795439398097,0.473813528713,0.879504828594
209.205,156.224,127.0,0.795439398097,0.473813528713,0.879504828594
205.542,156.198,127.0,0.795439398097,0.473813528713,0.879504828594
203.845,158.389,127.0,0.795439398097,0.473813528713,0.879504828594
201.385,161.187,127.0,0.795439398097,0.473813528713,0.879504828594
200.343,164.451,127.0,0.795439398097,0.473813528713,0.879504828594
199.848,167.887,127.0,0.795439398097,0.473813528713,0.879504828594
199.43,171.353,127.0,0.795439398097,0.473813528713,0.879504828594
198.463,174.587,127.0,0.795439398097,0.473813528713,0.879504828594
196.939,177.806,127.0,0.795439398097,0.473813528713,0.879504828594
195.309,179.88,127.0,0.795439398097,0.473813528713,0.879504828594
195.506,183.68,127.0,0.795439398097,0.473813528713,0.879504828594
192.935,186.256,127.0,0.795439398097,0.473813528713,0.879504828594
191.688,189.365,127.0,0.795439398097,0.473813528713,0.879504828594
189.852,192.496,127.0,0.795439398097,0.473813528713,0.879504828594
188.184,195.464,127.0,0.795439398097,0.473813528713,0.879504828594
186.705,198.491,127.0,0.795439398097,0.473813528713,0.879504828594
185.223,201.516,127.0,0.795439398097,0.473813528713,0.879504828594
183.651,204.506,127.0,0.795439398097,0.473813528713,0.879504828594
182.177,207.534,127.0,0.795439398097,0.473813528713,0.879504828594
179.633,210.359,127.0,0.795439398097,0.473813528713,0.879504828594
179.571,214.063,127.0,0.795439398097,0.473813528713,0.879504828594
177.779,216.951,127.0,0.795439398097,0.473813528713,0.879504828594
176.824,220.197,127.0,0.795439398097,0.473813528713,0.879504828594
176.406,223.663,127.0,0.795439398097,0.473813528713,0.879504828594
174.843,226.928,127.0,0.795439398097,0.473813528713,0.879504828594
174.999,230.606,127.0,0.795439398097,0.473813528713,0.879504828594
173.47,233.883,127.0,0.795439398097,0.473813528713,0.879504828594
173.604,237.553,127.0,0.795439398097,0.473813528713,0.879504828594
172.793,241.0,127.0,0.795439398097,0.473813528713,0.879504828594
172.076,244.469,127.0,0.795439398097,0.473813528713,0.879504828594
171.536,247.98,127.0,0.795439398097,0.473813528713,0.879504828594
170.563,251.389,127.0,0.795439398097,0.473813528713,0.879504828594
170.605,255.037,127.0,0.795439398097,0.473813528713,0.879504828594
169.233,258.351,127.0,0.795439398097,0.473813528713,0.879504828594
169.103,261.959,127.0,0.795439398097,0.473813528713,0.879504828594
168.707,265.504,127.0,0.795439398097,0.473813528713,0.879504828594
167.63,268.888,127.0,0.795439398097,0.473813528713,0.879504828594
167.632,272.527,127.0,0.795439398097,0.473813528713,0.879504828594
167.635,276.166,127.0,0.795439398097,0.473813528713,0.879504828594
167.635,279.804,127.0,0.795439398097,0.473813528713,0.879504828594
167.635,283.443,127.0,0.795439398097,0.473813528713,0.879504828594
167.635,287.081,127.0,0.795439398097,0.473813528713,0.879504828594
167.635,290.719,127.0,0.795439398097,0.473813528713,0.879504828594
167.635,294.358,127.0,0.795439398097,0.473813528713,0.879504828594
167.635,297.996,127.0,0.795439398097,0.473813528713,0.879504828594
167.635,301.635,127.0,0.795439398097,0.473813528713,0.879504828594
167.635,305.273,127.0,0.795439398097,0.473813528713,0.879504828594
167.635,308.911,127.0,0.795439398097,0.473813528713,0.879504828594
167.635,312.55,127.0,0.795439398097,0.473813528713,0.879504828594
167.635,316.188,127.0,0.795439398097,0.473813528713,0.879504828594
167.633,319.829,127.0,0.795439398097,0.473813528713,0.879504828594
167.575,323.567,127.0,0.795439398097,0.473813528713,0.879504828594
167.992,327.317,127.0,0.795439398097,0.473813528713,0.879504828594
170.356,330.08,127.0,0.795439398097,0.473813528713,0.879504828594
170.693,333.576,127.0,0.795439398097,0.473813528713,0.879504828594
172.081,336.615,127.0,0.795439398097,0.473813528713,0.879504828594
173.25,340.004,127.0,0.795439398097,0.473813528713,0.879504828594
173.476,343.598,127.0,0.795439398097,0.473813528713,0.879504828594
174.992,346.616,127.0,0.795439398097,0.473813528713,0.879504828594
176.562,349.605,127.0,0.795439398097,0.473813528713,0.879504828594
177.822,352.982,127.0,0.795439398097,0.473813528713,0.879504828594
179.389,355.964,127.0,0.795439398097,0.473813528713,0.879504828594
181.513,358.721,127.0,0.795439398097,0.473813528713,0.879504828594
182.675,361.876,127.0,0.795439398097,0.473813528713,0.879504828594
185.259,364.432,127.0,0.795439398097,0.473813528713,0.879504828594
185.99,368.231,127.0,0.795439398097,0.473813528713,0.879504828594
188.141,369.927,127.0,0.795439398097,0.473813528713,0.879504828594
188.308,373.567,127.0,0.795439398097,0.473813528713,0.879504828594
190.193,375.617,127.0,0.795439398097,0.473813528713,0.879504828594
193.483,376.364,127.0,0.795439398097,0.473813528713,0.879504828594
197.867,376.1,127.0,0.795439398097,0.473813528713,0.879504828594
203.031,375.112,127.0,0.795439398097,0.473813528713,0.879504828594
208.663,373.69,127.0,0.795439398097,0.473813528713,0.879504828594
