215.854,379.076,128.0,0.60497070534,0.347757637499,0.938053539343
217.178,376.188,128.0,0.60497070534,0.347757637499,0.938053539343
218.474,373.29,128.0,0.60497070534,0.347757637499,0.938053539343
218.885,370.023,128.0,0.60497070534,0.347757637499,0.938053539343
219.528,366.702,128.0,0.60497070534,0.347757637499,0.938053539343
220.315,363.378,128.0,0.60497070534,0.347757637499,0.938053539343
221.651,360.26,128.0,0.60497070534,0.347757637499,0.938053539343
222.355,356.988,128.0,0.60497070534,0.347757637499,0.938053539343
223.254,353.765,128.0,0.60497070534,0.347757637499,0.938053539343
224.736,350.942,128.0,0.60497070534,0.347757637499,0.938053539343
225.045,347.635,128.0,0.60497070534,0.347757637499,0.938053539343
226.188,344.672,128.0,0.60497070534,0.347757637499,0.938053539343
225.997,341.158,128.0,0.60497070534,0.347757637499,0.938053539343
227.698,338.435,128.0,0.60497070534,0.347757637499,0.938053539343
228.969,335.281,128.0,0.60497070534,0.347757637499,0.938053539343
229.128,331.886,128.0,0.60497070534,0.347757637499,0.938053539343
228.992,328.418,128.0,0.60497070534,0.347757637499,0.938053539343
230.337,325.3,128.0,0.60497070534,0.347757637499,0.938053539343
230.482,321.901,128.0,0.60497070534,0.347757637499,0.938053539343
231.219,318.612,128.0,0.60497070534,0.347757637499,0.938053539343
231.999,315.26,128.0,0.60497070534,0.347757637499,0.938053539343
233.616,312.501,128.0,0.60497070534,0.347757637499,0.938053539343
233.507,309.017,128.0,0.60497070534,0.347757637499,0.938053539343
233.735,305.612,128.0,0.60497070534,0.347757637499,0.938053539343
234.738,302.3,128.0,0.60497070534,0.347757637499,0.938053539343
235.045,298.909,128.0,0.60497070534,0.347757637499,0.938053539343
234.941,295.452,128.0,0.60497070534,0.347757637499,0.938053539343
236.449,292.372,128.0,0.60497070534,0.347757637499,0.938053539343
236.462,288.939,128.0,0.60497070534,0.347757637499,0.938053539343
236.834,285.592,128.0,0.60497070534,0.347757637499,0.938053539343
237.94,282.417,128.0,0.60497070534,0.347757637499,0.938053539343
238.667,279.149,128.0,0.60497070534,0.347757637499,0.938053539343
239.312,275.86,128.0,0.60497070534,0.347757637499,0.938053539343
240.928,273.092,128.0,0.60497070534,0.347757637499,0.938053539343
241.37,269.839,128.0,0.60497070534,0.347757637499,0.938053539343
242.132,266.719,128.0,0.60497070534,0.347757637499,0.938053539343
243.256,263.744,128.0,0.60497070534,0.347757637499,0.938053539343
244.184,260.618,128.0,0.60497070534,0.347757637499,0.938053539343
245.187,257.415,128.0,0.60497070534,0.347757637499,0.938053539343
246.769,254.655,128.0,0.60497070534,0.347757637499,0.938053539343
248.269,252.74,128.0,0.60497070534,0.347757637499,0.938053539343
248.55,249.38,128.0,0.60497070534,0.347757637499,0.938053539343
250.826,246.684,128.0,0.60497070534,0.347757637499,0.938053539343
251.108,243.288,128.0,0.60497070534,0.347757637499,0.938053539343
252.042,240.238,128.0,0.60497070534,0.347757637499,0.938053539343
252.543,237.009,128.0,0.60497070534,0.347757637499,0.938053539343
252.553,233.578,128.0,0.60497070534,0.347757637499,0.938053539343
252.552,230.142,128.0,0.60497070534,0.347757637499,0.938053539343
252.553,226.706,128.0,0.60497070534,0.347757637499,0.938053539343
252.542,223.274,128.0,0.60497070534,0.347757637499,0.938053539343
252.018,220.056,128.0,0.60497070534,0.347757637499,0.938053539343
251.115,216.994,128.0,0.60497070534,0.347757637499,0.938053539343
251.086,213.57,128.0,0.60497070534,0.347757637499,0.938053539343
251.086,210.132,128.0,0.60497070534,0.347757637499,0.938053539343
251.078,206.687,128.0,0.60497070534,0.347757637499,0.938053539343
250.993,203.167,128.0,0.60497070534,0.347757637499,0.938053539343
252.516,201.253,128.0,0.60497070534,0.347757637499,0.938053539343
252.563,197.865,128.0,0.60497070534,0.347757637499,0.938053539343
252.551,194.418,128.0,0.60497070534,0.347757637499,0.938053539343
252.654,191.009,128.0,0.60497070534,0.347757637499,0.938053539343
254.074,187.895,128.0,0.60497070534,0.347757637499,0.938053539343
254.166,184.31,128.0,0.60497070534,0.347757637499,0.938053539343
252.594,182.452,128.0,0.60497070534,0.347757637499,0.938053539343
250.987,180.651,128.0,0.60497070534,0.347757637499,0.938053539343
249.212,177.885,128.0,0.60497070534,0.347757637499,0.938053539343
246.887,175.304,128.0,0.60497070534,0.347757637499,0.938053539343
244.048,173.916,128.0,0.60497070534,0.347757637499,0.938053539343
242.262,172.142,128.0,0.60497070534,0.347757637499,0.938053539343
239.086,170.592,128.0,0.60497070534,0.347757637499,0.938053539343
236.23,169.28,128.0,0.60497070534,0.347757637499,0.938053539343
233.369,167.899,128.0,0.60497070534,0.347757637499,0.938053539343
231.056,165.187,128.0,0.60497070534,0.347757637499,0.938053539343
228.148,163.913,128.0,0.60497070534,0.347757637499,0.938053539343
225.28,162.544,128.0,0.60497070534,0.347757637499,0.938053539343
222.402,161.202,128.0,0.60497070534,0.347757637499,0.938053539343
219.24,160.588,128.0,0.60497070534,0.347757637499,0.938053539343
217.327,159.057,128.0,0.60497070534,0.347757637499,0.938053539343
213.827,159.124,128.0,0.60497070534,0.347757637499,0.938053539343
210.361,159.143,128.0,0.60497070534,0.347757637499,0.938053539343
206.99,159.274,128.0,0.60497070534,0.347757637499,0.938053539343
204.192,160.686,128.0,0.60497070534,0.347757637499,0.938053539343
202.762,163.573,128.0,0.60497070534,0.347757637499,0.938053539343
201.335,166.418,128.0,0.60497070534,0.347757637499,0.938053539343
201.398,169.937,128.0,0.60497070534,0.347757637499,0.938053539343
199.732,171.702,128.0,0.60497070534,0.347757637499,0.938053539343
199.845,175.251,128.0,0.60497070534,0.347757637499,0.938053539343
198.082,176.924,128.0,0.60497070534,0.347757637499,0.938053539343
198.405,180.682,128.0,0.60497070534,0.347757637499,0.938053539343
198.378,184.091,128.0,0.60497070534,0.347757637499,0.938053539343
197.851,186.997,128.0,0.60497070534,0.347757637499,0.938053539343
197.037,189.565,128.0,0.60497070534,0.347757637499,0.938053539343
195.481,192.342,128.0,0.60497070534,0.347757637499,0.938053539343
193.862,195.083,128.0,0.60497070534,0.347757637499,0.938053539343
192.577,197.19,128.0,0.60497070534,0.347757637499,0.938053539343
191.275,200.127,128.0,0.60497070534,0.347757637499,0.938053539343
189.391,201.712,128.0,0.60497070534,0.347757637499,0.938053539343
186.499,203.225,128.0,0.60497070534,0.347757637499,0.938053539343
183.482,204.845,128.0,0.60497070534,0.347757637499,0.938053539343
180.729,206.182,128.0,0.60497070534,0.347757637499,0.938053539343
179.156,209.035,128.0,0.60497070534,0.347757637499,0.938053539343
177.848,211.933,128.0,0.60497070534,0.347757637499,0.938053539343
176.42,214.778,128.0,0.60497070534,0.347757637499,0.938053539343
174.025,217.327,128.0,0.60497070534,0.347757637499,0.938053539343
173.59,220.736,128.0,0.60497070534,0.347757637499,0.938053539343
172.439,223.869,128.0,0.60497070534,0.347757637499,0.938053539343
171.597,227.044,128.0,0.60497070534,0.347757637499,0.938053539343
170.536,230.018,128.0,0.60497070534,0.347757637499,0.938053539343
169.332,233.202,128.0,0.60497070534,0.347757637499,0.938053539343
169.102,236.579,128.0,0.60497070534,0.347757637499,0.938053539343
169.103,240.015,128.0,0.60497070534,0.347757637499,0.938053539343
169.098,243.449,128.0,0.60497070534,0.347757637499,0.938053539343
169.099,246.885,128.0,0.60497070534,0.347757637499,0.938053539343
169.099,250.321,128.0,0.60497070534,0.347757637499,0.938053539343
169.099,253.757,128.0,0.60497070534,0.347757637499,0.938053539343
169.099,257.193,128.0,0.60497070534,0.347757637499,0.938053539343
169.099,260.628,128.0,0.60497070534,0.347757637499,0.938053539343
169.099,264.064,128.0,0.60497070534,0.347757637499,0.938053539343
169.099,267.5,128.0,0.60497070534,0.347757637499,0.938053539343
169.08,270.928,128.0,0.60497070534,0.347757637499,0.938053539343
168.422,274.091,128.0,0.60497070534,0.347757637499,0.938053539343
167.563,277.17,128.0,0.60497070534,0.347757637499,0.938053539343
167.64,280.638,128.0,0.60497070534,0.347757637499,0.938053539343
166.143,283.719,128.0,0.60497070534,0.347757637499,0.938053539343
165.744,286.987,128.0,0.60497070534,0.347757637499,0.938053539343
164.423,289.874,128.0,0.60497070534,0.347757637499,0.938053539343
163.271,292.833,128.0,0.60497070534,0.347757637499,0.938053539343
163.288,296.268,128.0,0.60497070534,0.347757637499,0.938053539343
161.907,299.377,128.0,0.60497070534,0.347757637499,0.938053539343
161.797,302.787,128.0,0.60497070534,0.347757637499,0.938053539343
160.763,305.979,128.0,0.60497070534,0.347757637499,0.938053539343
160.325,309.311,128.0,0.60497070534,0.347757637499,0.938053539343
160.314,312.745,128.0,0.60497070534,0.347757637499,0.938053539343
160.305,316.181,128.0,0.60497070534,0.347757637499,0.938053539343
160.787,319.56,128.0,0.60497070534,0.347757637499,0.938053539343
161.739,322.877,128.0,0.60497070534,0.347757637499,0.938053539343
161.755,326.312,128.0,0.60497070534,0.347757637499,0.938053539343
162.819,329.501,128.0,0.60497070534,0.347757637499,0.938053539343
163.056,332.904,128.0,0.60497070534,0.347757637499,0.938053539343
164.349,335.815,128.0,0.60497070534,0.347757637499,0.938053539343
165.003,339.077,128.0,0.60497070534,0.347757637499,0.938053539343
167.232,341.744,128.0,0.60497070534,0.347757637499,0.938053539343
169.048,344.666,128.0,0.60497070534,0.347757637499,0.938053539343
169.136,348.091,128.0,0.60497070534,0.347757637499,0.938053539343
171.576,350.518,128.0,0.60497070534,0.347757637499,0.938053539343
173.581,353.123,128.0,0.60497070534,0.347757637499,0.938053539343
174.273,356.272,128.0,0.60497070534,0.347757637499,0.938053539343
176.793,358.666,128.0,0.60497070534,0.347757637499,0.938053539343
179.264,361.071,128.0,0.60497070534,0.347757637499,0.938053539343
180.819,364.129,128.0,0.60497070534,0.347757637499,0.938053539343
182.252,366.971,128.0,0.60497070534,0.347757637499,0.938053539343
183.728,369.794,128.0,0.60497070534,0.347757637499,0.938053539343
186.292,372.129,128.0,0.60497070534,0.347757637499,0.938053539343
187.802,374.316,128.0,0.60497070534,0.347757637499,0.938053539343
189.169,376.781,128.0,0.60497070534,0.347757637499,0.938053539343
192.332,378.509,128.0,0.60497070534,0.347757637499,0.938053539343
194.648,380.729,128.0,0.60497070534,0.347757637499,0.938053539343
197.509,381.971,128.0,0.60497070534,0.347757637499,0.938053539343
200.818,382.414,128.0,0.60497070534,0.347757637499,0.938053539343
204.474,382.233,128.0,0.60497070534,0.347757637499,0.938053539343
208.38,381.609,128.0,0.60497070534,0.347757637499,0.938053539343
212.434,380.717,128.0,0.60497070534,0.347757637499,0.938053539343
