270.977,665.287,128.0,0.795439398097,0.473813528713,0.879504828594
273.97,661.87,128.0,0.795439398097,0.473813528713,0.879504828594
276.108,657.812,128.0,0.795439398097,0.473813528713,0.879504828594
278.703,654.213,128.0,0.795439398097,0.473813528713,0.879504828594
280.695,650.471,128.0,0.795439398097,0.473813528713,0.879504828594
281.608,646.102,128.0,0.795439398097,0.473813528713,0.879504828594
280.543,641.974,128.0,0.795439398097,0.473813528713,0.879504828594
277.45,638.643,128.0,0.795439398097,0.473813528713,0.879504828594
274.794,635.04,128.0,0.795439398097,0.473813528713,0.879504828594
273.896,630.84,128.0,0.795439398097,0.473813528713,0.879504828594
273.95,626.302,128.0,0.795439398097,0.473813528713,0.879504828594
275.291,622.286,128.0,0.795439398097,0.473813528713,0.879504828594
277.092,618.459,128.0,0.795439398097,0.473813528713,0.879504828594
278.422,614.294,128.0,0.795439398097,0.473813528713,0.879504828594
279.714,610.053,128.0,0.795439398097,0.473813528713,0.879504828594
280.605,605.699,128.0,0.795439398097,0.473813528713,0.879504828594
280.011,601.279,128.0,0.795439398097,0.473813528713,0.879504828594
278.911,596.968,128.0,0.795439398097,0.473813528713,0.879504828594
276.857,592.877,128.0,0.795439398097,0.473813528713,0.879504828594
274.792,588.794,128.0,0.795439398097,0.473813528713,0.879504828594
272.062,585.199,128.0,0.795439398097,0.473813528713,0.879504828594
269.974,581.142,128.0,0.795439398097,0.473813528713,0.879504828594
267.207,577.578,128.0,0.795439398097,0.473813528713,0.879504828594
264.219,574.435,128.0,0.795439398097,0.473813528713,0.879504828594
261.845,570.521,128.0,0.795439398097,0.473813528713,0.879504828594
258.781,567.176,128.0,0.795439398097,0.473813528713,0.879504828594
256.213,563.465,128.0,0.795439398097,0.473813528713,0.879504828594
253.542,559.827,128.0,0.795439398097,0.473813528713,0.879504828594
250.795,556.171,128.0,0.795439398097,0.473813528713,0.879504828594
248.015,552.611,128.0,0.795439398097,0.473813528713,0.879504828594
244.788,549.374,128.0,0.795439398097,0.473813528713,0.879504828594
242.297,545.607,128.0,0.795439398097,0.473813528713,0.879504828594
238.987,542.431,128.0,0.795439398097,0.473813528713,0.879504828594
235.667,539.261,128.0,0.795439398097,0.473813528713,0.879504828594
233.054,535.582,128.0,0.795439398097,0.473813528713,0.879504828594
230.451,531.896,128.0,0.795439398097,0.473813528713,0.879504828594
227.936,528.146,128.0,0.795439398097,0.473813528713,0.879504828594
225.947,524.017,128.0,0.795439398097,0.473813528713,0.879504828594
223.506,520.214,128.0,0.795439398097,0.473813528713,0.879504828594
221.178,516.33,128.0,0.795439398097,0.473813528713,0.879504828594
219.112,512.254,128.0,0.795439398097,0.473813528713,0.879504828594
217.729,507.907,128.0,0.795439398097,0.473813528713,0.879504828594
216.636,503.487,128.0,0.795439398097,0.473813528713,0.879504828594
215.528,499.179,128.0,0.795439398097,0.473813528713,0.879504828594
215.054,494.72,128.0,0.795439398097,0.473813528713,0.879504828594
213.991,490.4,128.0,0.795439398097,0.473813528713,0.879504828594
211.93,486.316,128.0,0.795439398097,0.473813528713,0.879504828594
210.169,482.142,128.0,0.795439398097,0.473813528713,0.879504828594
208.327,478.211,128.0,0.795439398097,0.473813528713,0.879504828594
205.689,474.52,128.0,0.795439398097,0.473813528713,0.879504828594
202.953,471.327,128.0,0.795439398097,0.473813528713,0.879504828594
198.867,469.349,128.0,0.795439398097,0.473813528713,0.879504828594
194.576,468.152,128.0,0.795439398097,0.473813528713,0.879504828594
190.229,467.268,128.0,0.795439398097,0.473813528713,0.879504828594
185.561,466.998,128.0,0.795439398097,0.473813528713,0.879504828594
182.999,470.289,128.0,0.795439398097,0.473813528713,0.879504828594
181.767,474.688,128.0,0.795439398097,0.473813528713,0.879504828594
181.199,479.173,128.0,0.795439398097,0.473813528713,0.879504828594
180.08,483.562,128.0,0.795439398097,0.473813528713,0.879504828594
180.186,488.151,128.0,0.795439398097,0.473813528713,0.879504828594
180.201,492.718,128.0,0.795439398097,0.473813528713,0.879504828594
180.204,497.289,128.0,0.795439398097,0.473813528713,0.879504828594
181.547,501.656,128.0,0.795439398097,0.473813528713,0.879504828594
182.17,506.195,128.0,0.795439398097,0.473813528713,0.879504828594
183.381,510.602,128.0,0.795439398097,0.473813528713,0.879504828594
184.625,514.997,128.0,0.795439398097,0.473813528713,0.879504828594
185.972,519.363,128.0,0.795439398097,0.473813528713,0.879504828594
187.112,523.789,128.0,0.795439398097,0.473813528713,0.879504828594
188.449,528.157,128.0,0.795439398097,0.473813528713,0.879504828594
189.516,532.604,128.0,0.795439398097,0.473813528713,0.879504828594
190.637,537.036,128.0,0.795439398097,0.473813528713,0.879504828594
191.694,541.478,128.0,0.795439398097,0.473813528713,0.879504828594
192.87,545.905,128.0,0.795439398097,0.473813528713,0.879504828594
193.79,550.363,128.0,0.795439398097,0.473813528713,0.879504828594
193.596,554.958,128.0,0.795439398097,0.473813528713,0.879504828594
194.328,559.44,128.0,0.795439398097,0.473813528713,0.879504828594
194.705,563.964,128.0,0.795439398097,0.473813528713,0.879504828594
194.66,568.537,128.0,0.795439398097,0.473813528713,0.879504828594
194.804,573.145,128.0,0.795439398097,0.473813528713,0.879504828594
193.297,577.355,128.0,0.795439398097,0.473813528713,0.879504828594
191.297,581.507,128.0,0.795439398097,0.473813528713,0.879504828594
189.896,585.854,128.0,0.795439398097,0.473813528713,0.879504828594
188.449,590.19,128.0,0.795439398097,0.473813528713,0.879504828594
187.01,594.529,128.0,0.795439398097,0.473813528713,0.879504828594
185.672,598.903,128.0,0.795439398097,0.473813528713,0.879504828594
184.242,603.203,128.0,0.795439398097,0.473813528713,0.879504828594
182.251,607.357,128.0,0.795439398097,0.473813528713,0.879504828594
181.837,611.846,128.0,0.795439398097,0.473813528713,0.879504828594
180.318,616.145,128.0,0.795439398097,0.473813528713,0.879504828594
180.135,620.744,128.0,0.795439398097,0.473813528713,0.879504828594
179.914,625.259,128.0,0.795439398097,0.473813528713,0.879504828594
179.23,629.667,128.0,0.795439398097,0.473813528713,0.879504828594
179.045,634.273,128.0,0.795439398097,0.473813528713,0.879504828594
180.242,638.566,128.0,0.795439398097,0.473813528713,0.879504828594
180.822,643.046,128.0,0.795439398097,0.473813528713,0.879504828594
182.1,647.411,128.0,0.795439398097,0.473813528713,0.879504828594
184.487,651.162,128.0,0.795439398097,0.473813528713,0.879504828594
186.62,655.215,128.0,0.795439398097,0.473813528713,0.879504828594
190.207,657.899,128.0,0.795439398097,0.473813528713,0.879504828594
193.441,661.138,128.0,0.795439398097,0.473813528713,0.879504828594
196.997,663.572,128.0,0.795439398097,0.473813528713,0.879504828594
200.604,666.33,128.0,0.795439398097,0.473813528713,0.879504828594
204.31,668.917,128.0,0.795439398097,0.473813528713,0.879504828594
207.355,672.299,128.0,0.795439398097,0.473813528713,0.879504828594
210.688,674.976,128.0,0.795439398097,0.473813528713,0.879504828594
214.323,676.948,128.0,0.795439398097,0.473813528713,0.879504828594
218.236,678.271,128.0,0.795439398097,0.473813528713,0.879504828594
222.403,679.001,128.0,0.795439398097,0.473813528713,0.879504828594
226.799,679.195,128.0,0.795439398097,0.473813528713,0.879504828594
231.401,678.91,128.0,0.795439398097,0.473813528713,0.879504828594
236.184,678.201,128.0,0.795439398097,0.473813528713,0.879504828594
241.123,677.126,128.0,0.795439398097,0.473813528713,0.879504828594
246.196,675.74,128.0,0.795439398097,0.473813528713,0.879504828594
251.377,674.1,128.0,0.795439398097,0.473813528713,0.879504828594
256.643,672.263,128.0,0.795439398097,0.473813528713,0.879504828594
261.97,670.285,128.0,0.795439398097,0.473813528713,0.879504828594
267.332,668.222,128.0,0.795439398097,0.473813528713,0.879504828594
