187.454,578.735,131.0,0.795439398097,0.473813528713,0.879504828594
185.61,582.258,131.0,0.795439398097,0.473813528713,0.879504828594
185.106,586.166,131.0,0.795439398097,0.473813528713,0.879504828594
184.446,590.022,131.0,0.795439398097,0.473813528713,0.879504828594
183.573,593.943,131.0,0.795439398097,0.473813528713,0.879504828594
183.353,597.932,131.0,0.795439398097,0.473813528713,0.879504828594
182.345,601.772,131.0,0.795439398097,0.473813528713,0.879504828594
182.117,605.742,131.0,0.795439398097,0.473813528713,0.879504828594
182.099,609.745,131.0,0.795439398097,0.473813528713,0.879504828594
181.01,613.612,131.0,0.795439398097,0.473813528713,0.879504828594
180.567,617.526,131.0,0.795439398097,0.473813528713,0.879504828594
179.769,621.345,131.0,0.795439398097,0.473813528713,0.879504828594
179.738,625.345,131.0,0.795439398097,0.473813528713,0.879504828594
179.358,629.261,131.0,0.795439398097,0.473813528713,0.879504828594
178.604,633.09,131.0,0.795439398097,0.473813528713,0.879504828594
178.582,637.091,131.0,0.795439398097,0.473813528713,0.879504828594
178.605,641.102,131.0,0.795439398097,0.473813528713,0.879504828594
178.607,645.107,131.0,0.795439398097,0.473813528713,0.879504828594
178.834,649.066,131.0,0.795439398097,0.473813528713,0.879504828594
181.12,652.425,131.0,0.795439398097,0.473813528713,0.879504828594
182.97,655.966,131.0,0.795439398097,0.473813528713,0.879504828594
185.71,658.867,131.0,0.795439398097,0.473813528713,0.879504828594
188.552,661.689,131.0,0.795439398097,0.473813528713,0.879504828594
191.667,664.138,131.0,0.795439398097,0.473813528713,0.879504828594
194.644,666.817,131.0,0.795439398097,0.473813528713,0.879504828594
198.032,668.282,131.0,0.795439398097,0.473813528713,0.879504828594
201.856,669.239,131.0,0.795439398097,0.473813528713,0.879504828594
205.768,669.484,131.0,0.795439398097,0.473813528713,0.879504828594
209.387,670.421,131.0,0.795439398097,0.473813528713,0.879504828594
213.378,670.437,131.0,0.795439398097,0.473813528713,0.879504828594
217.267,671.416,131.0,0.795439398097,0.473813528713,0.879504828594
221.247,671.617,131.0,0.795439398097,0.473813528713,0.879504828594
225.252,671.628,131.0,0.795439398097,0.473813528713,0.879504828594
229.259,671.627,131.0,0.795439398097,0.473813528713,0.879504828594
233.265,671.627,131.0,0.795439398097,0.473813528713,0.879504828594
237.271,671.627,131.0,0.795439398097,0.473813528713,0.879504828594
241.277,671.624,131.0,0.795439398097,0.473813528713,0.879504828594
245.287,671.633,131.0,0.795439398097,0.473813528713,0.879504828594
248.69,670.229,131.0,0.795439398097,0.473813528713,0.879504828594
252.605,669.601,131.0,0.795439398097,0.473813528713,0.879504828594
256.297,668.694,131.0,0.795439398097,0.473813528713,0.879504828594
259.846,667.198,131.0,0.795439398097,0.473813528713,0.879504828594
263.538,666.333,131.0,0.795439398097,0.473813528713,0.879504828594
266.748,664.453,131.0,0.795439398097,0.473813528713,0.879504828594
269.621,661.419,131.0,0.795439398097,0.473813528713,0.879504828594
271.677,658.276,131.0,0.795439398097,0.473813528713,0.879504828594
273.373,654.972,131.0,0.795439398097,0.473813528713,0.879504828594
273.868,651.17,131.0,0.795439398097,0.473813528713,0.879504828594
274.363,647.369,131.0,0.795439398097,0.473813528713,0.879504828594
275.565,643.861,131.0,0.795439398097,0.473813528713,0.879504828594
275.618,639.876,131.0,0.795439398097,0.473813528713,0.879504828594
275.619,635.87,131.0,0.795439398097,0.473813528713,0.879504828594
275.619,631.864,131.0,0.795439398097,0.473813528713,0.879504828594
275.554,627.83,131.0,0.795439398097,0.473813528713,0.879504828594
276.699,624.298,131.0,0.795439398097,0.473813528713,0.879504828594
277.911,620.794,131.0,0.795439398097,0.473813528713,0.879504828594
277.957,616.806,131.0,0.795439398097,0.473813528713,0.879504828594
277.971,612.794,131.0,0.795439398097,0.473813528713,0.879504828594
278.111,608.731,131.0,0.795439398097,0.473813528713,0.879504828594
276.645,605.342,131.0,0.795439398097,0.473813528713,0.879504828594
275.646,601.534,131.0,0.795439398097,0.473813528713,0.879504828594
273.81,597.96,131.0,0.795439398097,0.473813528713,0.879504828594
272.062,594.366,131.0,0.795439398097,0.473813528713,0.879504828594
269.879,591.065,131.0,0.795439398097,0.473813528713,0.879504828594
267.595,587.836,131.0,0.795439398097,0.473813528713,0.879504828594
265.821,584.24,131.0,0.795439398097,0.473813528713,0.879504828594
264.024,580.66,131.0,0.795439398097,0.473813528713,0.879504828594
261.981,577.258,131.0,0.795439398097,0.473813528713,0.879504828594
259.412,574.234,131.0,0.795439398097,0.473813528713,0.879504828594
257.814,570.511,131.0,0.795439398097,0.473813528713,0.879504828594
255.988,566.953,131.0,0.795439398097,0.473813528713,0.879504828594
254.039,563.484,131.0,0.795439398097,0.473813528713,0.879504828594
251.476,560.445,131.0,0.795439398097,0.473813528713,0.879504828594
250.16,556.652,131.0,0.795439398097,0.473813528713,0.879504828594
248.331,553.118,131.0,0.795439398097,0.473813528713,0.879504828594
245.746,550.109,131.0,0.795439398097,0.473813528713,0.879504828594
244.059,546.45,131.0,0.795439398097,0.473813528713,0.879504828594
242.225,542.897,131.0,0.795439398097,0.473813528713,0.879504828594
240.437,539.311,131.0,0.795439398097,0.473813528713,0.879504828594
238.644,535.728,131.0,0.795439398097,0.473813528713,0.879504828594
236.85,532.145,131.0,0.795439398097,0.473813528713,0.879504828594
235.093,528.554,131.0,0.795439398097,0.473813528713,0.879504828594
233.489,524.926,131.0,0.795439398097,0.473813528713,0.879504828594
232.82,521.077,131.0,0.795439398097,0.473813528713,0.879504828594
230.732,517.564,131.0,0.795439398097,0.473813528713,0.879504828594
228.896,513.991,131.0,0.795439398097,0.473813528713,0.879504828594
228.295,510.126,131.0,0.795439398097,0.473813528713,0.879504828594
226.383,506.571,131.0,0.795439398097,0.473813528713,0.879504828594
225.373,502.812,131.0,0.795439398097,0.473813528713,0.879504828594
223.687,499.279,131.0,0.795439398097,0.473813528713,0.879504828594
221.151,496.088,131.0,0.795439398097,0.473813528713,0.879504828594
220.79,492.049,131.0,0.795439398097,0.473813528713,0.879504828594
218.333,489.067,131.0,0.795439398097,0.473813528713,0.879504828594
217.105,485.569,131.0,0.795439398097,0.473813528713,0.879504828594
214.147,482.801,131.0,0.795439398097,0.473813528713,0.879504828594
212.047,479.46,131.0,0.795439398097,0.473813528713,0.879504828594
208.822,477.506,131.0,0.795439398097,0.473813528713,0.879504828594
205.313,476.307,131.0,0.795439398097,0.473813528713,0.879504828594
201.74,475.346,131.0,0.795439398097,0.473813528713,0.879504828594
197.548,474.735,131.0,0.795439398097,0.473813528713,0.879504828594
194.269,476.505,131.0,0.795439398097,0.473813528713,0.879504828594
191.379,477.603,131.0,0.795439398097,0.473813528713,0.879504828594
189.192,480.959,131.0,0.795439398097,0.473813528713,0.879504828594
187.926,484.645,131.0,0.795439398097,0.473813528713,0.879504828594
186.189,488.244,131.0,0.795439398097,0.473813528713,0.879504828594
184.443,491.842,131.0,0.795439398097,0.473813528713,0.879504828594
183.176,495.318,131.0,0.795439398097,0.473813528713,0.879504828594
183.297,499.374,131.0,0.795439398097,0.473813528713,0.879504828594
183.281,503.373,131.0,0.795439398097,0.473813528713,0.879504828594
183.277,507.378,131.0,0.795439398097,0.473813528713,0.879504828594
183.277,511.385,131.0,0.795439398097,0.473813528713,0.879504828594
183.277,515.391,131.0,0.795439398097,0.473813528713,0.879504828594
183.279,519.397,131.0,0.795439398097,0.473813528713,0.879504828594
183.282,523.403,131.0,0.795439398097,0.473813528713,0.879504828594
183.194,527.43,131.0,0.795439398097,0.473813528713,0.879504828594
184.564,531.114,131.0,0.795439398097,0.473813528713,0.879504828594
184.49,535.141,131.0,0.795439398097,0.473813528713,0.879504828594
185.537,539.019,131.0,0.795439398097,0.473813528713,0.879504828594
185.604,543.017,131.0,0.795439398097,0.473813528713,0.879504828594
185.614,547.022,131.0,0.795439398097,0.473813528713,0.879504828594
185.616,551.029,131.0,0.795439398097,0.473813528713,0.879504828594
185.618,555.035,131.0,0.795439398097,0.473813528713,0.879504828594
185.764,559.034,131.0,0.795439398097,0.473813528713,0.879504828594
186.077,563.024,131.0,0.795439398097,0.473813528713,0.879504828594
186.52,567.007,131.0,0.795439398097,0.473813528713,0.879504828594
187.056,570.985,131.0,0.795439398097,0.473813528713,0.879504828594
187.648,574.96,131.0,0.795439398097,0.473813528713,0.879504828594
