205.808,404.781,131.0,0.60497070534,0.347757637499,0.938053539343
207.188,401.463,131.0,0.60497070534,0.347757637499,0.938053539343
208.376,398.063,131.0,0.60497070534,0.347757637499,0.938053539343
210.609,395.241,131.0,0.60497070534,0.347757637499,0.938053539343
212.812,392.315,131.0,0.60497070534,0.347757637499,0.938053539343
213.713,388.892,131.0,0.60497070534,0.347757637499,0.938053539343
214.334,385.323,131.0,0.60497070534,0.347757637499,0.938053539343
215.936,383.286,131.0,0.60497070534,0.347757637499,0.938053539343
217.416,380.235,131.0,0.60497070534,0.347757637499,0.938053539343
218.912,377.207,131.0,0.60497070534,0.347757637499,0.938053539343
219.51,373.623,131.0,0.60497070534,0.347757637499,0.938053539343
220.311,370.122,131.0,0.60497070534,0.347757637499,0.938053539343
221.313,366.714,131.0,0.60497070534,0.347757637499,0.938053539343
221.791,363.176,131.0,0.60497070534,0.347757637499,0.938053539343
221.9,359.571,131.0,0.60497070534,0.347757637499,0.938053539343
223.248,356.481,131.0,0.60497070534,0.347757637499,0.938053539343
223.293,352.851,131.0,0.60497070534,0.347757637499,0.938053539343
223.271,349.194,131.0,0.60497070534,0.347757637499,0.938053539343
223.267,345.544,131.0,0.60497070534,0.347757637499,0.938053539343
223.249,341.891,131.0,0.60497070534,0.347757637499,0.938053539343
223.667,338.342,131.0,0.60497070534,0.347757637499,0.938053539343
224.842,334.968,131.0,0.60497070534,0.347757637499,0.938053539343
224.659,331.264,131.0,0.60497070534,0.347757637499,0.938053539343
224.661,327.617,131.0,0.60497070534,0.347757637499,0.938053539343
226.202,324.607,131.0,0.60497070534,0.347757637499,0.938053539343
227.699,321.579,131.0,0.60497070534,0.347757637499,0.938053539343
227.555,317.884,131.0,0.60497070534,0.347757637499,0.938053539343
228.972,314.577,131.0,0.60497070534,0.347757637499,0.938053539343
230.605,311.314,131.0,0.60497070534,0.347757637499,0.938053539343
230.45,307.501,131.0,0.60497070534,0.347757637499,0.938053539343
231.113,303.833,131.0,0.60497070534,0.347757637499,0.938053539343
233.533,301.121,131.0,0.60497070534,0.347757637499,0.938053539343
233.373,297.318,131.0,0.60497070534,0.347757637499,0.938053539343
234.979,295.278,131.0,0.60497070534,0.347757637499,0.938053539343
234.968,291.63,131.0,0.60497070534,0.347757637499,0.938053539343
235.644,288.07,131.0,0.60497070534,0.347757637499,0.938053539343
237.533,284.837,131.0,0.60497070534,0.347757637499,0.938053539343
237.749,281.202,131.0,0.60497070534,0.347757637499,0.938053539343
239.685,278.398,131.0,0.60497070534,0.347757637499,0.938053539343
239.562,274.766,131.0,0.60497070534,0.347757637499,0.938053539343
240.723,272.33,131.0,0.60497070534,0.347757637499,0.938053539343
242.635,269.5,131.0,0.60497070534,0.347757637499,0.938053539343
242.351,265.706,131.0,0.60497070534,0.347757637499,0.938053539343
243.711,262.3,131.0,0.60497070534,0.347757637499,0.938053539343
244.892,259.114,131.0,0.60497070534,0.347757637499,0.938053539343
245.316,255.639,131.0,0.60497070534,0.347757637499,0.938053539343
246.64,252.539,131.0,0.60497070534,0.347757637499,0.938053539343
248.268,249.565,131.0,0.60497070534,0.347757637499,0.938053539343
248.003,245.807,131.0,0.60497070534,0.347757637499,0.938053539343
249.668,242.848,131.0,0.60497070534,0.347757637499,0.938053539343
251.039,239.767,131.0,0.60497070534,0.347757637499,0.938053539343
251.095,236.142,131.0,0.60497070534,0.347757637499,0.938053539343
251.089,232.491,131.0,0.60497070534,0.347757637499,0.938053539343
251.088,228.842,131.0,0.60497070534,0.347757637499,0.938053539343
251.088,225.194,131.0,0.60497070534,0.347757637499,0.938053539343
251.088,221.545,131.0,0.60497070534,0.347757637499,0.938053539343
251.088,217.897,131.0,0.60497070534,0.347757637499,0.938053539343
251.088,214.248,131.0,0.60497070534,0.347757637499,0.938053539343
251.088,210.599,131.0,0.60497070534,0.347757637499,0.938053539343
251.088,206.951,131.0,0.60497070534,0.347757637499,0.938053539343
251.088,203.302,131.0,0.60497070534,0.347757637499,0.938053539343
251.089,199.654,131.0,0.60497070534,0.347757637499,0.938053539343
251.092,196.007,131.0,0.60497070534,0.347757637499,0.938053539343
251.071,192.349,131.0,0.60497070534,0.347757637499,0.938053539343
251.12,188.721,131.0,0.60497070534,0.347757637499,0.938053539343
251.362,185.173,131.0,0.60497070534,0.347757637499,0.938053539343
252.687,182.073,131.0,0.60497070534,0.347757637499,0.938053539343
252.554,178.37,131.0,0.60497070534,0.347757637499,0.938053539343
252.558,174.718,131.0,0.60497070534,0.347757637499,0.938053539343
252.62,171.044,131.0,0.60497070534,0.347757637499,0.938053539343
251.112,168.021,131.0,0.60497070534,0.347757637499,0.938053539343
249.622,164.989,131.0,0.60497070534,0.347757637499,0.938053539343
246.876,162.475,131.0,0.60497070534,0.347757637499,0.938053539343
246.18,158.984,131.0,0.60497070534,0.347757637499,0.938053539343
243.758,156.212,131.0,0.60497070534,0.347757637499,0.938053539343
242.274,153.178,131.0,0.60497070534,0.347757637499,0.938053539343
239.36,150.796,131.0,0.60497070534,0.347757637499,0.938053539343
235.987,149.993,131.0,0.60497070534,0.347757637499,0.938053539343
232.781,148.923,131.0,0.60497070534,0.347757637499,0.938053539343
229.142,148.898,131.0,0.60497070534,0.347757637499,0.938053539343
225.736,147.873,131.0,0.60497070534,0.347757637499,0.938053539343
222.184,147.473,131.0,0.60497070534,0.347757637499,0.938053539343
218.536,147.41,131.0,0.60497070534,0.347757637499,0.938053539343
214.856,147.343,131.0,0.60497070534,0.347757637499,0.938053539343
211.867,148.937,131.0,0.60497070534,0.347757637499,0.938053539343
208.208,148.912,131.0,0.60497070534,0.347757637499,0.938053539343
204.88,149.709,131.0,0.60497070534,0.347757637499,0.938053539343
201.409,150.253,131.0,0.60497070534,0.347757637499,0.938053539343
199.366,152.006,131.0,0.60497070534,0.347757637499,0.938053539343
196.901,154.775,131.0,0.60497070534,0.347757637499,0.938053539343
193.933,156.29,131.0,0.60497070534,0.347757637499,0.938053539343
192.951,159.81,131.0,0.60497070534,0.347757637499,0.938053539343
192.596,163.338,131.0,0.60497070534,0.347757637499,0.938053539343
191.041,166.344,131.0,0.60497070534,0.347757637499,0.938053539343
190.092,169.772,131.0,0.60497070534,0.347757637499,0.938053539343
189.7,173.344,131.0,0.60497070534,0.347757637499,0.938053539343
188.061,176.315,131.0,0.60497070534,0.347757637499,0.938053539343
186.795,179.439,131.0,0.60497070534,0.347757637499,0.938053539343
186.645,183.026,131.0,0.60497070534,0.347757637499,0.938053539343
185.808,186.328,131.0,0.60497070534,0.347757637499,0.938053539343
185.206,189.728,131.0,0.60497070534,0.347757637499,0.938053539343
184.585,193.28,131.0,0.60497070534,0.347757637499,0.938053539343
182.222,196.042,131.0,0.60497070534,0.347757637499,0.938053539343
181.352,199.553,131.0,0.60497070534,0.347757637499,0.938053539343
178.987,202.313,131.0,0.60497070534,0.347757637499,0.938053539343
176.902,205.324,131.0,0.60497070534,0.347757637499,0.938053539343
175.639,208.425,131.0,0.60497070534,0.347757637499,0.938053539343
173.508,211.439,131.0,0.60497070534,0.347757637499,0.938053539343
173.291,215.02,131.0,0.60497070534,0.347757637499,0.938053539343
172.042,218.155,131.0,0.60497070534,0.347757637499,0.938053539343
171.547,221.684,131.0,0.60497070534,0.347757637499,0.938053539343
170.552,225.097,131.0,0.60497070534,0.347757637499,0.938053539343
169.077,228.397,131.0,0.60497070534,0.347757637499,0.938053539343
167.898,231.767,131.0,0.60497070534,0.347757637499,0.938053539343
167.637,235.354,131.0,0.60497070534,0.347757637499,0.938053539343
167.751,239.029,131.0,0.60497070534,0.347757637499,0.938053539343
166.243,242.322,131.0,0.60497070534,0.347757637499,0.938053539343
166.191,245.958,131.0,0.60497070534,0.347757637499,0.938053539343
166.173,249.602,131.0,0.60497070534,0.347757637499,0.938053539343
166.171,253.25,131.0,0.60497070534,0.347757637499,0.938053539343
166.171,256.899,131.0,0.60497070534,0.347757637499,0.938053539343
166.171,260.547,131.0,0.60497070534,0.347757637499,0.938053539343
166.171,264.196,131.0,0.60497070534,0.347757637499,0.938053539343
166.171,267.845,131.0,0.60497070534,0.347757637499,0.938053539343
166.171,271.493,131.0,0.60497070534,0.347757637499,0.938053539343
166.171,275.142,131.0,0.60497070534,0.347757637499,0.938053539343
166.171,278.79,131.0,0.60497070534,0.347757637499,0.938053539343
166.161,282.435,131.0,0.60497070534,0.347757637499,0.938053539343
165.475,285.803,131.0,0.60497070534,0.347757637499,0.938053539343
164.729,289.126,131.0,0.60497070534,0.347757637499,0.938053539343
163.234,292.431,131.0,0.60497070534,0.347757637499,0.938053539343
162.783,295.886,131.0,0.60497070534,0.347757637499,0.938053539343
161.158,298.87,131.0,0.60497070534,0.347757637499,0.938053539343
161.794,302.778,131.0,0.60497070534,0.347757637499,0.938053539343
161.756,306.411,131.0,0.60497070534,0.347757637499,0.938053539343
161.779,310.068,131.0,0.60497070534,0.347757637499,0.938053539343
161.763,313.723,131.0,0.60497070534,0.347757637499,0.938053539343
161.765,317.371,131.0,0.60497070534,0.347757637499,0.938053539343
163.307,320.381,131.0,0.60497070534,0.347757637499,0.938053539343
163.507,323.997,131.0,0.60497070534,0.347757637499,0.938053539343
164.709,327.464,131.0,0.60497070534,0.347757637499,0.938053539343
166.19,330.501,131.0,0.60497070534,0.347757637499,0.938053539343
167.258,333.896,131.0,0.60497070534,0.347757637499,0.938053539343
168.353,337.146,131.0,0.60497070534,0.347757637499,0.938053539343
170.267,340.247,131.0,0.60497070534,0.347757637499,0.938053539343
172.198,343.11,131.0,0.60497070534,0.347757637499,0.938053539343
172.571,346.736,131.0,0.60497070534,0.347757637499,0.938053539343
174.72,349.845,131.0,0.60497070534,0.347757637499,0.938053539343
175.633,353.169,131.0,0.60497070534,0.347757637499,0.938053539343
176.478,356.474,131.0,0.60497070534,0.347757637499,0.938053539343
177.307,359.931,131.0,0.60497070534,0.347757637499,0.938053539343
177.873,363.449,131.0,0.60497070534,0.347757637499,0.938053539343
177.912,367.088,131.0,0.60497070534,0.347757637499,0.938053539343
178.15,370.681,131.0,0.60497070534,0.347757637499,0.938053539343
179.369,374.042,131.0,0.60497070534,0.347757637499,0.938053539343
179.347,377.695,131.0,0.60497070534,0.347757637499,0.938053539343
179.348,381.344,131.0,0.60497070534,0.347757637499,0.938053539343
179.348,384.992,131.0,0.60497070534,0.347757637499,0.938053539343
179.348,388.641,131.0,0.60497070534,0.347757637499,0.938053539343
179.346,392.29,131.0,0.60497070534,0.347757637499,0.938053539343
179.336,395.942,131.0,0.60497070534,0.347757637499,0.938053539343
179.306,399.603,131.0,0.60497070534,0.347757637499,0.938053539343
180.934,402.563,131.0,0.60497070534,0.347757637499,0.938053539343
180.597,406.487,131.0,0.60497070534,0.347757637499,0.938053539343
182.179,408.526,131.0,0.60497070534,0.347757637499,0.938053539343
183.746,411.554,131.0,0.60497070534,0.347757637499,0.938053539343
186.793,412.081,131.0,0.60497070534,0.347757637499,0.938053539343
191.043,411.053,131.0,0.60497070534,0.347757637499,0.938053539343
194.806,410.042,131.0,0.60497070534,0.347757637499,0.938053539343
198.19,409.044,131.0,0.60497070534,0.347757637499,0.938053539343
201.303,408.055,131.0,0.60497070534,0.347757637499,0.938053539343
204.253,407.072,131.0,0.60497070534,0.347757637499,0.938053539343
