214.617,410.797,132.0,0.795439398097,0.473813528713,0.879504828594
215.046,407.278,132.0,0.795439398097,0.473813528713,0.879504828594
217.162,404.4,132.0,0.795439398097,0.473813528713,0.879504828594
217.415,400.745,132.0,0.795439398097,0.473813528713,0.879504828594
217.281,397.031,132.0,0.795439398097,0.473813528713,0.879504828594
218.914,395.081,132.0,0.795439398097,0.473813528713,0.879504828594
218.875,391.461,132.0,0.795439398097,0.473813528713,0.879504828594
218.881,387.885,132.0,0.795439398097,0.473813528713,0.879504828594
218.878,384.301,132.0,0.795439398097,0.473813528713,0.879504828594
218.878,380.719,132.0,0.795439398097,0.473813528713,0.879504828594
218.878,377.138,132.0,0.795439398097,0.473813528713,0.879504828594
218.878,373.556,132.0,0.795439398097,0.473813528713,0.879504828594
218.878,369.974,132.0,0.795439398097,0.473813528713,0.879504828594
218.88,366.393,132.0,0.795439398097,0.473813528713,0.879504828594
218.892,362.816,132.0,0.795439398097,0.473813528713,0.879504828594
220.297,359.817,132.0,0.795439398097,0.473813528713,0.879504828594
220.287,356.231,132.0,0.795439398097,0.473813528713,0.879504828594
221.172,353.017,132.0,0.795439398097,0.473813528713,0.879504828594
222.148,349.828,132.0,0.795439398097,0.473813528713,0.879504828594
221.952,346.152,132.0,0.795439398097,0.473813528713,0.879504828594
223.27,342.879,132.0,0.795439398097,0.473813528713,0.879504828594
224.6,339.61,132.0,0.795439398097,0.473813528713,0.879504828594
224.858,336.112,132.0,0.795439398097,0.473813528713,0.879504828594
226.182,333.079,132.0,0.795439398097,0.473813528713,0.879504828594
226.099,329.482,132.0,0.795439398097,0.473813528713,0.879504828594
227.617,326.258,132.0,0.795439398097,0.473813528713,0.879504828594
227.608,322.664,132.0,0.795439398097,0.473813528713,0.879504828594
229.225,319.752,132.0,0.795439398097,0.473813528713,0.879504828594
229.148,316.139,132.0,0.795439398097,0.473813528713,0.879504828594
230.413,313.081,132.0,0.795439398097,0.473813528713,0.879504828594
230.51,309.54,132.0,0.795439398097,0.473813528713,0.879504828594
232.141,306.634,132.0,0.795439398097,0.473813528713,0.879504828594
231.969,302.981,132.0,0.795439398097,0.473813528713,0.879504828594
233.561,300.059,132.0,0.795439398097,0.473813528713,0.879504828594
233.609,296.482,132.0,0.795439398097,0.473813528713,0.879504828594
234.945,293.198,132.0,0.795439398097,0.473813528713,0.879504828594
236.558,290.292,132.0,0.795439398097,0.473813528713,0.879504828594
237.076,286.828,132.0,0.795439398097,0.473813528713,0.879504828594
237.98,283.461,132.0,0.795439398097,0.473813528713,0.879504828594
239.334,280.441,132.0,0.795439398097,0.473813528713,0.879504828594
239.776,276.98,132.0,0.795439398097,0.473813528713,0.879504828594
240.731,273.569,132.0,0.795439398097,0.473813528713,0.879504828594
242.215,270.626,132.0,0.795439398097,0.473813528713,0.879504828594
243.671,267.647,132.0,0.795439398097,0.473813528713,0.879504828594
243.715,264.084,132.0,0.795439398097,0.473813528713,0.879504828594
245.336,261.173,132.0,0.795439398097,0.473813528713,0.879504828594
245.213,257.541,132.0,0.795439398097,0.473813528713,0.879504828594
245.417,254.044,132.0,0.795439398097,0.473813528713,0.879504828594
246.673,250.982,132.0,0.795439398097,0.473813528713,0.879504828594
246.716,247.418,132.0,0.795439398097,0.473813528713,0.879504828594
247.894,244.325,132.0,0.795439398097,0.473813528713,0.879504828594
248.462,240.978,132.0,0.795439398097,0.473813528713,0.879504828594
248.812,237.542,132.0,0.795439398097,0.473813528713,0.879504828594
249.511,234.249,132.0,0.795439398097,0.473813528713,0.879504828594
251.144,231.344,132.0,0.795439398097,0.473813528713,0.879504828594
251.094,227.742,132.0,0.795439398097,0.473813528713,0.879504828594
250.879,224.071,132.0,0.795439398097,0.473813528713,0.879504828594
252.626,221.213,132.0,0.795439398097,0.473813528713,0.879504828594
252.555,217.602,132.0,0.795439398097,0.473813528713,0.879504828594
252.551,214.019,132.0,0.795439398097,0.473813528713,0.879504828594
252.553,210.438,132.0,0.795439398097,0.473813528713,0.879504828594
252.553,206.856,132.0,0.795439398097,0.473813528713,0.879504828594
252.552,203.274,132.0,0.795439398097,0.473813528713,0.879504828594
252.559,199.694,132.0,0.795439398097,0.473813528713,0.879504828594
252.927,196.199,132.0,0.795439398097,0.473813528713,0.879504828594
254.312,192.945,132.0,0.795439398097,0.473813528713,0.879504828594
253.921,189.27,132.0,0.795439398097,0.473813528713,0.879504828594
254.596,185.848,132.0,0.795439398097,0.473813528713,0.879504828594
255.475,182.474,132.0,0.795439398097,0.473813528713,0.879504828594
255.483,178.894,132.0,0.795439398097,0.473813528713,0.879504828594
255.481,175.312,132.0,0.795439398097,0.473813528713,0.879504828594
255.487,171.728,132.0,0.795439398097,0.473813528713,0.879504828594
255.546,168.122,132.0,0.795439398097,0.473813528713,0.879504828594
254.016,165.174,132.0,0.795439398097,0.473813528713,0.879504828594
251.741,162.534,132.0,0.795439398097,0.473813528713,0.879504828594
249.119,160.038,132.0,0.795439398097,0.473813528713,0.879504828594
246.671,157.469,132.0,0.795439398097,0.473813528713,0.879504828594
245.031,154.534,132.0,0.795439398097,0.473813528713,0.879504828594
242.025,153.192,132.0,0.795439398097,0.473813528713,0.879504828594
239.576,150.488,132.0,0.795439398097,0.473813528713,0.879504828594
236.404,148.847,132.0,0.795439398097,0.473813528713,0.879504828594
233.486,147.359,132.0,0.795439398097,0.473813528713,0.879504828594
231.44,145.511,132.0,0.795439398097,0.473813528713,0.879504828594
228.517,144.011,132.0,0.795439398097,0.473813528713,0.879504828594
225.329,143.069,132.0,0.795439398097,0.473813528713,0.879504828594
221.758,143.044,132.0,0.795439398097,0.473813528713,0.879504828594
218.317,143.389,132.0,0.795439398097,0.473813528713,0.879504828594
215.835,146.051,132.0,0.795439398097,0.473813528713,0.879504828594
212.609,147.622,132.0,0.795439398097,0.473813528713,0.879504828594
209.415,149.265,132.0,0.795439398097,0.473813528713,0.879504828594
206.001,150.369,132.0,0.795439398097,0.473813528713,0.879504828594
202.939,151.629,132.0,0.795439398097,0.473813528713,0.879504828594
200.733,154.409,132.0,0.795439398097,0.473813528713,0.879504828594
198.702,157.308,132.0,0.795439398097,0.473813528713,0.879504828594
197.043,160.494,132.0,0.795439398097,0.473813528713,0.879504828594
193.922,162.18,132.0,0.795439398097,0.473813528713,0.879504828594
192.047,164.991,132.0,0.795439398097,0.473813528713,0.879504828594
190.405,167.322,132.0,0.795439398097,0.473813528713,0.879504828594
189.437,170.395,132.0,0.795439398097,0.473813528713,0.879504828594
188.797,173.938,132.0,0.795439398097,0.473813528713,0.879504828594
188.171,177.35,132.0,0.795439398097,0.473813528713,0.879504828594
186.878,180.633,132.0,0.795439398097,0.473813528713,0.879504828594
186.692,184.171,132.0,0.795439398097,0.473813528713,0.879504828594
185.151,187.115,132.0,0.795439398097,0.473813528713,0.879504828594
185.225,190.721,132.0,0.795439398097,0.473813528713,0.879504828594
184.217,194.137,132.0,0.795439398097,0.473813528713,0.879504828594
183.789,197.664,132.0,0.795439398097,0.473813528713,0.879504828594
182.649,200.956,132.0,0.795439398097,0.473813528713,0.879504828594
181.043,204.202,132.0,0.795439398097,0.473813528713,0.879504828594
178.6,206.858,132.0,0.795439398097,0.473813528713,0.879504828594
177.906,210.338,132.0,0.795439398097,0.473813528713,0.879504828594
176.423,213.305,132.0,0.795439398097,0.473813528713,0.879504828594
174.262,216.108,132.0,0.795439398097,0.473813528713,0.879504828594
172.123,218.951,132.0,0.795439398097,0.473813528713,0.879504828594
170.775,221.971,132.0,0.795439398097,0.473813528713,0.879504828594
169.094,224.852,132.0,0.795439398097,0.473813528713,0.879504828594
167.523,228.054,132.0,0.795439398097,0.473813528713,0.879504828594
166.245,231.095,132.0,0.795439398097,0.473813528713,0.879504828594
164.61,234.005,132.0,0.795439398097,0.473813528713,0.879504828594
164.899,237.706,132.0,0.795439398097,0.473813528713,0.879504828594
163.169,240.571,132.0,0.795439398097,0.473813528713,0.879504828594
163.24,244.183,132.0,0.795439398097,0.473813528713,0.879504828594
163.244,247.766,132.0,0.795439398097,0.473813528713,0.879504828594
163.238,251.348,132.0,0.795439398097,0.473813528713,0.879504828594
163.216,254.932,132.0,0.795439398097,0.473813528713,0.879504828594
163.559,258.464,132.0,0.795439398097,0.473813528713,0.879504828594
164.75,261.845,132.0,0.795439398097,0.473813528713,0.879504828594
164.523,265.507,132.0,0.795439398097,0.473813528713,0.879504828594
165.872,268.535,132.0,0.795439398097,0.473813528713,0.879504828594
166.103,272.021,132.0,0.795439398097,0.473813528713,0.879504828594
166.077,275.613,132.0,0.795439398097,0.473813528713,0.879504828594
167.726,278.511,132.0,0.795439398097,0.473813528713,0.879504828594
167.635,282.131,132.0,0.795439398097,0.473813528713,0.879504828594
167.761,285.744,132.0,0.795439398097,0.473813528713,0.879504828594
166.319,288.984,132.0,0.795439398097,0.473813528713,0.879504828594
166.327,292.567,132.0,0.795439398097,0.473813528713,0.879504828594
165.077,295.858,132.0,0.795439398097,0.473813528713,0.879504828594
164.907,299.426,132.0,0.795439398097,0.473813528713,0.879504828594
163.418,302.397,132.0,0.795439398097,0.473813528713,0.879504828594
163.262,305.914,132.0,0.795439398097,0.473813528713,0.879504828594
163.25,309.49,132.0,0.795439398097,0.473813528713,0.879504828594
163.491,313.172,132.0,0.795439398097,0.473813528713,0.879504828594
161.713,316.017,132.0,0.795439398097,0.473813528713,0.879504828594
161.799,319.634,132.0,0.795439398097,0.473813528713,0.879504828594
161.786,323.207,132.0,0.795439398097,0.473813528713,0.879504828594
161.803,326.779,132.0,0.795439398097,0.473813528713,0.879504828594
162.808,329.944,132.0,0.795439398097,0.473813528713,0.879504828594
163.241,333.347,132.0,0.795439398097,0.473813528713,0.879504828594
163.589,336.79,132.0,0.795439398097,0.473813528713,0.879504828594
164.939,339.747,132.0,0.795439398097,0.473813528713,0.879504828594
166.082,342.117,132.0,0.795439398097,0.473813528713,0.879504828594
167.597,345.014,132.0,0.795439398097,0.473813528713,0.879504828594
169.058,347.988,132.0,0.795439398097,0.473813528713,0.879504828594
171.179,350.812,132.0,0.795439398097,0.473813528713,0.879504828594
173.309,353.644,132.0,0.795439398097,0.473813528713,0.879504828594
174.963,356.808,132.0,0.795439398097,0.473813528713,0.879504828594
176.454,359.75,132.0,0.795439398097,0.473813528713,0.879504828594
177.886,362.007,132.0,0.795439398097,0.473813528713,0.879504828594
180.255,364.769,132.0,0.795439398097,0.473813528713,0.879504828594
181.564,367.806,132.0,0.795439398097,0.473813528713,0.879504828594
182.714,370.943,132.0,0.795439398097,0.473813528713,0.879504828594
183.716,374.353,132.0,0.795439398097,0.473813528713,0.879504828594
185.163,376.486,132.0,0.795439398097,0.473813528713,0.879504828594
185.218,380.021,132.0,0.795439398097,0.473813528713,0.879504828594
186.576,383.039,132.0,0.795439398097,0.473813528713,0.879504828594
186.611,386.607,132.0,0.795439398097,0.473813528713,0.879504828594
186.693,390.154,132.0,0.795439398097,0.473813528713,0.879504828594
188.002,393.194,132.0,0.795439398097,0.473813528713,0.879504828594
188.082,396.746,132.0,0.795439398097,0.473813528713,0.879504828594
189.607,399.748,132.0,0.795439398097,0.473813528713,0.879504828594
191.966,401.275,132.0,0.795439398097,0.473813528713,0.879504828594
194.108,404.46,132.0,0.795439398097,0.473813528713,0.879504828594
196.771,406.843,132.0,0.795439398097,0.473813528713,0.879504828594
199.9,408.506,132.0,0.795439398097,0.473813528713,0.879504828594
203.391,409.611,132.0,0.795439398097,0.473813528713,0.879504828594
207.14,410.315,132.0,0.795439398097,0.473813528713,0.879504828594
211.044,410.78,132.0,0.795439398097,0.473813528713,0.879504828594
