249.395,676.1,137.0,0.60497070534,0.347757637499,0.938053539343
255.036,673.1,137.0,0.60497070534,0.347757637499,0.938053539343
258.953,669.065,137.0,0.60497070534,0.347757637499,0.938053539343
264.279,665.724,137.0,0.60497070534,0.347757637499,0.938053539343
269.716,663.04,137.0,0.60497070534,0.347757637499,0.938053539343
274.402,659.861,137.0,0.60497070534,0.347757637499,0.938053539343
279.996,657.449,137.0,0.60497070534,0.347757637499,0.938053539343
285.097,653.875,137.0,0.60497070534,0.347757637499,0.938053539343
289.752,649.145,137.0,0.60497070534,0.347757637499,0.938053539343
294.993,645.286,137.0,0.60497070534,0.347757637499,0.938053539343
297.934,640.786,137.0,0.60497070534,0.347757637499,0.938053539343
297.934,634.219,137.0,0.60497070534,0.347757637499,0.938053539343
296.457,629.113,137.0,0.60497070534,0.347757637499,0.938053539343
293.723,623.654,137.0,0.60497070534,0.347757637499,0.938053539343
290.122,618.566,137.0,0.60497070534,0.347757637499,0.938053539343
286.446,613.508,137.0,0.60497070534,0.347757637499,0.938053539343
282.97,608.365,137.0,0.60497070534,0.347757637499,0.938053539343
280.262,602.641,137.0,0.60497070534,0.347757637499,0.938053539343
276.836,597.347,137.0,0.60497070534,0.347757637499,0.938053539343
272.649,593.506,137.0,0.60497070534,0.347757637499,0.938053539343
268.812,588.505,137.0,0.60497070534,0.347757637499,0.938053539343
265.712,583.209,137.0,0.60497070534,0.347757637499,0.938053539343
262.79,577.838,137.0,0.60497070534,0.347757637499,0.938053539343
258.311,573.128,137.0,0.60497070534,0.347757637499,0.938053539343
256.128,568.297,137.0,0.60497070534,0.347757637499,0.938053539343
252.559,564.023,137.0,0.60497070534,0.347757637499,0.938053539343
249.563,558.71,137.0,0.60497070534,0.347757637499,0.938053539343
246.973,553.199,137.0,0.60497070534,0.347757637499,0.938053539343
243.826,547.656,137.0,0.60497070534,0.347757637499,0.938053539343
240.603,542.087,137.0,0.60497070534,0.347757637499,0.938053539343
236.531,537.009,137.0,0.60497070534,0.347757637499,0.938053539343
233.563,531.392,137.0,0.60497070534,0.347757637499,0.938053539343
231.298,525.757,137.0,0.60497070534,0.347757637499,0.938053539343
228.795,519.736,137.0,0.60497070534,0.347757637499,0.938053539343
224.683,514.633,137.0,0.60497070534,0.347757637499,0.938053539343
223.06,508.723,137.0,0.60497070534,0.347757637499,0.938053539343
222.014,502.576,137.0,0.60497070534,0.347757637499,0.938053539343
220.207,496.744,137.0,0.60497070534,0.347757637499,0.938053539343
220.342,490.107,137.0,0.60497070534,0.347757637499,0.938053539343
220.342,483.526,137.0,0.60497070534,0.347757637499,0.938053539343
220.342,476.946,137.0,0.60497070534,0.347757637499,0.938053539343
220.731,470.526,137.0,0.60497070534,0.347757637499,0.938053539343
223.315,465.017,137.0,0.60497070534,0.347757637499,0.938053539343
224.793,458.671,137.0,0.60497070534,0.347757637499,0.938053539343
226.175,452.67,137.0,0.60497070534,0.347757637499,0.938053539343
226.199,446.099,137.0,0.60497070534,0.347757637499,0.938053539343
226.199,439.518,137.0,0.60497070534,0.347757637499,0.938053539343
226.2,432.937,137.0,0.60497070534,0.347757637499,0.938053539343
223.307,427.305,137.0,0.60497070534,0.347757637499,0.938053539343
221.847,421.318,137.0,0.60497070534,0.347757637499,0.938053539343
220.34,415.362,137.0,0.60497070534,0.347757637499,0.938053539343
218.202,409.549,137.0,0.60497070534,0.347757637499,0.938053539343
217.394,403.16,137.0,0.60497070534,0.347757637499,0.938053539343
215.857,397.211,137.0,0.60497070534,0.347757637499,0.938053539343
217.643,391.299,137.0,0.60497070534,0.347757637499,0.938053539343
217.413,384.622,137.0,0.60497070534,0.347757637499,0.938053539343
220.375,379.279,137.0,0.60497070534,0.347757637499,0.938053539343
222.481,373.068,137.0,0.60497070534,0.347757637499,0.938053539343
225.587,367.236,137.0,0.60497070534,0.347757637499,0.938053539343
227.545,361.345,137.0,0.60497070534,0.347757637499,0.938053539343
229.089,355.404,137.0,0.60497070534,0.347757637499,0.938053539343
230.603,349.45,137.0,0.60497070534,0.347757637499,0.938053539343
230.282,342.736,137.0,0.60497070534,0.347757637499,0.938053539343
232.06,336.892,137.0,0.60497070534,0.347757637499,0.938053539343
232.056,330.31,137.0,0.60497070534,0.347757637499,0.938053539343
232.573,323.793,137.0,0.60497070534,0.347757637499,0.938053539343
233.521,317.329,137.0,0.60497070534,0.347757637499,0.938053539343
233.519,310.748,137.0,0.60497070534,0.347757637499,0.938053539343
233.519,304.167,137.0,0.60497070534,0.347757637499,0.938053539343
233.55,297.594,137.0,0.60497070534,0.347757637499,0.938053539343
233.097,290.906,137.0,0.60497070534,0.347757637499,0.938053539343
234.976,284.769,137.0,0.60497070534,0.347757637499,0.938053539343
234.816,278.122,137.0,0.60497070534,0.347757637499,0.938053539343
236.673,272.245,137.0,0.60497070534,0.347757637499,0.938053539343
240.748,266.848,137.0,0.60497070534,0.347757637499,0.938053539343
242.218,260.858,137.0,0.60497070534,0.347757637499,0.938053539343
246.659,256.117,137.0,0.60497070534,0.347757637499,0.938053539343
249.055,250.529,137.0,0.60497070534,0.347757637499,0.938053539343
252.423,245.154,137.0,0.60497070534,0.347757637499,0.938053539343
254.28,239.271,137.0,0.60497070534,0.347757637499,0.938053539343
255.474,233.184,137.0,0.60497070534,0.347757637499,0.938053539343
257.034,227.25,137.0,0.60497070534,0.347757637499,0.938053539343
256.945,220.632,137.0,0.60497070534,0.347757637499,0.938053539343
256.94,214.054,137.0,0.60497070534,0.347757637499,0.938053539343
255.86,207.92,137.0,0.60497070534,0.347757637499,0.938053539343
255.728,201.394,137.0,0.60497070534,0.347757637499,0.938053539343
253.483,195.744,137.0,0.60497070534,0.347757637499,0.938053539343
254.005,188.947,137.0,0.60497070534,0.347757637499,0.938053539343
254.016,182.361,137.0,0.60497070534,0.347757637499,0.938053539343
255.143,176.043,137.0,0.60497070534,0.347757637499,0.938053539343
256.538,169.983,137.0,0.60497070534,0.347757637499,0.938053539343
258.951,164.402,137.0,0.60497070534,0.347757637499,0.938053539343
261.431,158.849,137.0,0.60497070534,0.347757637499,0.938053539343
264.214,153.421,137.0,0.60497070534,0.347757637499,0.938053539343
266.801,147.912,137.0,0.60497070534,0.347757637499,0.938053539343
267.13,141.516,137.0,0.60497070534,0.347757637499,0.938053539343
265.79,135.469,137.0,0.60497070534,0.347757637499,0.938053539343
262.798,131.871,137.0,0.60497070534,0.347757637499,0.938053539343
256.756,131.332,137.0,0.60497070534,0.347757637499,0.938053539343
250.435,131.95,137.0,0.60497070534,0.347757637499,0.938053539343
244.478,133.949,137.0,0.60497070534,0.347757637499,0.938053539343
237.968,134.257,137.0,0.60497070534,0.347757637499,0.938053539343
231.388,134.259,137.0,0.60497070534,0.347757637499,0.938053539343
224.792,134.222,137.0,0.60497070534,0.347757637499,0.938053539343
219.264,136.744,137.0,0.60497070534,0.347757637499,0.938053539343
213.506,139.992,137.0,0.60497070534,0.347757637499,0.938053539343
208.751,142.782,137.0,0.60497070534,0.347757637499,0.938053539343
204.824,146.771,137.0,0.60497070534,0.347757637499,0.938053539343
200.194,151.408,137.0,0.60497070534,0.347757637499,0.938053539343
197.003,155.789,137.0,0.60497070534,0.347757637499,0.938053539343
195.43,161.773,137.0,0.60497070534,0.347757637499,0.938053539343
194.046,167.78,137.0,0.60497070534,0.347757637499,0.938053539343
192.247,173.728,137.0,0.60497070534,0.347757637499,0.938053539343
188.96,179.096,137.0,0.60497070534,0.347757637499,0.938053539343
185.184,184.112,137.0,0.60497070534,0.347757637499,0.938053539343
183.356,190.065,137.0,0.60497070534,0.347757637499,0.938053539343
180.82,195.727,137.0,0.60497070534,0.347757637499,0.938053539343
177.955,201.384,137.0,0.60497070534,0.347757637499,0.938053539343
174.767,206.63,137.0,0.60497070534,0.347757637499,0.938053539343
173.556,212.986,137.0,0.60497070534,0.347757637499,0.938053539343
172.094,218.957,137.0,0.60497070534,0.347757637499,0.938053539343
170.221,224.858,137.0,0.60497070534,0.347757637499,0.938053539343
167.73,230.572,137.0,0.60497070534,0.347757637499,0.938053539343
165.278,236.136,137.0,0.60497070534,0.347757637499,0.938053539343
163.121,241.824,137.0,0.60497070534,0.347757637499,0.938053539343
162.107,247.984,137.0,0.60497070534,0.347757637499,0.938053539343
161.793,254.435,137.0,0.60497070534,0.347757637499,0.938053539343
160.326,260.405,137.0,0.60497070534,0.347757637499,0.938053539343
158.489,266.485,137.0,0.60497070534,0.347757637499,0.938053539343
156.918,272.418,137.0,0.60497070534,0.347757637499,0.938053539343
155.927,278.588,137.0,0.60497070534,0.347757637499,0.938053539343
155.922,285.167,137.0,0.60497070534,0.347757637499,0.938053539343
155.716,291.832,137.0,0.60497070534,0.347757637499,0.938053539343
157.595,297.684,137.0,0.60497070534,0.347757637499,0.938053539343
160.331,303.7,137.0,0.60497070534,0.347757637499,0.938053539343
161.925,309.622,137.0,0.60497070534,0.347757637499,0.938053539343
164.616,315.41,137.0,0.60497070534,0.347757637499,0.938053539343
166.233,321.336,137.0,0.60497070534,0.347757637499,0.938053539343
167.916,327.22,137.0,0.60497070534,0.347757637499,0.938053539343
169.113,333.304,137.0,0.60497070534,0.347757637499,0.938053539343
171.673,338.824,137.0,0.60497070534,0.347757637499,0.938053539343
172.92,345.095,137.0,0.60497070534,0.347757637499,0.938053539343
176.291,350.705,137.0,0.60497070534,0.347757637499,0.938053539343
178.772,356.355,137.0,0.60497070534,0.347757637499,0.938053539343
181.728,361.874,137.0,0.60497070534,0.347757637499,0.938053539343
184.326,367.387,137.0,0.60497070534,0.347757637499,0.938053539343
186.658,373.261,137.0,0.60497070534,0.347757637499,0.938053539343
189.522,378.648,137.0,0.60497070534,0.347757637499,0.938053539343
191.291,384.495,137.0,0.60497070534,0.347757637499,0.938053539343
191.061,391.171,137.0,0.60497070534,0.347757637499,0.938053539343
191.06,397.752,137.0,0.60497070534,0.347757637499,0.938053539343
191.117,404.346,137.0,0.60497070534,0.347757637499,0.938053539343
189.568,410.561,137.0,0.60497070534,0.347757637499,0.938053539343
189.585,417.144,137.0,0.60497070534,0.347757637499,0.938053539343
187.971,423.056,137.0,0.60497070534,0.347757637499,0.938053539343
188.131,429.703,137.0,0.60497070534,0.347757637499,0.938053539343
187.896,436.186,137.0,0.60497070534,0.347757637499,0.938053539343
186.649,442.251,137.0,0.60497070534,0.347757637499,0.938053539343
186.669,448.839,137.0,0.60497070534,0.347757637499,0.938053539343
186.668,455.42,137.0,0.60497070534,0.347757637499,0.938053539343
186.668,462.0,137.0,0.60497070534,0.347757637499,0.938053539343
186.662,468.583,137.0,0.60497070534,0.347757637499,0.938053539343
186.696,475.15,137.0,0.60497070534,0.347757637499,0.938053539343
188.348,481.045,137.0,0.60497070534,0.347757637499,0.938053539343
188.362,487.663,137.0,0.60497070534,0.347757637499,0.938053539343
189.609,493.949,137.0,0.60497070534,0.347757637499,0.938053539343
190.397,500.343,137.0,0.60497070534,0.347757637499,0.938053539343
191.064,506.767,137.0,0.60497070534,0.347757637499,0.938053539343
191.06,513.348,137.0,0.60497070534,0.347757637499,0.938053539343
191.06,519.929,137.0,0.60497070534,0.347757637499,0.938053539343
191.061,526.509,137.0,0.60497070534,0.347757637499,0.938053539343
191.028,533.082,137.0,0.60497070534,0.347757637499,0.938053539343
189.564,539.317,137.0,0.60497070534,0.347757637499,0.938053539343
189.602,545.907,137.0,0.60497070534,0.347757637499,0.938053539343
189.596,552.486,137.0,0.60497070534,0.347757637499,0.938053539343
189.596,559.067,137.0,0.60497070534,0.347757637499,0.938053539343
189.595,565.647,137.0,0.60497070534,0.347757637499,0.938053539343
189.613,572.232,137.0,0.60497070534,0.347757637499,0.938053539343
188.145,578.466,137.0,0.60497070534,0.347757637499,0.938053539343
188.132,585.044,137.0,0.60497070534,0.347757637499,0.938053539343
188.114,591.617,137.0,0.60497070534,0.347757637499,0.938053539343
186.539,597.546,137.0,0.60497070534,0.347757637499,0.938053539343
186.694,604.19,137.0,0.60497070534,0.347757637499,0.938053539343
185.259,610.177,137.0,0.60497070534,0.347757637499,0.938053539343
185.204,616.735,137.0,0.60497070534,0.347757637499,0.938053539343
185.204,623.315,137.0,0.60497070534,0.347757637499,0.938053539343
185.204,629.896,137.0,0.60497070534,0.347757637499,0.938053539343
185.2,636.478,137.0,0.60497070534,0.347757637499,0.938053539343
187.675,642.152,137.0,0.60497070534,0.347757637499,0.938053539343
191.04,646.627,137.0,0.60497070534,0.347757637499,0.938053539343
195.46,651.411,137.0,0.60497070534,0.347757637499,0.938053539343
198.539,655.813,137.0,0.60497070534,0.347757637499,0.938053539343
202.853,660.616,137.0,0.60497070534,0.347757637499,0.938053539343
203.077,666.81,137.0,0.60497070534,0.347757637499,0.938053539343
205.776,671.402,137.0,0.60497070534,0.347757637499,0.938053539343
210.593,674.628,137.0,0.60497070534,0.347757637499,0.938053539343
217.144,676.737,137.0,0.60497070534,0.347757637499,0.938053539343
225.043,677.976,137.0,0.60497070534,0.347757637499,0.938053539343
233.905,678.595,137.0,0.60497070534,0.347757637499,0.938053539343
243.344,678.842,137.0,0.60497070534,0.347757637499,0.938053539343
