217.437,665.717,144.0,0.795439398097,0.473813528713,0.879504828594
223.694,663.616,144.0,0.795439398097,0.473813528713,0.879504828594
230.055,661.971,144.0,0.795439398097,0.473813528713,0.879504828594
236.628,661.127,144.0,0.795439398097,0.473813528713,0.879504828594
243.128,660.017,144.0,0.795439398097,0.473813528713,0.879504828594
249.522,658.428,144.0,0.795439398097,0.473813528713,0.879504828594
256.088,656.858,144.0,0.795439398097,0.473813528713,0.879504828594
261.121,652.779,144.0,0.795439398097,0.473813528713,0.879504828594
263.773,647.014,144.0,0.795439398097,0.473813528713,0.879504828594
267.005,641.755,144.0,0.795439398097,0.473813528713,0.879504828594
269.038,636.0,144.0,0.795439398097,0.473813528713,0.879504828594
270.599,630.048,144.0,0.795439398097,0.473813528713,0.879504828594
272.8,624.05,144.0,0.795439398097,0.473813528713,0.879504828594
273.049,617.504,144.0,0.795439398097,0.473813528713,0.879504828594
273.05,610.908,144.0,0.795439398097,0.473813528713,0.879504828594
273.05,604.312,144.0,0.795439398097,0.473813528713,0.879504828594
273.18,597.685,144.0,0.795439398097,0.473813528713,0.879504828594
271.655,591.447,144.0,0.795439398097,0.473813528713,0.879504828594
269.061,585.656,144.0,0.795439398097,0.473813528713,0.879504828594
267.175,579.847,144.0,0.795439398097,0.473813528713,0.879504828594
264.85,573.957,144.0,0.795439398097,0.473813528713,0.879504828594
261.699,568.166,144.0,0.795439398097,0.473813528713,0.879504828594
257.129,563.439,144.0,0.795439398097,0.473813528713,0.879504828594
254.272,557.756,144.0,0.795439398097,0.473813528713,0.879504828594
251.075,552.483,144.0,0.795439398097,0.473813528713,0.879504828594
247.482,547.288,144.0,0.795439398097,0.473813528713,0.879504828594
245.194,541.205,144.0,0.795439398097,0.473813528713,0.879504828594
242.33,535.795,144.0,0.795439398097,0.473813528713,0.879504828594
240.579,529.825,144.0,0.795439398097,0.473813528713,0.879504828594
236.571,524.526,144.0,0.795439398097,0.473813528713,0.879504828594
234.987,518.525,144.0,0.795439398097,0.473813528713,0.879504828594
233.642,512.486,144.0,0.795439398097,0.473813528713,0.879504828594
232.075,506.539,144.0,0.795439398097,0.473813528713,0.879504828594
232.055,499.951,144.0,0.795439398097,0.473813528713,0.879504828594
232.055,493.355,144.0,0.795439398097,0.473813528713,0.879504828594
232.047,486.757,144.0,0.795439398097,0.473813528713,0.879504828594
233.248,480.424,144.0,0.795439398097,0.473813528713,0.879504828594
235.103,475.643,144.0,0.795439398097,0.473813528713,0.879504828594
237.626,469.873,144.0,0.795439398097,0.473813528713,0.879504828594
239.417,464.02,144.0,0.795439398097,0.473813528713,0.879504828594
239.434,457.382,144.0,0.795439398097,0.473813528713,0.879504828594
236.496,452.005,144.0,0.795439398097,0.473813528713,0.879504828594
233.631,446.334,144.0,0.795439398097,0.473813528713,0.879504828594
232.091,440.374,144.0,0.795439398097,0.473813528713,0.879504828594
229.1,435.029,144.0,0.795439398097,0.473813528713,0.879504828594
225.57,429.548,144.0,0.795439398097,0.473813528713,0.879504828594
223.162,423.958,144.0,0.795439398097,0.473813528713,0.879504828594
223.266,417.318,144.0,0.795439398097,0.473813528713,0.879504828594
223.271,410.72,144.0,0.795439398097,0.473813528713,0.879504828594
223.271,404.124,144.0,0.795439398097,0.473813528713,0.879504828594
223.271,397.528,144.0,0.795439398097,0.473813528713,0.879504828594
223.284,390.933,144.0,0.795439398097,0.473813528713,0.879504828594
224.74,384.573,144.0,0.795439398097,0.473813528713,0.879504828594
225.007,378.041,144.0,0.795439398097,0.473813528713,0.879504828594
226.193,371.724,144.0,0.795439398097,0.473813528713,0.879504828594
226.199,365.13,144.0,0.795439398097,0.473813528713,0.879504828594
226.198,358.533,144.0,0.795439398097,0.473813528713,0.879504828594
226.196,351.936,144.0,0.795439398097,0.473813528713,0.879504828594
226.215,345.344,144.0,0.795439398097,0.473813528713,0.879504828594
227.699,339.098,144.0,0.795439398097,0.473813528713,0.879504828594
227.689,332.504,144.0,0.795439398097,0.473813528713,0.879504828594
228.902,326.411,144.0,0.795439398097,0.473813528713,0.879504828594
229.126,319.907,144.0,0.795439398097,0.473813528713,0.879504828594
229.127,313.311,144.0,0.795439398097,0.473813528713,0.879504828594
229.129,306.715,144.0,0.795439398097,0.473813528713,0.879504828594
229.405,300.173,144.0,0.795439398097,0.473813528713,0.879504828594
231.692,294.219,144.0,0.795439398097,0.473813528713,0.879504828594
232.834,287.97,144.0,0.795439398097,0.473813528713,0.879504828594
233.978,281.714,144.0,0.795439398097,0.473813528713,0.879504828594
237.522,276.452,144.0,0.795439398097,0.473813528713,0.879504828594
240.338,270.785,144.0,0.795439398097,0.473813528713,0.879504828594
242.782,264.766,144.0,0.795439398097,0.473813528713,0.879504828594
245.273,260.081,144.0,0.795439398097,0.473813528713,0.879504828594
249.918,255.334,144.0,0.795439398097,0.473813528713,0.879504828594
253.981,251.269,144.0,0.795439398097,0.473813528713,0.879504828594
257.703,246.296,144.0,0.795439398097,0.473813528713,0.879504828594
262.45,241.655,144.0,0.795439398097,0.473813528713,0.879504828594
264.346,236.762,144.0,0.795439398097,0.473813528713,0.879504828594
267.986,233.803,144.0,0.795439398097,0.473813528713,0.879504828594
268.654,227.878,144.0,0.795439398097,0.473813528713,0.879504828594
269.743,221.538,144.0,0.795439398097,0.473813528713,0.879504828594
270.117,215.031,144.0,0.795439398097,0.473813528713,0.879504828594
270.122,208.436,144.0,0.795439398097,0.473813528713,0.879504828594
270.122,201.839,144.0,0.795439398097,0.473813528713,0.879504828594
270.121,195.243,144.0,0.795439398097,0.473813528713,0.879504828594
270.058,188.62,144.0,0.795439398097,0.473813528713,0.879504828594
271.594,182.66,144.0,0.795439398097,0.473813528713,0.879504828594
273.051,176.667,144.0,0.795439398097,0.473813528713,0.879504828594
274.573,170.702,144.0,0.795439398097,0.473813528713,0.879504828594
274.506,164.078,144.0,0.795439398097,0.473813528713,0.879504828594
276.033,158.114,144.0,0.795439398097,0.473813528713,0.879504828594
276.496,151.567,144.0,0.795439398097,0.473813528713,0.879504828594
278.909,145.852,144.0,0.795439398097,0.473813528713,0.879504828594
279.779,140.131,144.0,0.795439398097,0.473813528713,0.879504828594
281.593,134.633,144.0,0.795439398097,0.473813528713,0.879504828594
281.97,128.189,144.0,0.795439398097,0.473813528713,0.879504828594
283.324,122.142,144.0,0.795439398097,0.473813528713,0.879504828594
281.41,116.35,144.0,0.795439398097,0.473813528713,0.879504828594
276.345,112.668,144.0,0.795439398097,0.473813528713,0.879504828594
271.48,113.842,144.0,0.795439398097,0.473813528713,0.879504828594
266.172,117.272,144.0,0.795439398097,0.473813528713,0.879504828594
260.154,120.078,144.0,0.795439398097,0.473813528713,0.879504828594
254.371,123.433,144.0,0.795439398097,0.473813528713,0.879504828594
251.092,126.888,144.0,0.795439398097,0.473813528713,0.879504828594
245.419,129.667,144.0,0.795439398097,0.473813528713,0.879504828594
239.603,132.735,144.0,0.795439398097,0.473813528713,0.879504828594
234.804,135.839,144.0,0.795439398097,0.473813528713,0.879504828594
228.684,137.133,144.0,0.795439398097,0.473813528713,0.879504828594
222.442,138.623,144.0,0.795439398097,0.473813528713,0.879504828594
216.378,141.152,144.0,0.795439398097,0.473813528713,0.879504828594
209.769,141.651,144.0,0.795439398097,0.473813528713,0.879504828594
203.962,144.768,144.0,0.795439398097,0.473813528713,0.879504828594
199.896,148.874,144.0,0.795439398097,0.473813528713,0.879504828594
196.192,153.888,144.0,0.795439398097,0.473813528713,0.879504828594
191.833,158.76,144.0,0.795439398097,0.473813528713,0.879504828594
188.588,164.42,144.0,0.795439398097,0.473813528713,0.879504828594
185.135,169.0,144.0,0.795439398097,0.473813528713,0.879504828594
183.75,175.433,144.0,0.795439398097,0.473813528713,0.879504828594
182.342,181.441,144.0,0.795439398097,0.473813528713,0.879504828594
180.556,187.299,144.0,0.795439398097,0.473813528713,0.879504828594
178.564,193.372,144.0,0.795439398097,0.473813528713,0.879504828594
174.913,198.796,144.0,0.795439398097,0.473813528713,0.879504828594
171.331,204.238,144.0,0.795439398097,0.473813528713,0.879504828594
167.93,209.89,144.0,0.795439398097,0.473813528713,0.879504828594
164.335,215.335,144.0,0.795439398097,0.473813528713,0.879504828594
159.761,220.106,144.0,0.795439398097,0.473813528713,0.879504828594
155.241,224.586,144.0,0.795439398097,0.473813528713,0.879504828594
150.483,229.088,144.0,0.795439398097,0.473813528713,0.879504828594
147.099,233.359,144.0,0.795439398097,0.473813528713,0.879504828594
142.797,237.619,144.0,0.795439398097,0.473813528713,0.879504828594
139.43,242.836,144.0,0.795439398097,0.473813528713,0.879504828594
136.879,248.375,144.0,0.795439398097,0.473813528713,0.879504828594
136.89,254.975,144.0,0.795439398097,0.473813528713,0.879504828594
137.948,261.137,144.0,0.795439398097,0.473813528713,0.879504828594
139.816,267.213,144.0,0.795439398097,0.473813528713,0.879504828594
143.597,272.503,144.0,0.795439398097,0.473813528713,0.879504828594
147.068,277.667,144.0,0.795439398097,0.473813528713,0.879504828594
150.012,283.309,144.0,0.795439398097,0.473813528713,0.879504828594
152.966,289.022,144.0,0.795439398097,0.473813528713,0.879504828594
153.847,295.429,144.0,0.795439398097,0.473813528713,0.879504828594
155.967,301.524,144.0,0.795439398097,0.473813528713,0.879504828594
157.066,307.86,144.0,0.795439398097,0.473813528713,0.879504828594
157.385,314.381,144.0,0.795439398097,0.473813528713,0.879504828594
157.914,320.759,144.0,0.795439398097,0.473813528713,0.879504828594
158.865,326.962,144.0,0.795439398097,0.473813528713,0.879504828594
158.853,333.563,144.0,0.795439398097,0.473813528713,0.879504828594
159.216,340.074,144.0,0.795439398097,0.473813528713,0.879504828594
161.651,346.095,144.0,0.795439398097,0.473813528713,0.879504828594
163.233,352.318,144.0,0.795439398097,0.473813528713,0.879504828594
164.762,358.59,144.0,0.795439398097,0.473813528713,0.879504828594
167.36,364.706,144.0,0.795439398097,0.473813528713,0.879504828594
168.236,371.091,144.0,0.795439398097,0.473813528713,0.879504828594
170.533,377.145,144.0,0.795439398097,0.473813528713,0.879504828594
171.987,383.402,144.0,0.795439398097,0.473813528713,0.879504828594
172.756,389.684,144.0,0.795439398097,0.473813528713,0.879504828594
173.48,395.98,144.0,0.795439398097,0.473813528713,0.879504828594
173.492,402.571,144.0,0.795439398097,0.473813528713,0.879504828594
173.491,409.168,144.0,0.795439398097,0.473813528713,0.879504828594
173.491,415.764,144.0,0.795439398097,0.473813528713,0.879504828594
173.491,422.36,144.0,0.795439398097,0.473813528713,0.879504828594
173.541,428.977,144.0,0.795439398097,0.473813528713,0.879504828594
171.647,434.789,144.0,0.795439398097,0.473813528713,0.879504828594
172.025,441.542,144.0,0.795439398097,0.473813528713,0.879504828594
172.058,448.132,144.0,0.795439398097,0.473813528713,0.879504828594
173.582,454.366,144.0,0.795439398097,0.473813528713,0.879504828594
174.955,460.748,144.0,0.795439398097,0.473813528713,0.879504828594
175.404,467.143,144.0,0.795439398097,0.473813528713,0.879504828594
177.813,473.011,144.0,0.795439398097,0.473813528713,0.879504828594
179.682,479.14,144.0,0.795439398097,0.473813528713,0.879504828594
180.603,485.316,144.0,0.795439398097,0.473813528713,0.879504828594
180.838,491.814,144.0,0.795439398097,0.473813528713,0.879504828594
180.812,498.422,144.0,0.795439398097,0.473813528713,0.879504828594
180.808,505.018,144.0,0.795439398097,0.473813528713,0.879504828594
179.829,511.428,144.0,0.795439398097,0.473813528713,0.879504828594
176.859,517.154,144.0,0.795439398097,0.473813528713,0.879504828594
175.097,523.05,144.0,0.795439398097,0.473813528713,0.879504828594
173.47,529.256,144.0,0.795439398097,0.473813528713,0.879504828594
173.226,535.748,144.0,0.795439398097,0.473813528713,0.879504828594
172.063,541.862,144.0,0.795439398097,0.473813528713,0.879504828594
172.024,548.445,144.0,0.795439398097,0.473813528713,0.879504828594
172.251,554.987,144.0,0.795439398097,0.473813528713,0.879504828594
173.481,561.293,144.0,0.795439398097,0.473813528713,0.879504828594
173.491,567.887,144.0,0.795439398097,0.473813528713,0.879504828594
173.493,574.482,144.0,0.795439398097,0.473813528713,0.879504828594
174.748,580.561,144.0,0.795439398097,0.473813528713,0.879504828594
176.068,586.901,144.0,0.795439398097,0.473813528713,0.879504828594
177.571,593.155,144.0,0.795439398097,0.473813528713,0.879504828594
177.805,599.711,144.0,0.795439398097,0.473813528713,0.879504828594
179.342,605.67,144.0,0.795439398097,0.473813528713,0.879504828594
182.148,611.365,144.0,0.795439398097,0.473813528713,0.879504828594
184.668,617.017,144.0,0.795439398097,0.473813528713,0.879504828594
186.52,623.007,144.0,0.795439398097,0.473813528713,0.879504828594
188.104,629.349,144.0,0.795439398097,0.473813528713,0.879504828594
190.307,634.099,144.0,0.795439398097,0.473813528713,0.879504828594
193.071,638.763,144.0,0.795439398097,0.473813528713,0.879504828594
195.44,644.609,144.0,0.795439398097,0.473813528713,0.879504828594
196.741,650.744,144.0,0.795439398097,0.473813528713,0.879504828594
200.24,656.042,144.0,0.795439398097,0.473813528713,0.879504828594
205.31,660.741,144.0,0.795439398097,0.473813528713,0.879504828594
211.323,665.08,144.0,0.795439398097,0.473813528713,0.879504828594
