219.361,657.027,154.0,0.795439398097,0.473813528713,0.879504828594
224.318,655.116,154.0,0.795439398097,0.473813528713,0.879504828594
229.635,650.784,154.0,0.795439398097,0.473813528713,0.879504828594
235.247,647.384,154.0,0.795439398097,0.473813528713,0.879504828594
240.866,644.721,154.0,0.795439398097,0.473813528713,0.879504828594
246.088,642.448,154.0,0.795439398097,0.473813528713,0.879504828594
250.872,639.362,154.0,0.795439398097,0.473813528713,0.879504828594
256.678,636.651,154.0,0.795439398097,0.473813528713,0.879504828594
262.309,633.561,154.0,0.795439398097,0.473813528713,0.879504828594
267.129,629.927,154.0,0.795439398097,0.473813528713,0.879504828594
270.842,625.807,154.0,0.795439398097,0.473813528713,0.879504828594
273.014,620.855,154.0,0.795439398097,0.473813528713,0.879504828594
273.049,614.24,154.0,0.795439398097,0.473813528713,0.879504828594
272.285,607.906,154.0,0.795439398097,0.473813528713,0.879504828594
269.868,602.319,154.0,0.795439398097,0.473813528713,0.879504828594
267.583,597.425,154.0,0.795439398097,0.473813528713,0.879504828594
265.634,592.482,154.0,0.795439398097,0.473813528713,0.879504828594
264.257,587.209,154.0,0.795439398097,0.473813528713,0.879504828594
264.265,580.55,154.0,0.795439398097,0.473813528713,0.879504828594
264.263,573.901,154.0,0.795439398097,0.473813528713,0.879504828594
264.122,567.309,154.0,0.795439398097,0.473813528713,0.879504828594
260.433,562.188,154.0,0.795439398097,0.473813528713,0.879504828594
256.202,557.141,154.0,0.795439398097,0.473813528713,0.879504828594
252.957,551.61,154.0,0.795439398097,0.473813528713,0.879504828594
249.694,547.23,154.0,0.795439398097,0.473813528713,0.879504828594
245.424,543.297,154.0,0.795439398097,0.473813528713,0.879504828594
243.677,538.17,154.0,0.795439398097,0.473813528713,0.879504828594
240.83,532.456,154.0,0.795439398097,0.473813528713,0.879504828594
239.27,526.453,154.0,0.795439398097,0.473813528713,0.879504828594
237.877,520.379,154.0,0.795439398097,0.473813528713,0.879504828594
236.07,514.478,154.0,0.795439398097,0.473813528713,0.879504828594
234.988,508.276,154.0,0.795439398097,0.473813528713,0.879504828594
234.983,501.627,154.0,0.795439398097,0.473813528713,0.879504828594
235.021,494.993,154.0,0.795439398097,0.473813528713,0.879504828594
236.489,488.95,154.0,0.795439398097,0.473813528713,0.879504828594
237.948,482.905,154.0,0.795439398097,0.473813528713,0.879504828594
239.378,476.847,154.0,0.795439398097,0.473813528713,0.879504828594
240.843,470.542,154.0,0.795439398097,0.473813528713,0.879504828594
240.842,463.89,154.0,0.795439398097,0.473813528713,0.879504828594
239.404,457.534,154.0,0.795439398097,0.473813528713,0.879504828594
236.427,452.966,154.0,0.795439398097,0.473813528713,0.879504828594
232.053,449.034,154.0,0.795439398097,0.473813528713,0.879504828594
229.26,443.222,154.0,0.795439398097,0.473813528713,0.879504828594
226.184,438.762,154.0,0.795439398097,0.473813528713,0.879504828594
224.73,432.706,154.0,0.795439398097,0.473813528713,0.879504828594
221.764,426.924,154.0,0.795439398097,0.473813528713,0.879504828594
221.807,420.255,154.0,0.795439398097,0.473813528713,0.879504828594
221.516,413.484,154.0,0.795439398097,0.473813528713,0.879504828594
223.434,407.625,154.0,0.795439398097,0.473813528713,0.879504828594
225.302,401.398,154.0,0.795439398097,0.473813528713,0.879504828594
227.105,395.345,154.0,0.795439398097,0.473813528713,0.879504828594
228.995,389.226,154.0,0.795439398097,0.473813528713,0.879504828594
230.63,382.959,154.0,0.795439398097,0.473813528713,0.879504828594
232.087,376.657,154.0,0.795439398097,0.473813528713,0.879504828594
233.706,370.692,154.0,0.795439398097,0.473813528713,0.879504828594
235.108,364.326,154.0,0.795439398097,0.473813528713,0.879504828594
236.452,358.255,154.0,0.795439398097,0.473813528713,0.879504828594
236.361,351.567,154.0,0.795439398097,0.473813528713,0.879504828594
237.89,345.55,154.0,0.795439398097,0.473813528713,0.879504828594
239.413,339.531,154.0,0.795439398097,0.473813528713,0.879504828594
240.785,333.448,154.0,0.795439398097,0.473813528713,0.879504828594
240.846,326.824,154.0,0.795439398097,0.473813528713,0.879504828594
240.841,320.171,154.0,0.795439398097,0.473813528713,0.879504828594
242.362,314.151,154.0,0.795439398097,0.473813528713,0.879504828594
242.303,307.476,154.0,0.795439398097,0.473813528713,0.879504828594
242.301,300.825,154.0,0.795439398097,0.473813528713,0.879504828594
242.227,294.145,154.0,0.795439398097,0.473813528713,0.879504828594
243.766,288.14,154.0,0.795439398097,0.473813528713,0.879504828594
246.89,282.52,154.0,0.795439398097,0.473813528713,0.879504828594
246.714,275.791,154.0,0.795439398097,0.473813528713,0.879504828594
248.051,269.695,154.0,0.795439398097,0.473813528713,0.879504828594
250.111,263.91,154.0,0.795439398097,0.473813528713,0.879504828594
252.477,257.969,154.0,0.795439398097,0.473813528713,0.879504828594
255.589,252.196,154.0,0.795439398097,0.473813528713,0.879504828594
259.096,247.713,154.0,0.795439398097,0.473813528713,0.879504828594
261.88,242.572,154.0,0.795439398097,0.473813528713,0.879504828594
265.041,237.295,154.0,0.795439398097,0.473813528713,0.879504828594
268.663,234.104,154.0,0.795439398097,0.473813528713,0.879504828594
273.062,229.219,154.0,0.795439398097,0.473813528713,0.879504828594
277.302,225.231,154.0,0.795439398097,0.473813528713,0.879504828594
282.005,220.5,154.0,0.795439398097,0.473813528713,0.879504828594
284.909,215.998,154.0,0.795439398097,0.473813528713,0.879504828594
284.762,209.2,154.0,0.795439398097,0.473813528713,0.879504828594
284.77,202.544,154.0,0.795439398097,0.473813528713,0.879504828594
282.913,197.748,154.0,0.795439398097,0.473813528713,0.879504828594
282.898,190.881,154.0,0.795439398097,0.473813528713,0.879504828594
281.831,184.673,154.0,0.795439398097,0.473813528713,0.879504828594
281.805,178.025,154.0,0.795439398097,0.473813528713,0.879504828594
280.467,171.57,154.0,0.795439398097,0.473813528713,0.879504828594
278.901,165.567,154.0,0.795439398097,0.473813528713,0.879504828594
278.906,158.914,154.0,0.795439398097,0.473813528713,0.879504828594
278.907,152.263,154.0,0.795439398097,0.473813528713,0.879504828594
278.601,145.919,154.0,0.795439398097,0.473813528713,0.879504828594
277.444,140.429,154.0,0.795439398097,0.473813528713,0.879504828594
275.964,134.39,154.0,0.795439398097,0.473813528713,0.879504828594
275.557,127.908,154.0,0.795439398097,0.473813528713,0.879504828594
274.473,121.731,154.0,0.795439398097,0.473813528713,0.879504828594
273.057,116.505,154.0,0.795439398097,0.473813528713,0.879504828594
270.941,110.853,154.0,0.795439398097,0.473813528713,0.879504828594
267.235,107.886,154.0,0.795439398097,0.473813528713,0.879504828594
262.441,112.482,154.0,0.795439398097,0.473813528713,0.879504828594
256.984,116.054,154.0,0.795439398097,0.473813528713,0.879504828594
252.452,119.598,154.0,0.795439398097,0.473813528713,0.879504828594
246.664,122.227,154.0,0.795439398097,0.473813528713,0.879504828594
240.584,124.92,154.0,0.795439398097,0.473813528713,0.879504828594
234.795,128.168,154.0,0.795439398097,0.473813528713,0.879504828594
230.623,130.942,154.0,0.795439398097,0.473813528713,0.879504828594
226.179,134.258,154.0,0.795439398097,0.473813528713,0.879504828594
220.234,137.238,154.0,0.795439398097,0.473813528713,0.879504828594
214.315,140.254,154.0,0.795439398097,0.473813528713,0.879504828594
209.604,144.938,154.0,0.795439398097,0.473813528713,0.879504828594
205.574,148.998,154.0,0.795439398097,0.473813528713,0.879504828594
201.316,152.75,154.0,0.795439398097,0.473813528713,0.879504828594
196.204,157.187,154.0,0.795439398097,0.473813528713,0.879504828594
191.624,162.084,154.0,0.795439398097,0.473813528713,0.879504828594
189.626,166.774,154.0,0.795439398097,0.473813528713,0.879504828594
186.677,172.465,154.0,0.795439398097,0.473813528713,0.879504828594
185.029,178.429,154.0,0.795439398097,0.473813528713,0.879504828594
183.809,184.574,154.0,0.795439398097,0.473813528713,0.879504828594
182.142,190.573,154.0,0.795439398097,0.473813528713,0.879504828594
179.354,196.291,154.0,0.795439398097,0.473813528713,0.879504828594
176.391,201.713,154.0,0.795439398097,0.473813528713,0.879504828594
174.083,207.543,154.0,0.795439398097,0.473813528713,0.879504828594
169.755,212.492,154.0,0.795439398097,0.473813528713,0.879504828594
166.006,217.884,154.0,0.795439398097,0.473813528713,0.879504828594
161.991,222.101,154.0,0.795439398097,0.473813528713,0.879504828594
157.973,226.972,154.0,0.795439398097,0.473813528713,0.879504828594
153.976,231.008,154.0,0.795439398097,0.473813528713,0.879504828594
149.812,235.444,154.0,0.795439398097,0.473813528713,0.879504828594
145.149,240.16,154.0,0.795439398097,0.473813528713,0.879504828594
140.099,244.024,154.0,0.795439398097,0.473813528713,0.879504828594
135.404,248.59,154.0,0.795439398097,0.473813528713,0.879504828594
131.612,253.655,154.0,0.795439398097,0.473813528713,0.879504828594
128.033,259.096,154.0,0.795439398097,0.473813528713,0.879504828594
126.543,265.131,154.0,0.795439398097,0.473813528713,0.879504828594
126.394,271.921,154.0,0.795439398097,0.473813528713,0.879504828594
128.09,277.871,154.0,0.795439398097,0.473813528713,0.879504828594
128.116,284.506,154.0,0.795439398097,0.473813528713,0.879504828594
129.695,289.579,154.0,0.795439398097,0.473813528713,0.879504828594
131.074,295.729,154.0,0.795439398097,0.473813528713,0.879504828594
133.961,301.183,154.0,0.795439398097,0.473813528713,0.879504828594
137.866,306.459,154.0,0.795439398097,0.473813528713,0.879504828594
141.468,311.921,154.0,0.795439398097,0.473813528713,0.879504828594
145.217,317.001,154.0,0.795439398097,0.473813528713,0.879504828594
148.679,321.316,154.0,0.795439398097,0.473813528713,0.879504828594
151.073,327.198,154.0,0.795439398097,0.473813528713,0.879504828594
152.976,333.5,154.0,0.795439398097,0.473813528713,0.879504828594
154.45,339.541,154.0,0.795439398097,0.473813528713,0.879504828594
155.868,345.603,154.0,0.795439398097,0.473813528713,0.879504828594
156.905,351.824,154.0,0.795439398097,0.473813528713,0.879504828594
159.001,357.606,154.0,0.795439398097,0.473813528713,0.879504828594
160.247,363.74,154.0,0.795439398097,0.473813528713,0.879504828594
160.314,370.363,154.0,0.795439398097,0.473813528713,0.879504828594
160.3,377.027,154.0,0.795439398097,0.473813528713,0.879504828594
161.779,382.282,154.0,0.795439398097,0.473813528713,0.879504828594
163.981,388.305,154.0,0.795439398097,0.473813528713,0.879504828594
166.41,393.949,154.0,0.795439398097,0.473813528713,0.879504828594
168.141,399.926,154.0,0.795439398097,0.473813528713,0.879504828594
171.432,405.692,154.0,0.795439398097,0.473813528713,0.879504828594
174.531,411.572,154.0,0.795439398097,0.473813528713,0.879504828594
177.69,417.475,154.0,0.795439398097,0.473813528713,0.879504828594
179.376,423.727,154.0,0.795439398097,0.473813528713,0.879504828594
179.348,430.384,154.0,0.795439398097,0.473813528713,0.879504828594
179.348,437.034,154.0,0.795439398097,0.473813528713,0.879504828594
179.375,443.682,154.0,0.795439398097,0.473813528713,0.879504828594
178.633,450.29,154.0,0.795439398097,0.473813528713,0.879504828594
176.423,456.46,154.0,0.795439398097,0.473813528713,0.879504828594
174.878,462.47,154.0,0.795439398097,0.473813528713,0.879504828594
175.078,469.183,154.0,0.795439398097,0.473813528713,0.879504828594
173.48,475.455,154.0,0.795439398097,0.473813528713,0.879504828594
171.912,481.735,154.0,0.795439398097,0.473813528713,0.879504828594
170.711,488.101,154.0,0.795439398097,0.473813528713,0.879504828594
170.565,494.717,154.0,0.795439398097,0.473813528713,0.879504828594
170.563,501.367,154.0,0.795439398097,0.473813528713,0.879504828594
170.563,508.017,154.0,0.795439398097,0.473813528713,0.879504828594
170.564,514.668,154.0,0.795439398097,0.473813528713,0.879504828594
170.546,521.311,154.0,0.795439398097,0.473813528713,0.879504828594
168.921,527.288,154.0,0.795439398097,0.473813528713,0.879504828594
167.698,533.431,154.0,0.795439398097,0.473813528713,0.879504828594
167.635,540.055,154.0,0.795439398097,0.473813528713,0.879504828594
167.638,546.705,154.0,0.795439398097,0.473813528713,0.879504828594
168.711,553.234,154.0,0.795439398097,0.473813528713,0.879504828594
169.486,559.77,154.0,0.795439398097,0.473813528713,0.879504828594
170.562,566.166,154.0,0.795439398097,0.473813528713,0.879504828594
172.019,572.211,154.0,0.795439398097,0.473813528713,0.879504828594
173.461,578.633,154.0,0.795439398097,0.473813528713,0.879504828594
175.809,584.57,154.0,0.795439398097,0.473813528713,0.879504828594
177.446,590.548,154.0,0.795439398097,0.473813528713,0.879504828594
179.322,596.783,154.0,0.795439398097,0.473813528713,0.879504828594
181.069,602.719,154.0,0.795439398097,0.473813528713,0.879504828594
182.341,609.107,154.0,0.795439398097,0.473813528713,0.879504828594
183.898,615.103,154.0,0.795439398097,0.473813528713,0.879504828594
183.738,621.82,154.0,0.795439398097,0.473813528713,0.879504828594
185.306,627.821,154.0,0.795439398097,0.473813528713,0.879504828594
186.902,633.803,154.0,0.795439398097,0.473813528713,0.879504828594
189.117,639.44,154.0,0.795439398097,0.473813528713,0.879504828594
193.172,644.218,154.0,0.795439398097,0.473813528713,0.879504828594
198.658,648.33,154.0,0.795439398097,0.473813528713,0.879504828594
205.166,651.965,154.0,0.795439398097,0.473813528713,0.879504828594
212.287,655.315,154.0,0.795439398097,0.473813528713,0.879504828594
