276.523,108.65,157.0,0.795439398097,0.473813528713,0.879504828594
279.218,114.272,157.0,0.795439398097,0.473813528713,0.879504828594
281.255,120.334,157.0,0.795439398097,0.473813528713,0.879504828594
282.898,126.494,157.0,0.795439398097,0.473813528713,0.879504828594
285.653,132.378,157.0,0.795439398097,0.473813528713,0.879504828594
287.482,138.247,157.0,0.795439398097,0.473813528713,0.879504828594
287.623,144.748,157.0,0.795439398097,0.473813528713,0.879504828594
289.093,150.954,157.0,0.795439398097,0.473813528713,0.879504828594
291.232,156.624,157.0,0.795439398097,0.473813528713,0.879504828594
290.58,163.409,157.0,0.795439398097,0.473813528713,0.879504828594
289.691,169.716,157.0,0.795439398097,0.473813528713,0.879504828594
288.179,175.895,157.0,0.795439398097,0.473813528713,0.879504828594
286.224,181.755,157.0,0.795439398097,0.473813528713,0.879504828594
282.639,187.152,157.0,0.795439398097,0.473813528713,0.879504828594
279.702,193.002,157.0,0.795439398097,0.473813528713,0.879504828594
275.771,198.177,157.0,0.795439398097,0.473813528713,0.879504828594
273.461,203.773,157.0,0.795439398097,0.473813528713,0.879504828594
271.6,209.635,157.0,0.795439398097,0.473813528713,0.879504828594
268.402,215.418,157.0,0.795439398097,0.473813528713,0.879504828594
265.784,221.348,157.0,0.795439398097,0.473813528713,0.879504828594
264.127,227.506,157.0,0.795439398097,0.473813528713,0.879504828594
263.256,233.849,157.0,0.795439398097,0.473813528713,0.879504828594
260.067,239.645,157.0,0.795439398097,0.473813528713,0.879504828594
258.737,245.881,157.0,0.795439398097,0.473813528713,0.879504828594
257.995,252.257,157.0,0.795439398097,0.473813528713,0.879504828594
255.65,258.368,157.0,0.795439398097,0.473813528713,0.879504828594
252.672,264.23,157.0,0.795439398097,0.473813528713,0.879504828594
250.085,270.169,157.0,0.795439398097,0.473813528713,0.879504828594
249.563,276.596,157.0,0.795439398097,0.473813528713,0.879504828594
248.471,282.916,157.0,0.795439398097,0.473813528713,0.879504828594
245.731,288.9,157.0,0.795439398097,0.473813528713,0.879504828594
243.997,295.214,157.0,0.795439398097,0.473813528713,0.879504828594
242.553,301.426,157.0,0.795439398097,0.473813528713,0.879504828594
242.444,307.949,157.0,0.795439398097,0.473813528713,0.879504828594
240.889,314.131,157.0,0.795439398097,0.473813528713,0.879504828594
240.808,320.661,157.0,0.795439398097,0.473813528713,0.879504828594
239.014,326.787,157.0,0.795439398097,0.473813528713,0.879504828594
239.314,333.406,157.0,0.795439398097,0.473813528713,0.879504828594
238.985,339.877,157.0,0.795439398097,0.473813528713,0.879504828594
237.794,346.145,157.0,0.795439398097,0.473813528713,0.879504828594
237.289,352.576,157.0,0.795439398097,0.473813528713,0.879504828594
236.164,358.875,157.0,0.795439398097,0.473813528713,0.879504828594
234.266,365.176,157.0,0.795439398097,0.473813528713,0.879504828594
231.852,371.23,157.0,0.795439398097,0.473813528713,0.879504828594
230.01,377.34,157.0,0.795439398097,0.473813528713,0.879504828594
228.134,383.595,157.0,0.795439398097,0.473813528713,0.879504828594
225.558,389.622,157.0,0.795439398097,0.473813528713,0.879504828594
224.144,395.835,157.0,0.795439398097,0.473813528713,0.879504828594
223.885,402.323,157.0,0.795439398097,0.473813528713,0.879504828594
221.968,408.422,157.0,0.795439398097,0.473813528713,0.879504828594
221.882,414.971,157.0,0.795439398097,0.473813528713,0.879504828594
220.513,421.3,157.0,0.795439398097,0.473813528713,0.879504828594
220.171,427.793,157.0,0.795439398097,0.473813528713,0.879504828594
219.122,434.172,157.0,0.795439398097,0.473813528713,0.879504828594
219.103,440.718,157.0,0.795439398097,0.473813528713,0.879504828594
219.112,447.268,157.0,0.795439398097,0.473813528713,0.879504828594
219.115,453.815,157.0,0.795439398097,0.473813528713,0.879504828594
219.146,460.357,157.0,0.795439398097,0.473813528713,0.879504828594
219.941,466.718,157.0,0.795439398097,0.473813528713,0.879504828594
220.622,473.107,157.0,0.795439398097,0.473813528713,0.879504828594
220.602,479.66,157.0,0.795439398097,0.473813528713,0.879504828594
221.088,486.094,157.0,0.795439398097,0.473813528713,0.879504828594
222.526,492.304,157.0,0.795439398097,0.473813528713,0.879504828594
223.974,498.512,157.0,0.795439398097,0.473813528713,0.879504828594
227.043,504.345,157.0,0.795439398097,0.473813528713,0.879504828594
230.931,509.514,157.0,0.795439398097,0.473813528713,0.879504828594
234.197,515.129,157.0,0.795439398097,0.473813528713,0.879504828594
237.465,520.741,157.0,0.795439398097,0.473813528713,0.879504828594
240.436,526.548,157.0,0.795439398097,0.473813528713,0.879504828594
242.316,532.678,157.0,0.795439398097,0.473813528713,0.879504828594
245.536,537.882,157.0,0.795439398097,0.473813528713,0.879504828594
248.644,543.143,157.0,0.795439398097,0.473813528713,0.879504828594
251.855,548.361,157.0,0.795439398097,0.473813528713,0.879504828594
254.828,553.676,157.0,0.795439398097,0.473813528713,0.879504828594
256.399,559.858,157.0,0.795439398097,0.473813528713,0.879504828594
259.559,565.454,157.0,0.795439398097,0.473813528713,0.879504828594
260.819,571.739,157.0,0.795439398097,0.473813528713,0.879504828594
261.925,577.883,157.0,0.795439398097,0.473813528713,0.879504828594
262.621,584.134,157.0,0.795439398097,0.473813528713,0.879504828594
264.214,590.307,157.0,0.795439398097,0.473813528713,0.879504828594
264.067,597.014,157.0,0.795439398097,0.473813528713,0.879504828594
265.815,601.818,157.0,0.795439398097,0.473813528713,0.879504828594
265.821,608.431,157.0,0.795439398097,0.473813528713,0.879504828594
263.906,613.246,157.0,0.795439398097,0.473813528713,0.879504828594
261.138,618.926,157.0,0.795439398097,0.473813528713,0.879504828594
258.866,624.541,157.0,0.795439398097,0.473813528713,0.879504828594
256.424,630.081,157.0,0.795439398097,0.473813528713,0.879504828594
252.146,634.199,157.0,0.795439398097,0.473813528713,0.879504828594
247.698,639.095,157.0,0.795439398097,0.473813528713,0.879504828594
243.067,641.719,157.0,0.795439398097,0.473813528713,0.879504828594
236.94,643.475,157.0,0.795439398097,0.473813528713,0.879504828594
231.917,647.245,157.0,0.795439398097,0.473813528713,0.879504828594
225.859,649.424,157.0,0.795439398097,0.473813528713,0.879504828594
219.851,651.095,157.0,0.795439398097,0.473813528713,0.879504828594
213.855,652.938,157.0,0.795439398097,0.473813528713,0.879504828594
207.457,653.584,157.0,0.795439398097,0.473813528713,0.879504828594
201.206,654.843,157.0,0.795439398097,0.473813528713,0.879504828594
194.639,654.931,157.0,0.795439398097,0.473813528713,0.879504828594
189.741,650.621,157.0,0.795439398097,0.473813528713,0.879504828594
186.376,645.478,157.0,0.795439398097,0.473813528713,0.879504828594
181.736,640.851,157.0,0.795439398097,0.473813528713,0.879504828594
178.063,635.824,157.0,0.795439398097,0.473813528713,0.879504828594
174.485,630.756,157.0,0.795439398097,0.473813528713,0.879504828594
173.428,624.646,157.0,0.795439398097,0.473813528713,0.879504828594
172.485,618.487,157.0,0.795439398097,0.473813528713,0.879504828594
172.436,611.958,157.0,0.795439398097,0.473813528713,0.879504828594
172.436,605.409,157.0,0.795439398097,0.473813528713,0.879504828594
172.436,598.86,157.0,0.795439398097,0.473813528713,0.879504828594
172.436,592.311,157.0,0.795439398097,0.473813528713,0.879504828594
172.436,585.762,157.0,0.795439398097,0.473813528713,0.879504828594
172.435,579.214,157.0,0.795439398097,0.473813528713,0.879504828594
172.471,572.657,157.0,0.795439398097,0.473813528713,0.879504828594
170.968,566.448,157.0,0.795439398097,0.473813528713,0.879504828594
167.456,561.364,157.0,0.795439398097,0.473813528713,0.879504828594
164.656,556.876,157.0,0.795439398097,0.473813528713,0.879504828594
163.137,550.587,157.0,0.795439398097,0.473813528713,0.879504828594
161.476,544.459,157.0,0.795439398097,0.473813528713,0.879504828594
162.941,538.424,157.0,0.795439398097,0.473813528713,0.879504828594
164.477,532.269,157.0,0.795439398097,0.473813528713,0.879504828594
168.247,526.994,157.0,0.795439398097,0.473813528713,0.879504828594
170.688,521.272,157.0,0.795439398097,0.473813528713,0.879504828594
174.51,517.385,157.0,0.795439398097,0.473813528713,0.879504828594
177.111,511.626,157.0,0.795439398097,0.473813528713,0.879504828594
178.684,505.732,157.0,0.795439398097,0.473813528713,0.879504828594
178.68,499.165,157.0,0.795439398097,0.473813528713,0.879504828594
177.086,493.276,157.0,0.795439398097,0.473813528713,0.879504828594
174.844,487.592,157.0,0.795439398097,0.473813528713,0.879504828594
174.094,481.036,157.0,0.795439398097,0.473813528713,0.879504828594
172.597,474.812,157.0,0.795439398097,0.473813528713,0.879504828594
170.924,468.972,157.0,0.795439398097,0.473813528713,0.879504828594
169.107,462.851,157.0,0.795439398097,0.473813528713,0.879504828594
166.811,456.844,157.0,0.795439398097,0.473813528713,0.879504828594
166.389,450.395,157.0,0.795439398097,0.473813528713,0.879504828594
164.72,444.24,157.0,0.795439398097,0.473813528713,0.879504828594
163.146,438.059,157.0,0.795439398097,0.473813528713,0.879504828594
161.567,431.814,157.0,0.795439398097,0.473813528713,0.879504828594
159.909,426.02,157.0,0.795439398097,0.473813528713,0.879504828594
159.976,419.444,157.0,0.795439398097,0.473813528713,0.879504828594
159.439,413.118,157.0,0.795439398097,0.473813528713,0.879504828594
158.218,407.042,157.0,0.795439398097,0.473813528713,0.879504828594
156.601,400.922,157.0,0.795439398097,0.473813528713,0.879504828594
155.528,394.838,157.0,0.795439398097,0.473813528713,0.879504828594
153.645,388.744,157.0,0.795439398097,0.473813528713,0.879504828594
153.759,382.169,157.0,0.795439398097,0.473813528713,0.879504828594
153.768,375.618,157.0,0.795439398097,0.473813528713,0.879504828594
153.768,369.069,157.0,0.795439398097,0.473813528713,0.879504828594
153.769,362.52,157.0,0.795439398097,0.473813528713,0.879504828594
153.704,355.986,157.0,0.795439398097,0.473813528713,0.879504828594
152.183,349.797,157.0,0.795439398097,0.473813528713,0.879504828594
149.746,343.734,157.0,0.795439398097,0.473813528713,0.879504828594
147.61,337.602,157.0,0.795439398097,0.473813528713,0.879504828594
146.009,331.431,157.0,0.795439398097,0.473813528713,0.879504828594
143.117,325.565,157.0,0.795439398097,0.473813528713,0.879504828594
140.207,319.702,157.0,0.795439398097,0.473813528713,0.879504828594
137.373,313.807,157.0,0.795439398097,0.473813528713,0.879504828594
133.562,308.387,157.0,0.795439398097,0.473813528713,0.879504828594
131.463,302.728,157.0,0.795439398097,0.473813528713,0.879504828594
128.668,298.181,157.0,0.795439398097,0.473813528713,0.879504828594
126.185,292.415,157.0,0.795439398097,0.473813528713,0.879504828594
123.913,286.697,157.0,0.795439398097,0.473813528713,0.879504828594
124.186,280.036,157.0,0.795439398097,0.473813528713,0.879504828594
124.2,273.478,157.0,0.795439398097,0.473813528713,0.879504828594
124.133,266.912,157.0,0.795439398097,0.473813528713,0.879504828594
126.574,260.94,157.0,0.795439398097,0.473813528713,0.879504828594
129.628,255.117,157.0,0.795439398097,0.473813528713,0.879504828594
132.796,249.409,157.0,0.795439398097,0.473813528713,0.879504828594
137.772,245.576,157.0,0.795439398097,0.473813528713,0.879504828594
141.464,241.076,157.0,0.795439398097,0.473813528713,0.879504828594
146.494,237.336,157.0,0.795439398097,0.473813528713,0.879504828594
151.159,232.774,157.0,0.795439398097,0.473813528713,0.879504828594
156.343,228.911,157.0,0.795439398097,0.473813528713,0.879504828594
161.346,224.798,157.0,0.795439398097,0.473813528713,0.879504828594
166.347,220.672,157.0,0.795439398097,0.473813528713,0.879504828594
169.025,214.965,157.0,0.795439398097,0.473813528713,0.879504828594
170.414,208.986,157.0,0.795439398097,0.473813528713,0.879504828594
172.48,202.994,157.0,0.795439398097,0.473813528713,0.879504828594
175.098,197.404,157.0,0.795439398097,0.473813528713,0.879504828594
175.72,190.848,157.0,0.795439398097,0.473813528713,0.879504828594
177.359,184.728,157.0,0.795439398097,0.473813528713,0.879504828594
178.662,178.715,157.0,0.795439398097,0.473813528713,0.879504828594
180.243,172.821,157.0,0.795439398097,0.473813528713,0.879504828594
180.26,166.279,157.0,0.795439398097,0.473813528713,0.879504828594
182.909,160.581,157.0,0.795439398097,0.473813528713,0.879504828594
186.595,155.241,157.0,0.795439398097,0.473813528713,0.879504828594
190.131,150.167,157.0,0.795439398097,0.473813528713,0.879504828594
193.791,145.15,157.0,0.795439398097,0.473813528713,0.879504828594
197.432,139.815,157.0,0.795439398097,0.473813528713,0.879504828594
202.073,135.204,157.0,0.795439398097,0.473813528713,0.879504828594
207.342,131.457,157.0,0.795439398097,0.473813528713,0.879504828594
212.576,127.663,157.0,0.795439398097,0.473813528713,0.879504828594
217.529,123.479,157.0,0.795439398097,0.473813528713,0.879504828594
223.416,120.583,157.0,0.795439398097,0.473813528713,0.879504828594
229.362,117.809,157.0,0.795439398097,0.473813528713,0.879504828594
235.006,115.095,157.0,0.795439398097,0.473813528713,0.879504828594
239.883,113.408,157.0,0.795439398097,0.473813528713,0.879504828594
245.981,112.56,157.0,0.795439398097,0.473813528713,0.879504828594
252.264,111.378,157.0,0.795439398097,0.473813528713,0.879504828594
258.691,109.937,157.0,0.795439398097,0.473813528713,0.879504828594
265.221,108.311,157.0,0.795439398097,0.473813528713,0.879504828594
271.813,106.574,157.0,0.795439398097,0.473813528713,0.879504828594
