210.534,650.387,162.0,0.60497070534,0.347757637499,0.938053539343
214.453,645.506,162.0,0.60497070534,0.347757637499,0.938053539343
219.073,640.915,162.0,0.60497070534,0.347757637499,0.938053539343
223.674,636.318,162.0,0.60497070534,0.347757637499,0.938053539343
228.834,632.409,162.0,0.60497070534,0.347757637499,0.938053539343
233.527,627.862,162.0,0.60497070534,0.347757637499,0.938053539343
238.607,624.426,162.0,0.60497070534,0.347757637499,0.938053539343
243.366,620.072,162.0,0.60497070534,0.347757637499,0.938053539343
249.111,616.97,162.0,0.60497070534,0.347757637499,0.938053539343
253.842,612.529,162.0,0.60497070534,0.347757637499,0.938053539343
259.676,609.646,162.0,0.60497070534,0.347757637499,0.938053539343
264.215,605.668,162.0,0.60497070534,0.347757637499,0.938053539343
267.338,600.442,162.0,0.60497070534,0.347757637499,0.938053539343
268.86,594.296,162.0,0.60497070534,0.347757637499,0.938053539343
268.902,587.799,162.0,0.60497070534,0.347757637499,0.938053539343
266.368,581.904,162.0,0.60497070534,0.347757637499,0.938053539343
264.741,575.967,162.0,0.60497070534,0.347757637499,0.938053539343
262.394,570.432,162.0,0.60497070534,0.347757637499,0.938053539343
259.134,564.855,162.0,0.60497070534,0.347757637499,0.938053539343
256.196,559.43,162.0,0.60497070534,0.347757637499,0.938053539343
252.852,554.332,162.0,0.60497070534,0.347757637499,0.938053539343
248.768,549.228,162.0,0.60497070534,0.347757637499,0.938053539343
245.31,543.816,162.0,0.60497070534,0.347757637499,0.938053539343
242.422,538.006,162.0,0.60497070534,0.347757637499,0.938053539343
240.825,531.879,162.0,0.60497070534,0.347757637499,0.938053539343
239.331,525.727,162.0,0.60497070534,0.347757637499,0.938053539343
236.256,519.962,162.0,0.60497070534,0.347757637499,0.938053539343
234.577,514.133,162.0,0.60497070534,0.347757637499,0.938053539343
234.673,507.59,162.0,0.60497070534,0.347757637499,0.938053539343
234.662,501.094,162.0,0.60497070534,0.347757637499,0.938053539343
234.529,494.721,162.0,0.60497070534,0.347757637499,0.938053539343
235.144,487.608,162.0,0.60497070534,0.347757637499,0.938053539343
232.419,483.222,162.0,0.60497070534,0.347757637499,0.938053539343
230.058,477.342,162.0,0.60497070534,0.347757637499,0.938053539343
228.277,471.264,162.0,0.60497070534,0.347757637499,0.938053539343
227.629,464.93,162.0,0.60497070534,0.347757637499,0.938053539343
225.469,458.872,162.0,0.60497070534,0.347757637499,0.938053539343
222.508,453.415,162.0,0.60497070534,0.347757637499,0.938053539343
219.504,447.597,162.0,0.60497070534,0.347757637499,0.938053539343
218.346,441.364,162.0,0.60497070534,0.347757637499,0.938053539343
215.988,435.422,162.0,0.60497070534,0.347757637499,0.938053539343
214.421,429.165,162.0,0.60497070534,0.347757637499,0.938053539343
214.439,422.658,162.0,0.60497070534,0.347757637499,0.938053539343
214.442,416.153,162.0,0.60497070534,0.347757637499,0.938053539343
214.442,409.648,162.0,0.60497070534,0.347757637499,0.938053539343
214.426,403.145,162.0,0.60497070534,0.347757637499,0.938053539343
215.254,396.696,162.0,0.60497070534,0.347757637499,0.938053539343
217.573,390.7,162.0,0.60497070534,0.347757637499,0.938053539343
219.584,384.654,162.0,0.60497070534,0.347757637499,0.938053539343
221.693,378.466,162.0,0.60497070534,0.347757637499,0.938053539343
222.41,372.077,162.0,0.60497070534,0.347757637499,0.938053539343
225.032,366.093,162.0,0.60497070534,0.347757637499,0.938053539343
227.79,360.184,162.0,0.60497070534,0.347757637499,0.938053539343
228.324,353.688,162.0,0.60497070534,0.347757637499,0.938053539343
229.934,347.566,162.0,0.60497070534,0.347757637499,0.938053539343
231.497,341.431,162.0,0.60497070534,0.347757637499,0.938053539343
233.07,335.298,162.0,0.60497070534,0.347757637499,0.938053539343
234.816,329.206,162.0,0.60497070534,0.347757637499,0.938053539343
234.439,322.613,162.0,0.60497070534,0.347757637499,0.938053539343
236.291,316.545,162.0,0.60497070534,0.347757637499,0.938053539343
236.229,310.026,162.0,0.60497070534,0.347757637499,0.938053539343
236.19,303.513,162.0,0.60497070534,0.347757637499,0.938053539343
237.786,297.389,162.0,0.60497070534,0.347757637499,0.938053539343
239.301,291.067,162.0,0.60497070534,0.347757637499,0.938053539343
239.333,284.566,162.0,0.60497070534,0.347757637499,0.938053539343
240.881,278.428,162.0,0.60497070534,0.347757637499,0.938053539343
242.425,272.291,162.0,0.60497070534,0.347757637499,0.938053539343
244.025,266.451,162.0,0.60497070534,0.347757637499,0.938053539343
245.55,260.296,162.0,0.60497070534,0.347757637499,0.938053539343
248.487,254.497,162.0,0.60497070534,0.347757637499,0.938053539343
250.194,248.653,162.0,0.60497070534,0.347757637499,0.938053539343
251.899,242.551,162.0,0.60497070534,0.347757637499,0.938053539343
255.617,238.491,162.0,0.60497070534,0.347757637499,0.938053539343
259.539,233.645,162.0,0.60497070534,0.347757637499,0.938053539343
262.706,228.453,162.0,0.60497070534,0.347757637499,0.938053539343
265.702,223.189,162.0,0.60497070534,0.347757637499,0.938053539343
268.843,217.986,162.0,0.60497070534,0.347757637499,0.938053539343
271.04,212.392,162.0,0.60497070534,0.347757637499,0.938053539343
273.449,206.885,162.0,0.60497070534,0.347757637499,0.938053539343
276.993,201.845,162.0,0.60497070534,0.347757637499,0.938053539343
280.808,197.517,162.0,0.60497070534,0.347757637499,0.938053539343
282.785,192.149,162.0,0.60497070534,0.347757637499,0.938053539343
284.459,186.34,162.0,0.60497070534,0.347757637499,0.938053539343
285.949,180.453,162.0,0.60497070534,0.347757637499,0.938053539343
286.018,173.976,162.0,0.60497070534,0.347757637499,0.938053539343
285.979,167.479,162.0,0.60497070534,0.347757637499,0.938053539343
285.462,161.192,162.0,0.60497070534,0.347757637499,0.938053539343
282.162,155.987,162.0,0.60497070534,0.347757637499,0.938053539343
279.735,149.993,162.0,0.60497070534,0.347757637499,0.938053539343
278.154,143.865,162.0,0.60497070534,0.347757637499,0.938053539343
276.698,137.972,162.0,0.60497070534,0.347757637499,0.938053539343
276.631,131.467,162.0,0.60497070534,0.347757637499,0.938053539343
278.25,125.371,162.0,0.60497070534,0.347757637499,0.938053539343
279.74,120.351,162.0,0.60497070534,0.347757637499,0.938053539343
281.554,114.621,162.0,0.60497070534,0.347757637499,0.938053539343
282.939,108.69,162.0,0.60497070534,0.347757637499,0.938053539343
282.9,102.168,162.0,0.60497070534,0.347757637499,0.938053539343
281.285,96.4653,162.0,0.60497070534,0.347757637499,0.938053539343
276.028,94.8412,162.0,0.60497070534,0.347757637499,0.938053539343
269.534,94.7205,162.0,0.60497070534,0.347757637499,0.938053539343
264.069,97.903,162.0,0.60497070534,0.347757637499,0.938053539343
258.988,101.399,162.0,0.60497070534,0.347757637499,0.938053539343
253.149,104.287,162.0,0.60497070534,0.347757637499,0.938053539343
248.566,108.908,162.0,0.60497070534,0.347757637499,0.938053539343
243.363,112.766,162.0,0.60497070534,0.347757637499,0.938053539343
238.727,117.403,162.0,0.60497070534,0.347757637499,0.938053539343
233.697,120.962,162.0,0.60497070534,0.347757637499,0.938053539343
228.564,124.257,162.0,0.60497070534,0.347757637499,0.938053539343
222.775,126.658,162.0,0.60497070534,0.347757637499,0.938053539343
217.824,130.416,162.0,0.60497070534,0.347757637499,0.938053539343
212.704,133.753,162.0,0.60497070534,0.347757637499,0.938053539343
206.576,135.349,162.0,0.60497070534,0.347757637499,0.938053539343
201.262,137.694,162.0,0.60497070534,0.347757637499,0.938053539343
197.439,143.074,162.0,0.60497070534,0.347757637499,0.938053539343
192.224,146.719,162.0,0.60497070534,0.347757637499,0.938053539343
188.195,151.789,162.0,0.60497070534,0.347757637499,0.938053539343
185.171,155.44,162.0,0.60497070534,0.347757637499,0.938053539343
182.453,160.91,162.0,0.60497070534,0.347757637499,0.938053539343
178.758,166.175,162.0,0.60497070534,0.347757637499,0.938053539343
177.117,171.995,162.0,0.60497070534,0.347757637499,0.938053539343
175.694,178.02,162.0,0.60497070534,0.347757637499,0.938053539343
173.208,183.394,162.0,0.60497070534,0.347757637499,0.938053539343
170.81,188.437,162.0,0.60497070534,0.347757637499,0.938053539343
168.46,194.398,162.0,0.60497070534,0.347757637499,0.938053539343
165.639,200.25,162.0,0.60497070534,0.347757637499,0.938053539343
162.167,205.732,162.0,0.60497070534,0.347757637499,0.938053539343
158.745,211.195,162.0,0.60497070534,0.347757637499,0.938053539343
154.169,215.799,162.0,0.60497070534,0.347757637499,0.938053539343
151.48,221.378,162.0,0.60497070534,0.347757637499,0.938053539343
147.727,226.643,162.0,0.60497070534,0.347757637499,0.938053539343
144.193,232.026,162.0,0.60497070534,0.347757637499,0.938053539343
141.339,237.884,162.0,0.60497070534,0.347757637499,0.938053539343
138.111,243.331,162.0,0.60497070534,0.347757637499,0.938053539343
135.651,248.952,162.0,0.60497070534,0.347757637499,0.938053539343
133.199,255.004,162.0,0.60497070534,0.347757637499,0.938053539343
130.405,260.589,162.0,0.60497070534,0.347757637499,0.938053539343
128.919,266.756,162.0,0.60497070534,0.347757637499,0.938053539343
127.237,272.865,162.0,0.60497070534,0.347757637499,0.938053539343
127.328,279.386,162.0,0.60497070534,0.347757637499,0.938053539343
128.072,285.79,162.0,0.60497070534,0.347757637499,0.938053539343
128.833,292.216,162.0,0.60497070534,0.347757637499,0.938053539343
130.387,298.353,162.0,0.60497070534,0.347757637499,0.938053539343
131.937,304.492,162.0,0.60497070534,0.347757637499,0.938053539343
133.513,310.624,162.0,0.60497070534,0.347757637499,0.938053539343
136.298,316.463,162.0,0.60497070534,0.347757637499,0.938053539343
138.2,322.688,162.0,0.60497070534,0.347757637499,0.938053539343
139.451,328.91,162.0,0.60497070534,0.347757637499,0.938053539343
140.737,335.111,162.0,0.60497070534,0.347757637499,0.938053539343
142.794,341.13,162.0,0.60497070534,0.347757637499,0.938053539343
144.423,347.252,162.0,0.60497070534,0.347757637499,0.938053539343
146.629,353.277,162.0,0.60497070534,0.347757637499,0.938053539343
148.313,359.523,162.0,0.60497070534,0.347757637499,0.938053539343
150.614,365.478,162.0,0.60497070534,0.347757637499,0.938053539343
152.221,371.602,162.0,0.60497070534,0.347757637499,0.938053539343
153.794,377.735,162.0,0.60497070534,0.347757637499,0.938053539343
155.433,383.847,162.0,0.60497070534,0.347757637499,0.938053539343
156.569,390.225,162.0,0.60497070534,0.347757637499,0.938053539343
157.581,396.528,162.0,0.60497070534,0.347757637499,0.938053539343
158.388,402.843,162.0,0.60497070534,0.347757637499,0.938053539343
158.288,409.371,162.0,0.60497070534,0.347757637499,0.938053539343
160.105,415.447,162.0,0.60497070534,0.347757637499,0.938053539343
159.794,422.025,162.0,0.60497070534,0.347757637499,0.938053539343
161.098,428.221,162.0,0.60497070534,0.347757637499,0.938053539343
161.526,434.624,162.0,0.60497070534,0.347757637499,0.938053539343
161.545,441.124,162.0,0.60497070534,0.347757637499,0.938053539343
161.546,447.628,162.0,0.60497070534,0.347757637499,0.938053539343
161.546,454.132,162.0,0.60497070534,0.347757637499,0.938053539343
161.553,460.635,162.0,0.60497070534,0.347757637499,0.938053539343
161.744,467.09,162.0,0.60497070534,0.347757637499,0.938053539343
163.348,473.174,162.0,0.60497070534,0.347757637499,0.938053539343
165.125,479.042,162.0,0.60497070534,0.347757637499,0.938053539343
167.832,484.888,162.0,0.60497070534,0.347757637499,0.938053539343
168.864,491.295,162.0,0.60497070534,0.347757637499,0.938053539343
169.062,497.829,162.0,0.60497070534,0.347757637499,0.938053539343
170.941,503.56,162.0,0.60497070534,0.347757637499,0.938053539343
170.882,510.089,162.0,0.60497070534,0.347757637499,0.938053539343
170.886,516.594,162.0,0.60497070534,0.347757637499,0.938053539343
169.988,522.988,162.0,0.60497070534,0.347757637499,0.938053539343
169.33,529.411,162.0,0.60497070534,0.347757637499,0.938053539343
169.319,535.917,162.0,0.60497070534,0.347757637499,0.938053539343
171.114,541.678,162.0,0.60497070534,0.347757637499,0.938053539343
170.792,548.316,162.0,0.60497070534,0.347757637499,0.938053539343
172.444,554.136,162.0,0.60497070534,0.347757637499,0.938053539343
172.644,560.595,162.0,0.60497070534,0.347757637499,0.938053539343
174.338,566.638,162.0,0.60497070534,0.347757637499,0.938053539343
176.873,572.091,162.0,0.60497070534,0.347757637499,0.938053539343
177.082,578.503,162.0,0.60497070534,0.347757637499,0.938053539343
180.163,584.208,162.0,0.60497070534,0.347757637499,0.938053539343
181.989,588.896,162.0,0.60497070534,0.347757637499,0.938053539343
183.493,595.003,162.0,0.60497070534,0.347757637499,0.938053539343
184.759,600.989,162.0,0.60497070534,0.347757637499,0.938053539343
186.432,606.801,162.0,0.60497070534,0.347757637499,0.938053539343
188.022,612.647,162.0,0.60497070534,0.347757637499,0.938053539343
188.46,619.072,162.0,0.60497070534,0.347757637499,0.938053539343
189.585,625.398,162.0,0.60497070534,0.347757637499,0.938053539343
192.53,630.759,162.0,0.60497070534,0.347757637499,0.938053539343
196.768,634.89,162.0,0.60497070534,0.347757637499,0.938053539343
200.38,640.746,162.0,0.60497070534,0.347757637499,0.938053539343
204.097,646.013,162.0,0.60497070534,0.347757637499,0.938053539343
207.876,650.927,162.0,0.60497070534,0.347757637499,0.938053539343
