191.373,650.221,163.0,0.795439398097,0.473813528713,0.879504828594
198.149,650.313,163.0,0.795439398097,0.473813528713,0.879504828594
204.308,647.6,163.0,0.795439398097,0.473813528713,0.879504828594
211.108,647.184,163.0,0.795439398097,0.473813528713,0.879504828594
216.461,643.803,163.0,0.795439398097,0.473813528713,0.879504828594
221.913,640.501,163.0,0.795439398097,0.473813528713,0.879504828594
227.681,636.961,163.0,0.795439398097,0.473813528713,0.879504828594
233.116,633.095,163.0,0.795439398097,0.473813528713,0.879504828594
237.91,628.35,163.0,0.795439398097,0.473813528713,0.879504828594
243.867,625.485,163.0,0.795439398097,0.473813528713,0.879504828594
249.336,621.688,163.0,0.795439398097,0.473813528713,0.879504828594
254.549,618.008,163.0,0.795439398097,0.473813528713,0.879504828594
259.656,613.627,163.0,0.795439398097,0.473813528713,0.879504828594
264.208,609.066,163.0,0.795439398097,0.473813528713,0.879504828594
267.316,603.598,163.0,0.795439398097,0.473813528713,0.879504828594
268.824,597.468,163.0,0.795439398097,0.473813528713,0.879504828594
268.944,590.725,163.0,0.795439398097,0.473813528713,0.879504828594
266.026,585.18,163.0,0.795439398097,0.473813528713,0.879504828594
263.777,579.359,163.0,0.795439398097,0.473813528713,0.879504828594
259.874,574.222,163.0,0.795439398097,0.473813528713,0.879504828594
256.312,568.943,163.0,0.795439398097,0.473813528713,0.879504828594
252.956,563.58,163.0,0.795439398097,0.473813528713,0.879504828594
248.715,558.584,163.0,0.795439398097,0.473813528713,0.879504828594
245.049,553.355,163.0,0.795439398097,0.473813528713,0.879504828594
241.712,547.557,163.0,0.795439398097,0.473813528713,0.879504828594
238.745,541.488,163.0,0.795439398097,0.473813528713,0.879504828594
235.413,535.639,163.0,0.795439398097,0.473813528713,0.879504828594
233.175,530.46,163.0,0.795439398097,0.473813528713,0.879504828594
231.557,524.417,163.0,0.795439398097,0.473813528713,0.879504828594
229.863,518.065,163.0,0.795439398097,0.473813528713,0.879504828594
230.0,511.279,163.0,0.795439398097,0.473813528713,0.879504828594
230.003,504.526,163.0,0.795439398097,0.473813528713,0.879504828594
229.987,497.767,163.0,0.795439398097,0.473813528713,0.879504828594
233.012,493.118,163.0,0.795439398097,0.473813528713,0.879504828594
234.54,487.056,163.0,0.795439398097,0.473813528713,0.879504828594
234.676,480.36,163.0,0.795439398097,0.473813528713,0.879504828594
236.21,474.242,163.0,0.795439398097,0.473813528713,0.879504828594
236.225,467.495,163.0,0.795439398097,0.473813528713,0.879504828594
236.138,460.705,163.0,0.795439398097,0.473813528713,0.879504828594
237.789,454.632,163.0,0.795439398097,0.473813528713,0.879504828594
235.281,448.951,163.0,0.795439398097,0.473813528713,0.879504828594
232.75,444.076,163.0,0.795439398097,0.473813528713,0.879504828594
229.968,438.514,163.0,0.795439398097,0.473813528713,0.879504828594
227.085,432.683,163.0,0.795439398097,0.473813528713,0.879504828594
226.894,426.008,163.0,0.795439398097,0.473813528713,0.879504828594
226.889,419.256,163.0,0.795439398097,0.473813528713,0.879504828594
226.889,412.503,163.0,0.795439398097,0.473813528713,0.879504828594
226.889,405.749,163.0,0.795439398097,0.473813528713,0.879504828594
226.907,399.0,163.0,0.795439398097,0.473813528713,0.879504828594
227.411,392.366,163.0,0.795439398097,0.473813528713,0.879504828594
228.331,385.835,163.0,0.795439398097,0.473813528713,0.879504828594
230.027,379.36,163.0,0.795439398097,0.473813528713,0.879504828594
230.273,372.666,163.0,0.795439398097,0.473813528713,0.879504828594
231.6,366.237,163.0,0.795439398097,0.473813528713,0.879504828594
233.35,360.204,163.0,0.795439398097,0.473813528713,0.879504828594
233.289,353.378,163.0,0.795439398097,0.473813528713,0.879504828594
235.294,346.927,163.0,0.795439398097,0.473813528713,0.879504828594
237.639,340.697,163.0,0.795439398097,0.473813528713,0.879504828594
239.31,334.664,163.0,0.795439398097,0.473813528713,0.879504828594
240.853,328.259,163.0,0.795439398097,0.473813528713,0.879504828594
244.381,322.588,163.0,0.795439398097,0.473813528713,0.879504828594
245.5,316.02,163.0,0.795439398097,0.473813528713,0.879504828594
247.138,309.654,163.0,0.795439398097,0.473813528713,0.879504828594
248.672,303.263,163.0,0.795439398097,0.473813528713,0.879504828594
250.273,296.887,163.0,0.795439398097,0.473813528713,0.879504828594
250.348,290.14,163.0,0.795439398097,0.473813528713,0.879504828594
251.836,283.567,163.0,0.795439398097,0.473813528713,0.879504828594
251.774,276.805,163.0,0.795439398097,0.473813528713,0.879504828594
251.619,270.012,163.0,0.795439398097,0.473813528713,0.879504828594
253.128,263.57,163.0,0.795439398097,0.473813528713,0.879504828594
255.929,257.808,163.0,0.795439398097,0.473813528713,0.879504828594
257.979,251.806,163.0,0.795439398097,0.473813528713,0.879504828594
261.116,247.264,163.0,0.795439398097,0.473813528713,0.879504828594
264.224,241.549,163.0,0.795439398097,0.473813528713,0.879504828594
266.433,235.682,163.0,0.795439398097,0.473813528713,0.879504828594
268.84,229.904,163.0,0.795439398097,0.473813528713,0.879504828594
270.413,224.712,163.0,0.795439398097,0.473813528713,0.879504828594
270.34,217.971,163.0,0.795439398097,0.473813528713,0.879504828594
272.005,211.612,163.0,0.795439398097,0.473813528713,0.879504828594
273.564,205.225,163.0,0.795439398097,0.473813528713,0.879504828594
276.647,199.474,163.0,0.795439398097,0.473813528713,0.879504828594
281.096,194.561,163.0,0.795439398097,0.473813528713,0.879504828594
284.526,189.235,163.0,0.795439398097,0.473813528713,0.879504828594
286.4,182.978,163.0,0.795439398097,0.473813528713,0.879504828594
287.563,176.703,163.0,0.795439398097,0.473813528713,0.879504828594
287.562,169.951,163.0,0.795439398097,0.473813528713,0.879504828594
287.562,163.198,163.0,0.795439398097,0.473813528713,0.879504828594
287.166,156.609,163.0,0.795439398097,0.473813528713,0.879504828594
285.84,150.376,163.0,0.795439398097,0.473813528713,0.879504828594
284.484,143.941,163.0,0.795439398097,0.473813528713,0.879504828594
284.457,137.194,163.0,0.795439398097,0.473813528713,0.879504828594
284.453,130.441,163.0,0.795439398097,0.473813528713,0.879504828594
284.453,123.688,163.0,0.795439398097,0.473813528713,0.879504828594
284.507,116.957,163.0,0.795439398097,0.473813528713,0.879504828594
285.976,110.814,163.0,0.795439398097,0.473813528713,0.879504828594
288.574,105.722,163.0,0.795439398097,0.473813528713,0.879504828594
289.129,99.5224,163.0,0.795439398097,0.473813528713,0.879504828594
290.66,93.4117,163.0,0.795439398097,0.473813528713,0.879504828594
287.167,88.0378,163.0,0.795439398097,0.473813528713,0.879504828594
280.83,87.0128,163.0,0.795439398097,0.473813528713,0.879504828594
274.086,87.046,163.0,0.795439398097,0.473813528713,0.879504828594
268.155,89.0229,163.0,0.795439398097,0.473813528713,0.879504828594
262.792,93.1951,163.0,0.795439398097,0.473813528713,0.879504828594
257.196,96.8304,163.0,0.795439398097,0.473813528713,0.879504828594
251.909,100.896,163.0,0.795439398097,0.473813528713,0.879504828594
247.131,105.669,163.0,0.795439398097,0.473813528713,0.879504828594
241.731,109.678,163.0,0.795439398097,0.473813528713,0.879504828594
236.23,113.463,163.0,0.795439398097,0.473813528713,0.879504828594
230.167,116.451,163.0,0.795439398097,0.473813528713,0.879504828594
225.386,121.232,163.0,0.795439398097,0.473813528713,0.879504828594
219.654,124.148,163.0,0.795439398097,0.473813528713,0.879504828594
215.918,128.252,163.0,0.795439398097,0.473813528713,0.879504828594
212.85,133.819,163.0,0.795439398097,0.473813528713,0.879504828594
208.71,139.068,163.0,0.795439398097,0.473813528713,0.879504828594
204.147,144.011,163.0,0.795439398097,0.473813528713,0.879504828594
198.915,147.687,163.0,0.795439398097,0.473813528713,0.879504828594
194.112,152.396,163.0,0.795439398097,0.473813528713,0.879504828594
188.458,155.045,163.0,0.795439398097,0.473813528713,0.879504828594
183.529,159.74,163.0,0.795439398097,0.473813528713,0.879504828594
181.045,165.868,163.0,0.795439398097,0.473813528713,0.879504828594
180.017,172.408,163.0,0.795439398097,0.473813528713,0.879504828594
178.601,178.98,163.0,0.795439398097,0.473813528713,0.879504828594
178.616,185.731,163.0,0.795439398097,0.473813528713,0.879504828594
177.277,192.156,163.0,0.795439398097,0.473813528713,0.879504828594
175.45,198.199,163.0,0.795439398097,0.473813528713,0.879504828594
173.196,204.309,163.0,0.795439398097,0.473813528713,0.879504828594
169.49,209.512,163.0,0.795439398097,0.473813528713,0.879504828594
166.175,214.929,163.0,0.795439398097,0.473813528713,0.879504828594
162.566,218.934,163.0,0.795439398097,0.473813528713,0.879504828594
160.887,225.787,163.0,0.795439398097,0.473813528713,0.879504828594
156.453,230.897,163.0,0.795439398097,0.473813528713,0.879504828594
152.394,236.186,163.0,0.795439398097,0.473813528713,0.879504828594
147.502,240.878,163.0,0.795439398097,0.473813528713,0.879504828594
143.459,246.182,163.0,0.795439398097,0.473813528713,0.879504828594
138.947,251.15,163.0,0.795439398097,0.473813528713,0.879504828594
134.179,255.905,163.0,0.795439398097,0.473813528713,0.879504828594
129.124,260.231,163.0,0.795439398097,0.473813528713,0.879504828594
123.383,263.452,163.0,0.795439398097,0.473813528713,0.879504828594
118.498,268.101,163.0,0.795439398097,0.473813528713,0.879504828594
112.437,271.219,163.0,0.795439398097,0.473813528713,0.879504828594
111.763,277.716,163.0,0.795439398097,0.473813528713,0.879504828594
112.251,284.341,163.0,0.795439398097,0.473813528713,0.879504828594
115.886,290.076,163.0,0.795439398097,0.473813528713,0.879504828594
119.495,295.326,163.0,0.795439398097,0.473813528713,0.879504828594
123.049,300.626,163.0,0.795439398097,0.473813528713,0.879504828594
128.403,304.47,163.0,0.795439398097,0.473813528713,0.879504828594
132.509,309.902,163.0,0.795439398097,0.473813528713,0.879504828594
136.237,315.416,163.0,0.795439398097,0.473813528713,0.879504828594
139.967,320.944,163.0,0.795439398097,0.473813528713,0.879504828594
143.622,326.527,163.0,0.795439398097,0.473813528713,0.879504828594
147.276,332.115,163.0,0.795439398097,0.473813528713,0.879504828594
150.137,338.23,163.0,0.795439398097,0.473813528713,0.879504828594
152.177,344.493,163.0,0.795439398097,0.473813528713,0.879504828594
155.119,350.538,163.0,0.795439398097,0.473813528713,0.879504828594
157.02,356.549,163.0,0.795439398097,0.473813528713,0.879504828594
158.544,362.968,163.0,0.795439398097,0.473813528713,0.879504828594
159.527,369.62,163.0,0.795439398097,0.473813528713,0.879504828594
160.466,376.201,163.0,0.795439398097,0.473813528713,0.879504828594
163.237,382.302,163.0,0.795439398097,0.473813528713,0.879504828594
163.188,389.067,163.0,0.795439398097,0.473813528713,0.879504828594
164.767,395.448,163.0,0.795439398097,0.473813528713,0.879504828594
164.673,402.223,163.0,0.795439398097,0.473813528713,0.879504828594
164.655,408.981,163.0,0.795439398097,0.473813528713,0.879504828594
164.659,415.734,163.0,0.795439398097,0.473813528713,0.879504828594
164.694,422.492,163.0,0.795439398097,0.473813528713,0.879504828594
163.463,429.093,163.0,0.795439398097,0.473813528713,0.879504828594
163.114,435.804,163.0,0.795439398097,0.473813528713,0.879504828594
163.093,442.558,163.0,0.795439398097,0.473813528713,0.879504828594
163.123,449.304,163.0,0.795439398097,0.473813528713,0.879504828594
164.651,455.696,163.0,0.795439398097,0.473813528713,0.879504828594
167.009,461.561,163.0,0.795439398097,0.473813528713,0.879504828594
169.993,467.661,163.0,0.795439398097,0.473813528713,0.879504828594
171.356,474.091,163.0,0.795439398097,0.473813528713,0.879504828594
173.469,480.488,163.0,0.795439398097,0.473813528713,0.879504828594
175.648,486.768,163.0,0.795439398097,0.473813528713,0.879504828594
175.267,493.661,163.0,0.795439398097,0.473813528713,0.879504828594
177.058,499.675,163.0,0.795439398097,0.473813528713,0.879504828594
177.181,506.42,163.0,0.795439398097,0.473813528713,0.879504828594
175.532,512.905,163.0,0.795439398097,0.473813528713,0.879504828594
175.549,519.661,163.0,0.795439398097,0.473813528713,0.879504828594
175.564,526.41,163.0,0.795439398097,0.473813528713,0.879504828594
176.037,533.052,163.0,0.795439398097,0.473813528713,0.879504828594
177.021,539.574,163.0,0.795439398097,0.473813528713,0.879504828594
177.107,546.304,163.0,0.795439398097,0.473813528713,0.879504828594
177.064,553.045,163.0,0.795439398097,0.473813528713,0.879504828594
175.633,559.394,163.0,0.795439398097,0.473813528713,0.879504828594
173.992,564.644,163.0,0.795439398097,0.473813528713,0.879504828594
173.956,571.384,163.0,0.795439398097,0.473813528713,0.879504828594
173.895,578.173,163.0,0.795439398097,0.473813528713,0.879504828594
175.616,584.514,163.0,0.795439398097,0.473813528713,0.879504828594
177.167,590.62,163.0,0.795439398097,0.473813528713,0.879504828594
177.092,597.405,163.0,0.795439398097,0.473813528713,0.879504828594
177.571,603.959,163.0,0.795439398097,0.473813528713,0.879504828594
178.852,610.215,163.0,0.795439398097,0.473813528713,0.879504828594
180.438,616.595,163.0,0.795439398097,0.473813528713,0.879504828594
182.075,622.955,163.0,0.795439398097,0.473813528713,0.879504828594
183.913,629.143,163.0,0.795439398097,0.473813528713,0.879504828594
189.537,631.664,163.0,0.795439398097,0.473813528713,0.879504828594
191.579,636.212,163.0,0.795439398097,0.473813528713,0.879504828594
189.632,645.068,163.0,0.795439398097,0.473813528713,0.879504828594
