173.928,645.915,169.0,0.795439398097,0.473813528713,0.879504828594
176.655,651.917,169.0,0.795439398097,0.473813528713,0.879504828594
180.86,656.974,169.0,0.795439398097,0.473813528713,0.879504828594
186.416,661.144,169.0,0.795439398097,0.473813528713,0.879504828594
192.886,662.387,169.0,0.795439398097,0.473813528713,0.879504828594
199.232,659.992,169.0,0.795439398097,0.473813528713,0.879504828594
206.036,658.878,169.0,0.795439398097,0.473813528713,0.879504828594
212.015,655.484,169.0,0.795439398097,0.473813528713,0.879504828594
218.69,653.425,169.0,0.795439398097,0.473813528713,0.879504828594
225.028,651.079,169.0,0.795439398097,0.473813528713,0.879504828594
231.249,648.92,169.0,0.795439398097,0.473813528713,0.879504828594
237.698,646.155,169.0,0.795439398097,0.473813528713,0.879504828594
244.029,643.251,169.0,0.795439398097,0.473813528713,0.879504828594
250.149,639.842,169.0,0.795439398097,0.473813528713,0.879504828594
256.108,636.25,169.0,0.795439398097,0.473813528713,0.879504828594
259.85,630.658,169.0,0.795439398097,0.473813528713,0.879504828594
261.69,624.292,169.0,0.795439398097,0.473813528713,0.879504828594
261.671,617.199,169.0,0.795439398097,0.473813528713,0.879504828594
258.032,611.684,169.0,0.795439398097,0.473813528713,0.879504828594
256.326,605.364,169.0,0.795439398097,0.473813528713,0.879504828594
253.475,599.33,169.0,0.795439398097,0.473813528713,0.879504828594
253.426,592.323,169.0,0.795439398097,0.473813528713,0.879504828594
252.23,585.448,169.0,0.795439398097,0.473813528713,0.879504828594
252.242,578.425,169.0,0.795439398097,0.473813528713,0.879504828594
252.241,571.403,169.0,0.795439398097,0.473813528713,0.879504828594
252.234,564.385,169.0,0.795439398097,0.473813528713,0.879504828594
252.363,557.31,169.0,0.795439398097,0.473813528713,0.879504828594
248.897,551.552,169.0,0.795439398097,0.473813528713,0.879504828594
246.93,544.986,169.0,0.795439398097,0.473813528713,0.879504828594
244.107,538.631,169.0,0.795439398097,0.473813528713,0.879504828594
242.755,531.913,169.0,0.795439398097,0.473813528713,0.879504828594
239.275,526.164,169.0,0.795439398097,0.473813528713,0.879504828594
237.038,519.858,169.0,0.795439398097,0.473813528713,0.879504828594
236.296,513.146,169.0,0.795439398097,0.473813528713,0.879504828594
234.714,506.78,169.0,0.795439398097,0.473813528713,0.879504828594
233.532,500.037,169.0,0.795439398097,0.473813528713,0.879504828594
233.53,493.01,169.0,0.795439398097,0.473813528713,0.879504828594
234.984,486.568,169.0,0.795439398097,0.473813528713,0.879504828594
239.791,481.761,169.0,0.795439398097,0.473813528713,0.879504828594
245.798,478.787,169.0,0.795439398097,0.473813528713,0.879504828594
251.796,476.37,169.0,0.795439398097,0.473813528713,0.879504828594
258.485,474.33,169.0,0.795439398097,0.473813528713,0.879504828594
264.999,472.17,169.0,0.795439398097,0.473813528713,0.879504828594
268.566,467.753,169.0,0.795439398097,0.473813528713,0.879504828594
265.965,461.005,169.0,0.795439398097,0.473813528713,0.879504828594
261.614,456.582,169.0,0.795439398097,0.473813528713,0.879504828594
256.032,452.713,169.0,0.795439398097,0.473813528713,0.879504828594
250.261,449.348,169.0,0.795439398097,0.473813528713,0.879504828594
244.044,446.012,169.0,0.795439398097,0.473813528713,0.879504828594
238.555,442.92,169.0,0.795439398097,0.473813528713,0.879504828594
233.451,438.506,169.0,0.795439398097,0.473813528713,0.879504828594
229.071,433.241,169.0,0.795439398097,0.473813528713,0.879504828594
224.143,428.295,169.0,0.795439398097,0.473813528713,0.879504828594
221.5,422.138,169.0,0.795439398097,0.473813528713,0.879504828594
220.73,415.124,169.0,0.795439398097,0.473813528713,0.879504828594
219.527,408.384,169.0,0.795439398097,0.473813528713,0.879504828594
219.496,401.361,169.0,0.795439398097,0.473813528713,0.879504828594
221.612,394.793,169.0,0.795439398097,0.473813528713,0.879504828594
223.52,388.427,169.0,0.795439398097,0.473813528713,0.879504828594
225.347,381.941,169.0,0.795439398097,0.473813528713,0.879504828594
227.693,375.91,169.0,0.795439398097,0.473813528713,0.879504828594
229.475,369.306,169.0,0.795439398097,0.473813528713,0.879504828594
232.342,362.964,169.0,0.795439398097,0.473813528713,0.879504828594
234.937,356.542,169.0,0.795439398097,0.473813528713,0.879504828594
237.648,350.087,169.0,0.795439398097,0.473813528713,0.879504828594
239.669,343.545,169.0,0.795439398097,0.473813528713,0.879504828594
241.936,336.918,169.0,0.795439398097,0.473813528713,0.879504828594
244.004,330.389,169.0,0.795439398097,0.473813528713,0.879504828594
246.189,323.891,169.0,0.795439398097,0.473813528713,0.879504828594
248.851,317.935,169.0,0.795439398097,0.473813528713,0.879504828594
251.11,311.419,169.0,0.795439398097,0.473813528713,0.879504828594
251.105,304.373,169.0,0.795439398097,0.473813528713,0.879504828594
249.598,297.911,169.0,0.795439398097,0.473813528713,0.879504828594
248.624,291.119,169.0,0.795439398097,0.473813528713,0.879504828594
247.536,284.229,169.0,0.795439398097,0.473813528713,0.879504828594
247.567,277.203,169.0,0.795439398097,0.473813528713,0.879504828594
247.537,270.179,169.0,0.795439398097,0.473813528713,0.879504828594
250.409,264.079,169.0,0.795439398097,0.473813528713,0.879504828594
254.265,258.367,169.0,0.795439398097,0.473813528713,0.879504828594
258.109,253.12,169.0,0.795439398097,0.473813528713,0.879504828594
262.696,248.724,169.0,0.795439398097,0.473813528713,0.879504828594
266.013,243.042,169.0,0.795439398097,0.473813528713,0.879504828594
267.429,236.608,169.0,0.795439398097,0.473813528713,0.879504828594
268.58,229.853,169.0,0.795439398097,0.473813528713,0.879504828594
270.988,223.829,169.0,0.795439398097,0.473813528713,0.879504828594
271.801,217.144,169.0,0.795439398097,0.473813528713,0.879504828594
275.147,211.393,169.0,0.795439398097,0.473813528713,0.879504828594
278.926,206.464,169.0,0.795439398097,0.473813528713,0.879504828594
283.806,202.899,169.0,0.795439398097,0.473813528713,0.879504828594
286.654,197.707,169.0,0.795439398097,0.473813528713,0.879504828594
288.504,191.062,169.0,0.795439398097,0.473813528713,0.879504828594
289.824,184.351,169.0,0.795439398097,0.473813528713,0.879504828594
290.3,177.399,169.0,0.795439398097,0.473813528713,0.879504828594
291.901,170.554,169.0,0.795439398097,0.473813528713,0.879504828594
291.983,163.531,169.0,0.795439398097,0.473813528713,0.879504828594
291.993,156.505,169.0,0.795439398097,0.473813528713,0.879504828594
290.994,149.897,169.0,0.795439398097,0.473813528713,0.879504828594
288.219,144.025,169.0,0.795439398097,0.473813528713,0.879504828594
285.639,138.081,169.0,0.795439398097,0.473813528713,0.879504828594
282.659,131.991,169.0,0.795439398097,0.473813528713,0.879504828594
280.284,125.741,169.0,0.795439398097,0.473813528713,0.879504828594
277.03,119.486,169.0,0.795439398097,0.473813528713,0.879504828594
275.305,112.805,169.0,0.795439398097,0.473813528713,0.879504828594
272.102,107.026,169.0,0.795439398097,0.473813528713,0.879504828594
268.797,101.371,169.0,0.795439398097,0.473813528713,0.879504828594
265.364,95.4701,169.0,0.795439398097,0.473813528713,0.879504828594
259.353,93.0307,169.0,0.795439398097,0.473813528713,0.879504828594
252.335,93.0196,169.0,0.795439398097,0.473813528713,0.879504828594
247.088,96.6881,169.0,0.795439398097,0.473813528713,0.879504828594
241.73,101.197,169.0,0.795439398097,0.473813528713,0.879504828594
237.444,106.654,169.0,0.795439398097,0.473813528713,0.879504828594
232.893,111.008,169.0,0.795439398097,0.473813528713,0.879504828594
227.561,115.466,169.0,0.795439398097,0.473813528713,0.879504828594
222.588,119.701,169.0,0.795439398097,0.473813528713,0.879504828594
218.394,123.825,169.0,0.795439398097,0.473813528713,0.879504828594
213.227,127.646,169.0,0.795439398097,0.473813528713,0.879504828594
209.017,132.597,169.0,0.795439398097,0.473813528713,0.879504828594
203.544,136.056,169.0,0.795439398097,0.473813528713,0.879504828594
197.75,137.444,169.0,0.795439398097,0.473813528713,0.879504828594
192.293,139.23,169.0,0.795439398097,0.473813528713,0.879504828594
189.296,145.166,169.0,0.795439398097,0.473813528713,0.879504828594
187.847,151.843,169.0,0.795439398097,0.473813528713,0.879504828594
186.667,158.586,169.0,0.795439398097,0.473813528713,0.879504828594
185.511,165.335,169.0,0.795439398097,0.473813528713,0.879504828594
185.617,172.382,169.0,0.795439398097,0.473813528713,0.879504828594
185.613,179.403,169.0,0.795439398097,0.473813528713,0.879504828594
185.54,186.407,169.0,0.795439398097,0.473813528713,0.879504828594
184.421,193.166,169.0,0.795439398097,0.473813528713,0.879504828594
183.024,199.808,169.0,0.795439398097,0.473813528713,0.879504828594
180.348,205.936,169.0,0.795439398097,0.473813528713,0.879504828594
175.615,210.517,169.0,0.795439398097,0.473813528713,0.879504828594
170.683,215.496,169.0,0.795439398097,0.473813528713,0.879504828594
165.942,221.002,169.0,0.795439398097,0.473813528713,0.879504828594
160.407,224.594,169.0,0.795439398097,0.473813528713,0.879504828594
155.436,229.559,169.0,0.795439398097,0.473813528713,0.879504828594
150.621,234.218,169.0,0.795439398097,0.473813528713,0.879504828594
147.022,237.6,169.0,0.795439398097,0.473813528713,0.879504828594
142.852,243.124,169.0,0.795439398097,0.473813528713,0.879504828594
139.963,249.234,169.0,0.795439398097,0.473813528713,0.879504828594
138.702,255.967,169.0,0.795439398097,0.473813528713,0.879504828594
136.988,262.633,169.0,0.795439398097,0.473813528713,0.879504828594
135.225,269.079,169.0,0.795439398097,0.473813528713,0.879504828594
134.001,275.843,169.0,0.795439398097,0.473813528713,0.879504828594
131.825,282.138,169.0,0.795439398097,0.473813528713,0.879504828594
128.487,287.991,169.0,0.795439398097,0.473813528713,0.879504828594
127.178,294.466,169.0,0.795439398097,0.473813528713,0.879504828594
127.958,301.303,169.0,0.795439398097,0.473813528713,0.879504828594
129.665,307.918,169.0,0.795439398097,0.473813528713,0.879504828594
131.053,314.727,169.0,0.795439398097,0.473813528713,0.879504828594
132.11,321.561,169.0,0.795439398097,0.473813528713,0.879504828594
133.144,328.409,169.0,0.795439398097,0.473813528713,0.879504828594
135.538,334.953,169.0,0.795439398097,0.473813528713,0.879504828594
136.457,341.76,169.0,0.795439398097,0.473813528713,0.879504828594
137.765,348.473,169.0,0.795439398097,0.473813528713,0.879504828594
139.105,355.183,169.0,0.795439398097,0.473813528713,0.879504828594
138.666,362.34,169.0,0.795439398097,0.473813528713,0.879504828594
140.025,368.798,169.0,0.795439398097,0.473813528713,0.879504828594
140.032,375.817,169.0,0.795439398097,0.473813528713,0.879504828594
141.174,382.661,169.0,0.795439398097,0.473813528713,0.879504828594
142.355,389.399,169.0,0.795439398097,0.473813528713,0.879504828594
143.578,396.132,169.0,0.795439398097,0.473813528713,0.879504828594
144.685,402.892,169.0,0.795439398097,0.473813528713,0.879504828594
145.368,409.753,169.0,0.795439398097,0.473813528713,0.879504828594
147.08,416.371,169.0,0.795439398097,0.473813528713,0.879504828594
148.35,423.093,169.0,0.795439398097,0.473813528713,0.879504828594
149.409,429.868,169.0,0.795439398097,0.473813528713,0.879504828594
150.537,436.754,169.0,0.795439398097,0.473813528713,0.879504828594
151.589,443.327,169.0,0.795439398097,0.473813528713,0.879504828594
153.039,449.997,169.0,0.795439398097,0.473813528713,0.879504828594
154.33,456.783,169.0,0.795439398097,0.473813528713,0.879504828594
156.382,463.379,169.0,0.795439398097,0.473813528713,0.879504828594
158.815,469.608,169.0,0.795439398097,0.473813528713,0.879504828594
162.967,474.896,169.0,0.795439398097,0.473813528713,0.879504828594
167.046,480.489,169.0,0.795439398097,0.473813528713,0.879504828594
169.225,486.837,169.0,0.795439398097,0.473813528713,0.879504828594
172.956,491.84,169.0,0.795439398097,0.473813528713,0.879504828594
176.48,497.903,169.0,0.795439398097,0.473813528713,0.879504828594
180.902,503.257,169.0,0.795439398097,0.473813528713,0.879504828594
184.461,509.223,169.0,0.795439398097,0.473813528713,0.879504828594
187.411,515.024,169.0,0.795439398097,0.473813528713,0.879504828594
191.521,520.447,169.0,0.795439398097,0.473813528713,0.879504828594
194.733,525.349,169.0,0.795439398097,0.473813528713,0.879504828594
198.419,531.252,169.0,0.795439398097,0.473813528713,0.879504828594
200.858,537.697,169.0,0.795439398097,0.473813528713,0.879504828594
200.816,544.733,169.0,0.795439398097,0.473813528713,0.879504828594
199.089,551.222,169.0,0.795439398097,0.473813528713,0.879504828594
196.131,557.097,169.0,0.795439398097,0.473813528713,0.879504828594
193.986,563.448,169.0,0.795439398097,0.473813528713,0.879504828594
191.432,569.615,169.0,0.795439398097,0.473813528713,0.879504828594
191.46,576.644,169.0,0.795439398097,0.473813528713,0.879504828594
191.475,583.661,169.0,0.795439398097,0.473813528713,0.879504828594
192.877,590.357,169.0,0.795439398097,0.473813528713,0.879504828594
192.456,597.506,169.0,0.795439398097,0.473813528713,0.879504828594
193.825,603.979,169.0,0.795439398097,0.473813528713,0.879504828594
191.362,609.984,169.0,0.795439398097,0.473813528713,0.879504828594
189.462,616.187,169.0,0.795439398097,0.473813528713,0.879504828594
186.713,621.419,169.0,0.795439398097,0.473813528713,0.879504828594
181.541,626.573,169.0,0.795439398097,0.473813528713,0.879504828594
177.888,632.569,169.0,0.795439398097,0.473813528713,0.879504828594
175.146,639.07,169.0,0.795439398097,0.473813528713,0.879504828594
