173.163,629.901,177.0,0.795439398097,0.473813528713,0.879504828594
178.362,633.966,177.0,0.795439398097,0.473813528713,0.879504828594
183.79,637.023,177.0,0.795439398097,0.473813528713,0.879504828594
189.882,639.028,177.0,0.795439398097,0.473813528713,0.879504828594
196.611,638.907,177.0,0.795439398097,0.473813528713,0.879504828594
203.305,638.876,177.0,0.795439398097,0.473813528713,0.879504828594
209.665,636.753,177.0,0.795439398097,0.473813528713,0.879504828594
215.665,633.84,177.0,0.795439398097,0.473813528713,0.879504828594
219.112,628.842,177.0,0.795439398097,0.473813528713,0.879504828594
219.539,622.315,177.0,0.795439398097,0.473813528713,0.879504828594
220.777,615.917,177.0,0.795439398097,0.473813528713,0.879504828594
219.742,609.348,177.0,0.795439398097,0.473813528713,0.879504828594
219.536,602.694,177.0,0.795439398097,0.473813528713,0.879504828594
220.736,596.282,177.0,0.795439398097,0.473813528713,0.879504828594
221.636,589.987,177.0,0.795439398097,0.473813528713,0.879504828594
224.219,583.92,177.0,0.795439398097,0.473813528713,0.879504828594
228.245,578.674,177.0,0.795439398097,0.473813528713,0.879504828594
233.015,573.964,177.0,0.795439398097,0.473813528713,0.879504828594
237.748,569.228,177.0,0.795439398097,0.473813528713,0.879504828594
241.707,564.172,177.0,0.795439398097,0.473813528713,0.879504828594
242.779,557.936,177.0,0.795439398097,0.473813528713,0.879504828594
244.074,551.459,177.0,0.795439398097,0.473813528713,0.879504828594
243.194,544.966,177.0,0.795439398097,0.473813528713,0.879504828594
241.272,538.723,177.0,0.795439398097,0.473813528713,0.879504828594
238.327,532.717,177.0,0.795439398097,0.473813528713,0.879504828594
234.442,527.271,177.0,0.795439398097,0.473813528713,0.879504828594
231.183,521.562,177.0,0.795439398097,0.473813528713,0.879504828594
228.809,515.856,177.0,0.795439398097,0.473813528713,0.879504828594
228.865,509.136,177.0,0.795439398097,0.473813528713,0.879504828594
227.577,502.903,177.0,0.795439398097,0.473813528713,0.879504828594
229.251,496.593,177.0,0.795439398097,0.473813528713,0.879504828594
231.224,490.577,177.0,0.795439398097,0.473813528713,0.879504828594
233.974,484.696,177.0,0.795439398097,0.473813528713,0.879504828594
238.219,479.675,177.0,0.795439398097,0.473813528713,0.879504828594
242.152,474.959,177.0,0.795439398097,0.473813528713,0.879504828594
246.595,471.592,177.0,0.795439398097,0.473813528713,0.879504828594
251.301,466.837,177.0,0.795439398097,0.473813528713,0.879504828594
256.44,463.06,177.0,0.795439398097,0.473813528713,0.879504828594
259.238,457.412,177.0,0.795439398097,0.473813528713,0.879504828594
256.794,451.751,177.0,0.795439398097,0.473813528713,0.879504828594
251.525,447.752,177.0,0.795439398097,0.473813528713,0.879504828594
246.037,444.03,177.0,0.795439398097,0.473813528713,0.879504828594
240.96,439.684,177.0,0.795439398097,0.473813528713,0.879504828594
235.982,435.705,177.0,0.795439398097,0.473813528713,0.879504828594
231.432,431.143,177.0,0.795439398097,0.473813528713,0.879504828594
227.381,426.243,177.0,0.795439398097,0.473813528713,0.879504828594
224.0,420.675,177.0,0.795439398097,0.473813528713,0.879504828594
222.983,414.187,177.0,0.795439398097,0.473813528713,0.879504828594
221.823,407.765,177.0,0.795439398097,0.473813528713,0.879504828594
221.826,401.065,177.0,0.795439398097,0.473813528713,0.879504828594
221.962,394.348,177.0,0.795439398097,0.473813528713,0.879504828594
220.586,387.874,177.0,0.795439398097,0.473813528713,0.879504828594
220.666,381.163,177.0,0.795439398097,0.473813528713,0.879504828594
220.587,374.452,177.0,0.795439398097,0.473813528713,0.879504828594
221.968,367.984,177.0,0.795439398097,0.473813528713,0.879504828594
221.936,361.148,177.0,0.795439398097,0.473813528713,0.879504828594
225.224,355.325,177.0,0.795439398097,0.473813528713,0.879504828594
226.543,348.955,177.0,0.795439398097,0.473813528713,0.879504828594
227.599,342.427,177.0,0.795439398097,0.473813528713,0.879504828594
228.629,335.902,177.0,0.795439398097,0.473813528713,0.879504828594
229.849,329.477,177.0,0.795439398097,0.473813528713,0.879504828594
231.176,322.923,177.0,0.795439398097,0.473813528713,0.879504828594
230.995,316.173,177.0,0.795439398097,0.473813528713,0.879504828594
232.587,309.851,177.0,0.795439398097,0.473813528713,0.879504828594
233.538,303.379,177.0,0.795439398097,0.473813528713,0.879504828594
234.977,297.011,177.0,0.795439398097,0.473813528713,0.879504828594
235.861,290.403,177.0,0.795439398097,0.473813528713,0.879504828594
236.996,283.974,177.0,0.795439398097,0.473813528713,0.879504828594
238.797,277.703,177.0,0.795439398097,0.473813528713,0.879504828594
240.75,271.462,177.0,0.795439398097,0.473813528713,0.879504828594
242.363,264.954,177.0,0.795439398097,0.473813528713,0.879504828594
245.281,258.927,177.0,0.795439398097,0.473813528713,0.879504828594
247.736,253.047,177.0,0.795439398097,0.473813528713,0.879504828594
250.953,247.684,177.0,0.795439398097,0.473813528713,0.879504828594
253.935,242.232,177.0,0.795439398097,0.473813528713,0.879504828594
257.914,236.965,177.0,0.795439398097,0.473813528713,0.879504828594
261.164,231.311,177.0,0.795439398097,0.473813528713,0.879504828594
265.228,226.089,177.0,0.795439398097,0.473813528713,0.879504828594
269.534,221.045,177.0,0.795439398097,0.473813528713,0.879504828594
273.347,215.649,177.0,0.795439398097,0.473813528713,0.879504828594
276.757,210.074,177.0,0.795439398097,0.473813528713,0.879504828594
279.761,204.623,177.0,0.795439398097,0.473813528713,0.879504828594
283.28,199.288,177.0,0.795439398097,0.473813528713,0.879504828594
285.407,193.25,177.0,0.795439398097,0.473813528713,0.879504828594
288.36,188.364,177.0,0.795439398097,0.473813528713,0.879504828594
291.672,183.318,177.0,0.795439398097,0.473813528713,0.879504828594
294.666,177.359,177.0,0.795439398097,0.473813528713,0.879504828594
296.708,171.159,177.0,0.795439398097,0.473813528713,0.879504828594
297.673,164.665,177.0,0.795439398097,0.473813528713,0.879504828594
299.002,158.513,177.0,0.795439398097,0.473813528713,0.879504828594
296.824,152.228,177.0,0.795439398097,0.473813528713,0.879504828594
293.15,146.787,177.0,0.795439398097,0.473813528713,0.879504828594
290.821,141.052,177.0,0.795439398097,0.473813528713,0.879504828594
288.067,135.173,177.0,0.795439398097,0.473813528713,0.879504828594
284.423,129.587,177.0,0.795439398097,0.473813528713,0.879504828594
281.4,124.036,177.0,0.795439398097,0.473813528713,0.879504828594
279.075,118.282,177.0,0.795439398097,0.473813528713,0.879504828594
277.262,112.064,177.0,0.795439398097,0.473813528713,0.879504828594
274.247,106.615,177.0,0.795439398097,0.473813528713,0.879504828594
270.758,101.234,177.0,0.795439398097,0.473813528713,0.879504828594
266.786,95.8454,177.0,0.795439398097,0.473813528713,0.879504828594
262.802,90.7985,177.0,0.795439398097,0.473813528713,0.879504828594
260.32,85.794,177.0,0.795439398097,0.473813528713,0.879504828594
256.102,81.3531,177.0,0.795439398097,0.473813528713,0.879504828594
250.345,78.9184,177.0,0.795439398097,0.473813528713,0.879504828594
246.128,82.9702,177.0,0.795439398097,0.473813528713,0.879504828594
242.394,88.482,177.0,0.795439398097,0.473813528713,0.879504828594
238.52,93.8328,177.0,0.795439398097,0.473813528713,0.879504828594
235.156,99.551,177.0,0.795439398097,0.473813528713,0.879504828594
230.554,104.039,177.0,0.795439398097,0.473813528713,0.879504828594
226.026,108.581,177.0,0.795439398097,0.473813528713,0.879504828594
222.708,114.438,177.0,0.795439398097,0.473813528713,0.879504828594
218.576,119.632,177.0,0.795439398097,0.473813528713,0.879504828594
213.402,123.706,177.0,0.795439398097,0.473813528713,0.879504828594
208.237,127.843,177.0,0.795439398097,0.473813528713,0.879504828594
203.051,131.583,177.0,0.795439398097,0.473813528713,0.879504828594
198.51,135.11,177.0,0.795439398097,0.473813528713,0.879504828594
192.889,138.211,177.0,0.795439398097,0.473813528713,0.879504828594
187.385,141.551,177.0,0.795439398097,0.473813528713,0.879504828594
184.425,147.245,177.0,0.795439398097,0.473813528713,0.879504828594
183.018,153.4,177.0,0.795439398097,0.473813528713,0.879504828594
182.104,159.87,177.0,0.795439398097,0.473813528713,0.879504828594
182.135,166.569,177.0,0.795439398097,0.473813528713,0.879504828594
181.373,173.202,177.0,0.795439398097,0.473813528713,0.879504828594
180.939,179.863,177.0,0.795439398097,0.473813528713,0.879504828594
180.935,186.559,177.0,0.795439398097,0.473813528713,0.879504828594
179.846,193.083,177.0,0.795439398097,0.473813528713,0.879504828594
178.029,199.375,177.0,0.795439398097,0.473813528713,0.879504828594
177.204,205.917,177.0,0.795439398097,0.473813528713,0.879504828594
173.952,211.733,177.0,0.795439398097,0.473813528713,0.879504828594
171.718,217.532,177.0,0.795439398097,0.473813528713,0.879504828594
168.548,222.392,177.0,0.795439398097,0.473813528713,0.879504828594
165.216,228.172,177.0,0.795439398097,0.473813528713,0.879504828594
161.532,233.746,177.0,0.795439398097,0.473813528713,0.879504828594
157.674,239.095,177.0,0.795439398097,0.473813528713,0.879504828594
153.411,244.161,177.0,0.795439398097,0.473813528713,0.879504828594
148.855,248.791,177.0,0.795439398097,0.473813528713,0.879504828594
144.723,253.684,177.0,0.795439398097,0.473813528713,0.879504828594
140.003,258.336,177.0,0.795439398097,0.473813528713,0.879504828594
136.426,263.035,177.0,0.795439398097,0.473813528713,0.879504828594
133.015,268.361,177.0,0.795439398097,0.473813528713,0.879504828594
130.308,274.377,177.0,0.795439398097,0.473813528713,0.879504828594
127.156,280.087,177.0,0.795439398097,0.473813528713,0.879504828594
124.979,286.305,177.0,0.795439398097,0.473813528713,0.879504828594
123.676,292.455,177.0,0.795439398097,0.473813528713,0.879504828594
122.651,299.106,177.0,0.795439398097,0.473813528713,0.879504828594
123.77,305.519,177.0,0.795439398097,0.473813528713,0.879504828594
124.248,312.188,177.0,0.795439398097,0.473813528713,0.879504828594
126.12,318.599,177.0,0.795439398097,0.473813528713,0.879504828594
126.304,325.243,177.0,0.795439398097,0.473813528713,0.879504828594
128.375,331.545,177.0,0.795439398097,0.473813528713,0.879504828594
129.203,338.155,177.0,0.795439398097,0.473813528713,0.879504828594
129.705,344.798,177.0,0.795439398097,0.473813528713,0.879504828594
130.944,351.225,177.0,0.795439398097,0.473813528713,0.879504828594
131.94,357.756,177.0,0.795439398097,0.473813528713,0.879504828594
134.131,364.1,177.0,0.795439398097,0.473813528713,0.879504828594
135.402,370.505,177.0,0.795439398097,0.473813528713,0.879504828594
137.672,376.83,177.0,0.795439398097,0.473813528713,0.879504828594
138.88,383.332,177.0,0.795439398097,0.473813528713,0.879504828594
141.04,389.51,177.0,0.795439398097,0.473813528713,0.879504828594
143.526,395.71,177.0,0.795439398097,0.473813528713,0.879504828594
146.482,401.244,177.0,0.795439398097,0.473813528713,0.879504828594
147.338,407.864,177.0,0.795439398097,0.473813528713,0.879504828594
150.178,413.458,177.0,0.795439398097,0.473813528713,0.879504828594
153.18,418.77,177.0,0.795439398097,0.473813528713,0.879504828594
156.984,423.817,177.0,0.795439398097,0.473813528713,0.879504828594
161.166,428.66,177.0,0.795439398097,0.473813528713,0.879504828594
165.354,433.429,177.0,0.795439398097,0.473813528713,0.879504828594
169.959,437.933,177.0,0.795439398097,0.473813528713,0.879504828594
174.452,442.872,177.0,0.795439398097,0.473813528713,0.879504828594
177.703,448.679,177.0,0.795439398097,0.473813528713,0.879504828594
181.396,454.165,177.0,0.795439398097,0.473813528713,0.879504828594
185.358,459.458,177.0,0.795439398097,0.473813528713,0.879504828594
188.309,465.477,177.0,0.795439398097,0.473813528713,0.879504828594
190.688,471.75,177.0,0.795439398097,0.473813528713,0.879504828594
193.778,477.497,177.0,0.795439398097,0.473813528713,0.879504828594
194.794,483.888,177.0,0.795439398097,0.473813528713,0.879504828594
196.102,489.473,177.0,0.795439398097,0.473813528713,0.879504828594
197.169,496.018,177.0,0.795439398097,0.473813528713,0.879504828594
198.455,502.42,177.0,0.795439398097,0.473813528713,0.879504828594
198.473,509.112,177.0,0.795439398097,0.473813528713,0.879504828594
198.407,515.824,177.0,0.795439398097,0.473813528713,0.879504828594
199.798,522.192,177.0,0.795439398097,0.473813528713,0.879504828594
200.915,528.624,177.0,0.795439398097,0.473813528713,0.879504828594
200.812,535.347,177.0,0.795439398097,0.473813528713,0.879504828594
200.765,542.031,177.0,0.795439398097,0.473813528713,0.879504828594
199.771,548.511,177.0,0.795439398097,0.473813528713,0.879504828594
197.379,554.222,177.0,0.795439398097,0.473813528713,0.879504828594
193.24,559.293,177.0,0.795439398097,0.473813528713,0.879504828594
189.177,564.541,177.0,0.795439398097,0.473813528713,0.879504828594
184.819,569.581,177.0,0.795439398097,0.473813528713,0.879504828594
180.775,574.842,177.0,0.795439398097,0.473813528713,0.879504828594
176.369,579.003,177.0,0.795439398097,0.473813528713,0.879504828594
175.095,585.162,177.0,0.795439398097,0.473813528713,0.879504828594
174.952,592.001,177.0,0.795439398097,0.473813528713,0.879504828594
180.873,592.603,177.0,0.795439398097,0.473813528713,0.879504828594
183.118,596.446,177.0,0.795439398097,0.473813528713,0.879504828594
182.131,603.174,177.0,0.795439398097,0.473813528713,0.879504828594
178.837,611.964,177.0,0.795439398097,0.473813528713,0.879504828594
174.158,621.99,177.0,0.795439398097,0.473813528713,0.879504828594
