212.345,562.977,184.0,0.795439398097,0.473813528713,0.879504828594
218.169,563.164,184.0,0.795439398097,0.473813528713,0.879504828594
223.362,561.654,184.0,0.795439398097,0.473813528713,0.879504828594
228.045,559.007,184.0,0.795439398097,0.473813528713,0.879504828594
230.065,553.597,184.0,0.795439398097,0.473813528713,0.879504828594
231.656,548.438,184.0,0.795439398097,0.473813528713,0.879504828594
231.555,542.576,184.0,0.795439398097,0.473813528713,0.879504828594
231.502,536.772,184.0,0.795439398097,0.473813528713,0.879504828594
231.629,530.921,184.0,0.795439398097,0.473813528713,0.879504828594
228.933,525.753,184.0,0.795439398097,0.473813528713,0.879504828594
227.68,520.354,184.0,0.795439398097,0.473813528713,0.879504828594
226.889,514.859,184.0,0.795439398097,0.473813528713,0.879504828594
225.406,509.389,184.0,0.795439398097,0.473813528713,0.879504828594
223.778,503.954,184.0,0.795439398097,0.473813528713,0.879504828594
222.12,498.821,184.0,0.795439398097,0.473813528713,0.879504828594
222.218,492.96,184.0,0.795439398097,0.473813528713,0.879504828594
224.564,487.818,184.0,0.795439398097,0.473813528713,0.879504828594
227.481,483.222,184.0,0.795439398097,0.473813528713,0.879504828594
231.546,479.086,184.0,0.795439398097,0.473813528713,0.879504828594
235.906,475.312,184.0,0.795439398097,0.473813528713,0.879504828594
240.385,471.701,184.0,0.795439398097,0.473813528713,0.879504828594
245.202,468.559,184.0,0.795439398097,0.473813528713,0.879504828594
249.714,465.159,184.0,0.795439398097,0.473813528713,0.879504828594
251.729,460.488,184.0,0.795439398097,0.473813528713,0.879504828594
253.286,456.267,184.0,0.795439398097,0.473813528713,0.879504828594
250.685,451.568,184.0,0.795439398097,0.473813528713,0.879504828594
246.597,447.439,184.0,0.795439398097,0.473813528713,0.879504828594
242.484,443.32,184.0,0.795439398097,0.473813528713,0.879504828594
237.721,440.099,184.0,0.795439398097,0.473813528713,0.879504828594
233.141,437.106,184.0,0.795439398097,0.473813528713,0.879504828594
228.838,433.063,184.0,0.795439398097,0.473813528713,0.879504828594
226.197,428.249,184.0,0.795439398097,0.473813528713,0.879504828594
222.617,423.724,184.0,0.795439398097,0.473813528713,0.879504828594
220.678,418.434,184.0,0.795439398097,0.473813528713,0.879504828594
220.654,412.62,184.0,0.795439398097,0.473813528713,0.879504828594
219.616,407.045,184.0,0.795439398097,0.473813528713,0.879504828594
219.198,401.325,184.0,0.795439398097,0.473813528713,0.879504828594
219.101,395.528,184.0,0.795439398097,0.473813528713,0.879504828594
219.11,389.707,184.0,0.795439398097,0.473813528713,0.879504828594
219.112,383.887,184.0,0.795439398097,0.473813528713,0.879504828594
219.1,378.067,184.0,0.795439398097,0.473813528713,0.879504828594
221.092,372.595,184.0,0.795439398097,0.473813528713,0.879504828594
222.223,367.049,184.0,0.795439398097,0.473813528713,0.879504828594
225.059,361.9,184.0,0.795439398097,0.473813528713,0.879504828594
226.071,356.331,184.0,0.795439398097,0.473813528713,0.879504828594
227.405,350.911,184.0,0.795439398097,0.473813528713,0.879504828594
228.253,345.459,184.0,0.795439398097,0.473813528713,0.879504828594
230.109,340.089,184.0,0.795439398097,0.473813528713,0.879504828594
230.02,334.248,184.0,0.795439398097,0.473813528713,0.879504828594
231.486,328.608,184.0,0.795439398097,0.473813528713,0.879504828594
231.412,322.765,184.0,0.795439398097,0.473813528713,0.879504828594
233.239,317.376,184.0,0.795439398097,0.473813528713,0.879504828594
233.023,311.505,184.0,0.795439398097,0.473813528713,0.879504828594
234.742,306.091,184.0,0.795439398097,0.473813528713,0.879504828594
234.655,300.252,184.0,0.795439398097,0.473813528713,0.879504828594
236.562,294.743,184.0,0.795439398097,0.473813528713,0.879504828594
237.859,289.136,184.0,0.795439398097,0.473813528713,0.879504828594
238.194,283.399,184.0,0.795439398097,0.473813528713,0.879504828594
240.911,278.221,184.0,0.795439398097,0.473813528713,0.879504828594
242.083,272.678,184.0,0.795439398097,0.473813528713,0.879504828594
243.984,267.307,184.0,0.795439398097,0.473813528713,0.879504828594
246.063,261.979,184.0,0.795439398097,0.473813528713,0.879504828594
248.595,256.757,184.0,0.795439398097,0.473813528713,0.879504828594
251.196,251.552,184.0,0.795439398097,0.473813528713,0.879504828594
253.799,246.348,184.0,0.795439398097,0.473813528713,0.879504828594
256.396,241.138,184.0,0.795439398097,0.473813528713,0.879504828594
258.759,235.737,184.0,0.795439398097,0.473813528713,0.879504828594
262.679,232.189,184.0,0.795439398097,0.473813528713,0.879504828594
266.464,227.923,184.0,0.795439398097,0.473813528713,0.879504828594
268.8,223.019,184.0,0.795439398097,0.473813528713,0.879504828594
273.228,219.745,184.0,0.795439398097,0.473813528713,0.879504828594
276.271,214.749,184.0,0.795439398097,0.473813528713,0.879504828594
280.483,211.524,184.0,0.795439398097,0.473813528713,0.879504828594
284.178,207.167,184.0,0.795439398097,0.473813528713,0.879504828594
287.318,202.351,184.0,0.795439398097,0.473813528713,0.879504828594
290.553,197.61,184.0,0.795439398097,0.473813528713,0.879504828594
293.534,193.02,184.0,0.795439398097,0.473813528713,0.879504828594
295.2,187.53,184.0,0.795439398097,0.473813528713,0.879504828594
297.901,182.465,184.0,0.795439398097,0.473813528713,0.879504828594
300.018,177.237,184.0,0.795439398097,0.473813528713,0.879504828594
301.887,172.19,184.0,0.795439398097,0.473813528713,0.879504828594
303.854,166.977,184.0,0.795439398097,0.473813528713,0.879504828594
304.681,161.317,184.0,0.795439398097,0.473813528713,0.879504828594
304.676,155.499,184.0,0.795439398097,0.473813528713,0.879504828594
303.038,150.332,184.0,0.795439398097,0.473813528713,0.879504828594
301.651,144.837,184.0,0.795439398097,0.473813528713,0.879504828594
299.92,139.735,184.0,0.795439398097,0.473813528713,0.879504828594
296.724,134.921,184.0,0.795439398097,0.473813528713,0.879504828594
295.141,129.448,184.0,0.795439398097,0.473813528713,0.879504828594
292.244,124.631,184.0,0.795439398097,0.473813528713,0.879504828594
290.403,119.292,184.0,0.795439398097,0.473813528713,0.879504828594
288.381,114.303,184.0,0.795439398097,0.473813528713,0.879504828594
286.083,109.182,184.0,0.795439398097,0.473813528713,0.879504828594
284.412,104.035,184.0,0.795439398097,0.473813528713,0.879504828594
281.347,99.4876,184.0,0.795439398097,0.473813528713,0.879504828594
279.261,95.2643,184.0,0.795439398097,0.473813528713,0.879504828594
274.499,92.3346,184.0,0.795439398097,0.473813528713,0.879504828594
269.931,89.3209,184.0,0.795439398097,0.473813528713,0.879504828594
265.069,87.0091,184.0,0.795439398097,0.473813528713,0.879504828594
260.158,84.8157,184.0,0.795439398097,0.473813528713,0.879504828594
255.606,81.7553,184.0,0.795439398097,0.473813528713,0.879504828594
251.58,77.4206,184.0,0.795439398097,0.473813528713,0.879504828594
246.217,75.9682,184.0,0.795439398097,0.473813528713,0.879504828594
241.85,79.6631,184.0,0.795439398097,0.473813528713,0.879504828594
238.819,84.2345,184.0,0.795439398097,0.473813528713,0.879504828594
235.925,88.8558,184.0,0.795439398097,0.473813528713,0.879504828594
234.179,93.9549,184.0,0.795439398097,0.473813528713,0.879504828594
230.565,98.4694,184.0,0.795439398097,0.473813528713,0.879504828594
226.656,102.752,184.0,0.795439398097,0.473813528713,0.879504828594
223.659,107.329,184.0,0.795439398097,0.473813528713,0.879504828594
219.577,111.458,184.0,0.795439398097,0.473813528713,0.879504828594
215.34,115.522,184.0,0.795439398097,0.473813528713,0.879504828594
214.519,121.001,184.0,0.795439398097,0.473813528713,0.879504828594
212.142,125.929,184.0,0.795439398097,0.473813528713,0.879504828594
209.602,130.949,184.0,0.795439398097,0.473813528713,0.879504828594
205.35,135.007,184.0,0.795439398097,0.473813528713,0.879504828594
201.302,139.292,184.0,0.795439398097,0.473813528713,0.879504828594
196.752,142.355,184.0,0.795439398097,0.473813528713,0.879504828594
191.846,144.573,184.0,0.795439398097,0.473813528713,0.879504828594
187.953,147.404,184.0,0.795439398097,0.473813528713,0.879504828594
187.81,153.266,184.0,0.795439398097,0.473813528713,0.879504828594
184.839,158.06,184.0,0.795439398097,0.473813528713,0.879504828594
183.326,163.254,184.0,0.795439398097,0.473813528713,0.879504828594
183.333,169.076,184.0,0.795439398097,0.473813528713,0.879504828594
183.324,174.892,184.0,0.795439398097,0.473813528713,0.879504828594
183.327,180.713,184.0,0.795439398097,0.473813528713,0.879504828594
183.327,186.532,184.0,0.795439398097,0.473813528713,0.879504828594
183.335,192.354,184.0,0.795439398097,0.473813528713,0.879504828594
183.476,198.209,184.0,0.795439398097,0.473813528713,0.879504828594
181.828,203.672,184.0,0.795439398097,0.473813528713,0.879504828594
178.737,208.185,184.0,0.795439398097,0.473813528713,0.879504828594
177.065,213.313,184.0,0.795439398097,0.473813528713,0.879504828594
175.427,218.49,184.0,0.795439398097,0.473813528713,0.879504828594
172.572,223.619,184.0,0.795439398097,0.473813528713,0.879504828594
169.834,228.745,184.0,0.795439398097,0.473813528713,0.879504828594
166.479,233.51,184.0,0.795439398097,0.473813528713,0.879504828594
163.561,238.532,184.0,0.795439398097,0.473813528713,0.879504828594
160.975,243.747,184.0,0.795439398097,0.473813528713,0.879504828594
158.375,248.955,184.0,0.795439398097,0.473813528713,0.879504828594
155.105,253.678,184.0,0.795439398097,0.473813528713,0.879504828594
152.032,258.548,184.0,0.795439398097,0.473813528713,0.879504828594
148.633,263.262,184.0,0.795439398097,0.473813528713,0.879504828594
145.663,268.2,184.0,0.795439398097,0.473813528713,0.879504828594
143.036,273.388,184.0,0.795439398097,0.473813528713,0.879504828594
140.424,278.591,184.0,0.795439398097,0.473813528713,0.879504828594
137.76,283.783,184.0,0.795439398097,0.473813528713,0.879504828594
136.652,289.341,184.0,0.795439398097,0.473813528713,0.879504828594
134.552,294.786,184.0,0.795439398097,0.473813528713,0.879504828594
133.493,300.348,184.0,0.795439398097,0.473813528713,0.879504828594
131.902,305.792,184.0,0.795439398097,0.473813528713,0.879504828594
130.988,311.396,184.0,0.795439398097,0.473813528713,0.879504828594
130.468,317.092,184.0,0.795439398097,0.473813528713,0.879504828594
130.436,322.904,184.0,0.795439398097,0.473813528713,0.879504828594
130.427,328.722,184.0,0.795439398097,0.473813528713,0.879504828594
130.423,334.543,184.0,0.795439398097,0.473813528713,0.879504828594
131.344,340.214,184.0,0.795439398097,0.473813528713,0.879504828594
131.903,345.946,184.0,0.795439398097,0.473813528713,0.879504828594
133.515,351.386,184.0,0.795439398097,0.473813528713,0.879504828594
134.682,356.911,184.0,0.795439398097,0.473813528713,0.879504828594
135.938,362.705,184.0,0.795439398097,0.473813528713,0.879504828594
138.216,367.605,184.0,0.795439398097,0.473813528713,0.879504828594
139.787,373.082,184.0,0.795439398097,0.473813528713,0.879504828594
141.355,378.549,184.0,0.795439398097,0.473813528713,0.879504828594
143.637,383.475,184.0,0.795439398097,0.473813528713,0.879504828594
144.545,389.112,184.0,0.795439398097,0.473813528713,0.879504828594
148.448,393.444,184.0,0.795439398097,0.473813528713,0.879504828594
150.934,398.714,184.0,0.795439398097,0.473813528713,0.879504828594
153.529,403.924,184.0,0.795439398097,0.473813528713,0.879504828594
156.132,409.129,184.0,0.795439398097,0.473813528713,0.879504828594
158.735,414.334,184.0,0.795439398097,0.473813528713,0.879504828594
161.334,419.538,184.0,0.795439398097,0.473813528713,0.879504828594
164.474,424.442,184.0,0.795439398097,0.473813528713,0.879504828594
167.701,429.198,184.0,0.795439398097,0.473813528713,0.879504828594
170.889,433.981,184.0,0.795439398097,0.473813528713,0.879504828594
174.11,438.74,184.0,0.795439398097,0.473813528713,0.879504828594
177.873,443.104,184.0,0.795439398097,0.473813528713,0.879504828594
180.916,448.071,184.0,0.795439398097,0.473813528713,0.879504828594
183.843,453.081,184.0,0.795439398097,0.473813528713,0.879504828594
185.53,458.19,184.0,0.795439398097,0.473813528713,0.879504828594
188.006,462.983,184.0,0.795439398097,0.473813528713,0.879504828594
189.801,468.06,184.0,0.795439398097,0.473813528713,0.879504828594
189.542,473.983,184.0,0.795439398097,0.473813528713,0.879504828594
189.514,479.787,184.0,0.795439398097,0.473813528713,0.879504828594
189.345,485.537,184.0,0.795439398097,0.473813528713,0.879504828594
188.096,490.839,184.0,0.795439398097,0.473813528713,0.879504828594
186.53,496.009,184.0,0.795439398097,0.473813528713,0.879504828594
186.44,501.792,184.0,0.795439398097,0.473813528713,0.879504828594
186.421,507.603,184.0,0.795439398097,0.473813528713,0.879504828594
185.159,512.9,184.0,0.795439398097,0.473813528713,0.879504828594
184.874,518.601,184.0,0.795439398097,0.473813528713,0.879504828594
184.883,524.425,184.0,0.795439398097,0.473813528713,0.879504828594
184.883,530.244,184.0,0.795439398097,0.473813528713,0.879504828594
184.883,536.063,184.0,0.795439398097,0.473813528713,0.879504828594
184.896,541.877,184.0,0.795439398097,0.473813528713,0.879504828594
187.354,546.68,184.0,0.795439398097,0.473813528713,0.879504828594
189.253,551.672,184.0,0.795439398097,0.473813528713,0.879504828594
190.967,555.989,184.0,0.795439398097,0.473813528713,0.879504828594
195.81,557.057,184.0,0.795439398097,0.473813528713,0.879504828594
201.349,558.388,184.0,0.795439398097,0.473813528713,0.879504828594
206.959,560.408,184.0,0.795439398097,0.473813528713,0.879504828594
