187.567,515.861,188.0,0.60497070534,0.347757637499,0.938053539343
185.838,521.493,188.0,0.60497070534,0.347757637499,0.938053539343
186.271,526.931,188.0,0.60497070534,0.347757637499,0.938053539343
190.688,530.578,188.0,0.60497070534,0.347757637499,0.938053539343
195.147,534.861,188.0,0.60497070534,0.347757637499,0.938053539343
196.798,540.525,188.0,0.60497070534,0.347757637499,0.938053539343
196.804,546.701,188.0,0.60497070534,0.347757637499,0.938053539343
196.853,552.828,188.0,0.60497070534,0.347757637499,0.938053539343
197.863,557.995,188.0,0.60497070534,0.347757637499,0.938053539343
201.462,561.72,188.0,0.60497070534,0.347757637499,0.938053539343
207.032,563.573,188.0,0.60497070534,0.347757637499,0.938053539343
212.961,564.606,188.0,0.60497070534,0.347757637499,0.938053539343
218.741,565.588,188.0,0.60497070534,0.347757637499,0.938053539343
224.99,565.699,188.0,0.60497070534,0.347757637499,0.938053539343
227.658,561.026,188.0,0.60497070534,0.347757637499,0.938053539343
229.677,555.254,188.0,0.60497070534,0.347757637499,0.938053539343
229.652,549.073,188.0,0.60497070534,0.347757637499,0.938053539343
228.703,543.111,188.0,0.60497070534,0.347757637499,0.938053539343
226.747,537.466,188.0,0.60497070534,0.347757637499,0.938053539343
224.818,531.745,188.0,0.60497070534,0.347757637499,0.938053539343
223.857,525.796,188.0,0.60497070534,0.347757637499,0.938053539343
223.463,519.781,188.0,0.60497070534,0.347757637499,0.938053539343
221.868,514.264,188.0,0.60497070534,0.347757637499,0.938053539343
221.886,508.055,188.0,0.60497070534,0.347757637499,0.938053539343
223.719,502.234,188.0,0.60497070534,0.347757637499,0.938053539343
223.857,496.06,188.0,0.60497070534,0.347757637499,0.938053539343
226.653,490.916,188.0,0.60497070534,0.347757637499,0.938053539343
229.118,485.472,188.0,0.60497070534,0.347757637499,0.938053539343
232.966,481.015,188.0,0.60497070534,0.347757637499,0.938053539343
236.056,475.691,188.0,0.60497070534,0.347757637499,0.938053539343
239.394,471.371,188.0,0.60497070534,0.347757637499,0.938053539343
237.305,465.88,188.0,0.60497070534,0.347757637499,0.938053539343
233.879,460.795,188.0,0.60497070534,0.347757637499,0.938053539343
230.603,455.973,188.0,0.60497070534,0.347757637499,0.938053539343
227.787,450.962,188.0,0.60497070534,0.347757637499,0.938053539343
225.707,445.646,188.0,0.60497070534,0.347757637499,0.938053539343
224.96,439.573,188.0,0.60497070534,0.347757637499,0.938053539343
224.006,433.609,188.0,0.60497070534,0.347757637499,0.938053539343
223.852,427.468,188.0,0.60497070534,0.347757637499,0.938053539343
223.852,421.291,188.0,0.60497070534,0.347757637499,0.938053539343
223.852,415.113,188.0,0.60497070534,0.347757637499,0.938053539343
223.851,408.936,188.0,0.60497070534,0.347757637499,0.938053539343
223.885,402.755,188.0,0.60497070534,0.347757637499,0.938053539343
222.886,396.699,188.0,0.60497070534,0.347757637499,0.938053539343
221.818,390.977,188.0,0.60497070534,0.347757637499,0.938053539343
220.98,384.968,188.0,0.60497070534,0.347757637499,0.938053539343
220.955,378.797,188.0,0.60497070534,0.347757637499,0.938053539343
220.955,372.621,188.0,0.60497070534,0.347757637499,0.938053539343
220.989,366.452,188.0,0.60497070534,0.347757637499,0.938053539343
222.471,360.624,188.0,0.60497070534,0.347757637499,0.938053539343
223.529,354.697,188.0,0.60497070534,0.347757637499,0.938053539343
224.578,348.767,188.0,0.60497070534,0.347757637499,0.938053539343
226.09,342.951,188.0,0.60497070534,0.347757637499,0.938053539343
228.608,337.613,188.0,0.60497070534,0.347757637499,0.938053539343
230.083,331.709,188.0,0.60497070534,0.347757637499,0.938053539343
232.542,326.111,188.0,0.60497070534,0.347757637499,0.938053539343
233.347,320.098,188.0,0.60497070534,0.347757637499,0.938053539343
234.476,314.385,188.0,0.60497070534,0.347757637499,0.938053539343
235.421,308.431,188.0,0.60497070534,0.347757637499,0.938053539343
236.392,302.483,188.0,0.60497070534,0.347757637499,0.938053539343
236.685,296.375,188.0,0.60497070534,0.347757637499,0.938053539343
237.676,290.432,188.0,0.60497070534,0.347757637499,0.938053539343
240.302,284.874,188.0,0.60497070534,0.347757637499,0.938053539343
242.412,279.196,188.0,0.60497070534,0.347757637499,0.938053539343
245.152,273.658,188.0,0.60497070534,0.347757637499,0.938053539343
247.55,268.147,188.0,0.60497070534,0.347757637499,0.938053539343
250.391,262.681,188.0,0.60497070534,0.347757637499,0.938053539343
253.684,257.539,188.0,0.60497070534,0.347757637499,0.938053539343
257.474,252.751,188.0,0.60497070534,0.347757637499,0.938053539343
261.21,248.132,188.0,0.60497070534,0.347757637499,0.938053539343
264.068,242.683,188.0,0.60497070534,0.347757637499,0.938053539343
267.206,237.374,188.0,0.60497070534,0.347757637499,0.938053539343
270.543,232.318,188.0,0.60497070534,0.347757637499,0.938053539343
273.051,227.035,188.0,0.60497070534,0.347757637499,0.938053539343
275.772,221.9,188.0,0.60497070534,0.347757637499,0.938053539343
279.397,217.403,188.0,0.60497070534,0.347757637499,0.938053539343
283.017,212.753,188.0,0.60497070534,0.347757637499,0.938053539343
286.37,207.656,188.0,0.60497070534,0.347757637499,0.938053539343
289.791,202.857,188.0,0.60497070534,0.347757637499,0.938053539343
292.412,197.591,188.0,0.60497070534,0.347757637499,0.938053539343
295.356,192.635,188.0,0.60497070534,0.347757637499,0.938053539343
299.175,188.039,188.0,0.60497070534,0.347757637499,0.938053539343
302.162,182.921,188.0,0.60497070534,0.347757637499,0.938053539343
306.35,178.424,188.0,0.60497070534,0.347757637499,0.938053539343
310.449,173.834,188.0,0.60497070534,0.347757637499,0.938053539343
310.795,167.8,188.0,0.60497070534,0.347757637499,0.938053539343
310.797,161.622,188.0,0.60497070534,0.347757637499,0.938053539343
309.587,155.765,188.0,0.60497070534,0.347757637499,0.938053539343
307.069,150.503,188.0,0.60497070534,0.347757637499,0.938053539343
305.95,144.56,188.0,0.60497070534,0.347757637499,0.938053539343
304.02,138.748,188.0,0.60497070534,0.347757637499,0.938053539343
301.705,133.117,188.0,0.60497070534,0.347757637499,0.938053539343
300.115,127.316,188.0,0.60497070534,0.347757637499,0.938053539343
297.576,121.761,188.0,0.60497070534,0.347757637499,0.938053539343
296.319,116.025,188.0,0.60497070534,0.347757637499,0.938053539343
293.613,110.833,188.0,0.60497070534,0.347757637499,0.938053539343
291.433,105.175,188.0,0.60497070534,0.347757637499,0.938053539343
289.605,99.5928,188.0,0.60497070534,0.347757637499,0.938053539343
287.917,93.8188,188.0,0.60497070534,0.347757637499,0.938053539343
286.824,87.7997,188.0,0.60497070534,0.347757637499,0.938053539343
284.655,82.1262,188.0,0.60497070534,0.347757637499,0.938053539343
283.071,76.3211,188.0,0.60497070534,0.347757637499,0.938053539343
280.76,70.876,188.0,0.60497070534,0.347757637499,0.938053539343
278.037,65.3281,188.0,0.60497070534,0.347757637499,0.938053539343
275.31,59.7937,188.0,0.60497070534,0.347757637499,0.938053539343
273.057,54.334,188.0,0.60497070534,0.347757637499,0.938053539343
269.272,49.7276,188.0,0.60497070534,0.347757637499,0.938053539343
263.872,47.8249,188.0,0.60497070534,0.347757637499,0.938053539343
258.36,49.6009,188.0,0.60497070534,0.347757637499,0.938053539343
252.899,52.0743,188.0,0.60497070534,0.347757637499,0.938053539343
248.273,56.2489,188.0,0.60497070534,0.347757637499,0.938053539343
243.205,59.328,188.0,0.60497070534,0.347757637499,0.938053539343
239.579,63.994,188.0,0.60497070534,0.347757637499,0.938053539343
235.724,68.6942,188.0,0.60497070534,0.347757637499,0.938053539343
232.496,73.9516,188.0,0.60497070534,0.347757637499,0.938053539343
229.22,79.1067,188.0,0.60497070534,0.347757637499,0.938053539343
226.267,84.4981,188.0,0.60497070534,0.347757637499,0.938053539343
223.837,90.0953,188.0,0.60497070534,0.347757637499,0.938053539343
221.556,95.734,188.0,0.60497070534,0.347757637499,0.938053539343
218.84,101.27,188.0,0.60497070534,0.347757637499,0.938053539343
216.067,106.793,188.0,0.60497070534,0.347757637499,0.938053539343
215.12,112.74,188.0,0.60497070534,0.347757637499,0.938053539343
213.884,118.403,188.0,0.60497070534,0.347757637499,0.938053539343
211.053,123.434,188.0,0.60497070534,0.347757637499,0.938053539343
207.476,127.915,188.0,0.60497070534,0.347757637499,0.938053539343
202.571,129.983,188.0,0.60497070534,0.347757637499,0.938053539343
196.357,129.883,188.0,0.60497070534,0.347757637499,0.938053539343
190.18,129.884,188.0,0.60497070534,0.347757637499,0.938053539343
183.992,129.858,188.0,0.60497070534,0.347757637499,0.938053539343
178.217,130.816,188.0,0.60497070534,0.347757637499,0.938053539343
176.51,135.883,188.0,0.60497070534,0.347757637499,0.938053539343
176.516,142.061,188.0,0.60497070534,0.347757637499,0.938053539343
176.542,148.233,188.0,0.60497070534,0.347757637499,0.938053539343
177.466,154.191,188.0,0.60497070534,0.347757637499,0.938053539343
178.65,160.12,188.0,0.60497070534,0.347757637499,0.938053539343
179.406,166.197,188.0,0.60497070534,0.347757637499,0.938053539343
180.463,172.126,188.0,0.60497070534,0.347757637499,0.938053539343
181.835,177.769,188.0,0.60497070534,0.347757637499,0.938053539343
183.305,183.638,188.0,0.60497070534,0.347757637499,0.938053539343
184.701,189.4,188.0,0.60497070534,0.347757637499,0.938053539343
187.586,194.428,188.0,0.60497070534,0.347757637499,0.938053539343
189.059,200.368,188.0,0.60497070534,0.347757637499,0.938053539343
192.729,205.388,188.0,0.60497070534,0.347757637499,0.938053539343
194.328,210.99,188.0,0.60497070534,0.347757637499,0.938053539343
193.51,216.75,188.0,0.60497070534,0.347757637499,0.938053539343
189.994,221.727,188.0,0.60497070534,0.347757637499,0.938053539343
185.973,226.098,188.0,0.60497070534,0.347757637499,0.938053539343
181.68,230.111,188.0,0.60497070534,0.347757637499,0.938053539343
177.349,234.157,188.0,0.60497070534,0.347757637499,0.938053539343
172.991,238.571,188.0,0.60497070534,0.347757637499,0.938053539343
169.25,243.392,188.0,0.60497070534,0.347757637499,0.938053539343
165.268,248.034,188.0,0.60497070534,0.347757637499,0.938053539343
162.035,252.538,188.0,0.60497070534,0.347757637499,0.938053539343
157.988,256.876,188.0,0.60497070534,0.347757637499,0.938053539343
155.198,262.37,188.0,0.60497070534,0.347757637499,0.938053539343
152.039,267.664,188.0,0.60497070534,0.347757637499,0.938053539343
149.287,273.197,188.0,0.60497070534,0.347757637499,0.938053539343
146.971,278.909,188.0,0.60497070534,0.347757637499,0.938053539343
143.536,284.05,188.0,0.60497070534,0.347757637499,0.938053539343
140.659,289.506,188.0,0.60497070534,0.347757637499,0.938053539343
137.894,295.031,188.0,0.60497070534,0.347757637499,0.938053539343
135.536,300.723,188.0,0.60497070534,0.347757637499,0.938053539343
133.372,306.47,188.0,0.60497070534,0.347757637499,0.938053539343
130.85,312.082,188.0,0.60497070534,0.347757637499,0.938053539343
128.8,317.703,188.0,0.60497070534,0.347757637499,0.938053539343
128.245,323.643,188.0,0.60497070534,0.347757637499,0.938053539343
127.281,329.707,188.0,0.60497070534,0.347757637499,0.938053539343
126.284,335.648,188.0,0.60497070534,0.347757637499,0.938053539343
126.285,341.825,188.0,0.60497070534,0.347757637499,0.938053539343
126.729,347.974,188.0,0.60497070534,0.347757637499,0.938053539343
128.387,353.808,188.0,0.60497070534,0.347757637499,0.938053539343
129.199,359.849,188.0,0.60497070534,0.347757637499,0.938053539343
131.103,365.577,188.0,0.60497070534,0.347757637499,0.938053539343
133.046,371.405,188.0,0.60497070534,0.347757637499,0.938053539343
134.969,377.128,188.0,0.60497070534,0.347757637499,0.938053539343
136.843,382.863,188.0,0.60497070534,0.347757637499,0.938053539343
138.746,388.588,188.0,0.60497070534,0.347757637499,0.938053539343
140.735,394.408,188.0,0.60497070534,0.347757637499,0.938053539343
142.604,400.143,188.0,0.60497070534,0.347757637499,0.938053539343
144.611,405.846,188.0,0.60497070534,0.347757637499,0.938053539343
147.14,411.473,188.0,0.60497070534,0.347757637499,0.938053539343
150.776,416.377,188.0,0.60497070534,0.347757637499,0.938053539343
153.472,421.951,188.0,0.60497070534,0.347757637499,0.938053539343
156.986,426.934,188.0,0.60497070534,0.347757637499,0.938053539343
160.017,432.269,188.0,0.60497070534,0.347757637499,0.938053539343
163.453,437.336,188.0,0.60497070534,0.347757637499,0.938053539343
167.606,441.561,188.0,0.60497070534,0.347757637499,0.938053539343
171.886,445.996,188.0,0.60497070534,0.347757637499,0.938053539343
176.664,449.795,188.0,0.60497070534,0.347757637499,0.938053539343
180.815,454.32,188.0,0.60497070534,0.347757637499,0.938053539343
183.453,459.505,188.0,0.60497070534,0.347757637499,0.938053539343
185.237,465.099,188.0,0.60497070534,0.347757637499,0.938053539343
187.343,469.311,188.0,0.60497070534,0.347757637499,0.938053539343
190.042,474.764,188.0,0.60497070534,0.347757637499,0.938053539343
191.718,480.246,188.0,0.60497070534,0.347757637499,0.938053539343
192.92,485.926,188.0,0.60497070534,0.347757637499,0.938053539343
192.892,492.092,188.0,0.60497070534,0.347757637499,0.938053539343
192.307,498.222,188.0,0.60497070534,0.347757637499,0.938053539343
191.216,504.308,188.0,0.60497070534,0.347757637499,0.938053539343
189.822,510.369,188.0,0.60497070534,0.347757637499,0.938053539343
