193.338,542.082,200.0,0.60497070534,0.347757637499,0.938053539343
197.917,546.578,200.0,0.60497070534,0.347757637499,0.938053539343
201.849,550.254,200.0,0.60497070534,0.347757637499,0.938053539343
207.105,551.426,200.0,0.60497070534,0.347757637499,0.938053539343
213.436,551.525,200.0,0.60497070534,0.347757637499,0.938053539343
219.908,551.627,200.0,0.60497070534,0.347757637499,0.938053539343
225.892,549.394,200.0,0.60497070534,0.347757637499,0.938053539343
228.878,545.697,200.0,0.60497070534,0.347757637499,0.938053539343
230.545,540.948,200.0,0.60497070534,0.347757637499,0.938053539343
229.126,535.115,200.0,0.60497070534,0.347757637499,0.938053539343
226.186,531.65,200.0,0.60497070534,0.347757637499,0.938053539343
221.597,528.013,200.0,0.60497070534,0.347757637499,0.938053539343
217.468,523.873,200.0,0.60497070534,0.347757637499,0.938053539343
216.026,518.835,200.0,0.60497070534,0.347757637499,0.938053539343
214.511,513.916,200.0,0.60497070534,0.347757637499,0.938053539343
213.324,507.993,200.0,0.60497070534,0.347757637499,0.938053539343
213.022,501.686,200.0,0.60497070534,0.347757637499,0.938053539343
213.022,495.254,200.0,0.60497070534,0.347757637499,0.938053539343
213.022,488.823,200.0,0.60497070534,0.347757637499,0.938053539343
213.021,482.39,200.0,0.60497070534,0.347757637499,0.938053539343
212.928,475.922,200.0,0.60497070534,0.347757637499,0.938053539343
215.382,471.027,200.0,0.60497070534,0.347757637499,0.938053539343
215.937,465.153,200.0,0.60497070534,0.347757637499,0.938053539343
219.033,461.817,200.0,0.60497070534,0.347757637499,0.938053539343
218.804,455.309,200.0,0.60497070534,0.347757637499,0.938053539343
217.476,450.219,200.0,0.60497070534,0.347757637499,0.938053539343
214.87,444.886,200.0,0.60497070534,0.347757637499,0.938053539343
211.78,439.52,200.0,0.60497070534,0.347757637499,0.938053539343
210.205,433.693,200.0,0.60497070534,0.347757637499,0.938053539343
208.623,427.917,200.0,0.60497070534,0.347757637499,0.938053539343
208.629,421.481,200.0,0.60497070534,0.347757637499,0.938053539343
208.89,415.313,200.0,0.60497070534,0.347757637499,0.938053539343
211.691,410.742,200.0,0.60497070534,0.347757637499,0.938053539343
213.091,404.892,200.0,0.60497070534,0.347757637499,0.938053539343
213.027,398.431,200.0,0.60497070534,0.347757637499,0.938053539343
212.44,392.134,200.0,0.60497070534,0.347757637499,0.938053539343
210.301,386.434,200.0,0.60497070534,0.347757637499,0.938053539343
207.935,380.985,200.0,0.60497070534,0.347757637499,0.938053539343
205.914,375.15,200.0,0.60497070534,0.347757637499,0.938053539343
204.229,370.516,200.0,0.60497070534,0.347757637499,0.938053539343
204.237,364.077,200.0,0.60497070534,0.347757637499,0.938053539343
204.618,357.803,200.0,0.60497070534,0.347757637499,0.938053539343
207.158,352.423,200.0,0.60497070534,0.347757637499,0.938053539343
208.76,347.692,200.0,0.60497070534,0.347757637499,0.938053539343
209.987,341.328,200.0,0.60497070534,0.347757637499,0.938053539343
211.827,335.612,200.0,0.60497070534,0.347757637499,0.938053539343
212.844,329.389,200.0,0.60497070534,0.347757637499,0.938053539343
214.367,323.586,200.0,0.60497070534,0.347757637499,0.938053539343
215.948,317.809,200.0,0.60497070534,0.347757637499,0.938053539343
217.472,312.017,200.0,0.60497070534,0.347757637499,0.938053539343
218.872,305.79,200.0,0.60497070534,0.347757637499,0.938053539343
220.327,299.591,200.0,0.60497070534,0.347757637499,0.938053539343
221.809,293.772,200.0,0.60497070534,0.347757637499,0.938053539343
223.342,287.702,200.0,0.60497070534,0.347757637499,0.938053539343
223.286,281.257,200.0,0.60497070534,0.347757637499,0.938053539343
224.638,275.144,200.0,0.60497070534,0.347757637499,0.938053539343
224.484,268.631,200.0,0.60497070534,0.347757637499,0.938053539343
226.252,262.924,200.0,0.60497070534,0.347757637499,0.938053539343
228.584,257.054,200.0,0.60497070534,0.347757637499,0.938053539343
230.594,251.344,200.0,0.60497070534,0.347757637499,0.938053539343
233.16,245.613,200.0,0.60497070534,0.347757637499,0.938053539343
236.52,242.428,200.0,0.60497070534,0.347757637499,0.938053539343
239.528,238.161,200.0,0.60497070534,0.347757637499,0.938053539343
242.992,234.959,200.0,0.60497070534,0.347757637499,0.938053539343
246.695,230.709,200.0,0.60497070534,0.347757637499,0.938053539343
251.83,227.42,200.0,0.60497070534,0.347757637499,0.938053539343
256.454,222.959,200.0,0.60497070534,0.347757637499,0.938053539343
260.693,219.178,200.0,0.60497070534,0.347757637499,0.938053539343
263.868,214.822,200.0,0.60497070534,0.347757637499,0.938053539343
268.024,210.187,200.0,0.60497070534,0.347757637499,0.938053539343
272.217,205.372,200.0,0.60497070534,0.347757637499,0.938053539343
276.346,200.387,200.0,0.60497070534,0.347757637499,0.938053539343
279.929,196.312,200.0,0.60497070534,0.347757637499,0.938053539343
282.56,191.784,200.0,0.60497070534,0.347757637499,0.938053539343
285.458,186.473,200.0,0.60497070534,0.347757637499,0.938053539343
289.922,181.664,200.0,0.60497070534,0.347757637499,0.938053539343
293.532,176.736,200.0,0.60497070534,0.347757637499,0.938053539343
294.959,170.896,200.0,0.60497070534,0.347757637499,0.938053539343
297.851,165.423,200.0,0.60497070534,0.347757637499,0.938053539343
299.281,159.561,200.0,0.60497070534,0.347757637499,0.938053539343
302.403,154.428,200.0,0.60497070534,0.347757637499,0.938053539343
303.856,148.305,200.0,0.60497070534,0.347757637499,0.938053539343
306.719,142.825,200.0,0.60497070534,0.347757637499,0.938053539343
308.173,136.996,200.0,0.60497070534,0.347757637499,0.938053539343
308.19,130.571,200.0,0.60497070534,0.347757637499,0.938053539343
308.177,124.143,200.0,0.60497070534,0.347757637499,0.938053539343
306.732,118.31,200.0,0.60497070534,0.347757637499,0.938053539343
305.264,112.214,200.0,0.60497070534,0.347757637499,0.938053539343
303.16,107.899,200.0,0.60497070534,0.347757637499,0.938053539343
300.247,103.49,200.0,0.60497070534,0.347757637499,0.938053539343
297.05,99.1598,200.0,0.60497070534,0.347757637499,0.938053539343
294.165,94.7735,200.0,0.60497070534,0.347757637499,0.938053539343
291.291,90.7134,200.0,0.60497070534,0.347757637499,0.938053539343
287.519,85.9394,200.0,0.60497070534,0.347757637499,0.938053539343
284.693,81.5122,200.0,0.60497070534,0.347757637499,0.938053539343
281.427,77.1819,200.0,0.60497070534,0.347757637499,0.938053539343
278.651,72.7225,200.0,0.60497070534,0.347757637499,0.938053539343
276.072,68.9136,200.0,0.60497070534,0.347757637499,0.938053539343
273.247,64.3898,200.0,0.60497070534,0.347757637499,0.938053539343
270.137,61.0718,200.0,0.60497070534,0.347757637499,0.938053539343
267.223,56.6914,200.0,0.60497070534,0.347757637499,0.938053539343
264.191,53.2955,200.0,0.60497070534,0.347757637499,0.938053539343
260.619,50.4362,200.0,0.60497070534,0.347757637499,0.938053539343
255.382,49.2428,200.0,0.60497070534,0.347757637499,0.938053539343
249.625,50.1122,200.0,0.60497070534,0.347757637499,0.938053539343
245.3,52.2214,200.0,0.60497070534,0.347757637499,0.938053539343
242.242,55.5917,200.0,0.60497070534,0.347757637499,0.938053539343
239.26,59.9631,200.0,0.60497070534,0.347757637499,0.938053539343
236.527,65.2748,200.0,0.60497070534,0.347757637499,0.938053539343
235.096,70.2891,200.0,0.60497070534,0.347757637499,0.938053539343
233.586,76.0569,200.0,0.60497070534,0.347757637499,0.938053539343
230.856,81.3584,200.0,0.60497070534,0.347757637499,0.938053539343
226.252,85.8812,200.0,0.60497070534,0.347757637499,0.938053539343
222.586,91.1308,200.0,0.60497070534,0.347757637499,0.938053539343
218.943,96.0442,200.0,0.60497070534,0.347757637499,0.938053539343
216.098,100.533,200.0,0.60497070534,0.347757637499,0.938053539343
213.281,104.967,200.0,0.60497070534,0.347757637499,0.938053539343
209.527,109.395,200.0,0.60497070534,0.347757637499,0.938053539343
207.353,114.478,200.0,0.60497070534,0.347757637499,0.938053539343
205.695,119.296,200.0,0.60497070534,0.347757637499,0.938053539343
203.458,124.794,200.0,0.60497070534,0.347757637499,0.938053539343
199.132,129.0,200.0,0.60497070534,0.347757637499,0.938053539343
194.755,131.328,200.0,0.60497070534,0.347757637499,0.938053539343
189.811,132.793,200.0,0.60497070534,0.347757637499,0.938053539343
185.196,137.21,200.0,0.60497070534,0.347757637499,0.938053539343
183.827,142.271,200.0,0.60497070534,0.347757637499,0.938053539343
183.778,148.623,200.0,0.60497070534,0.347757637499,0.938053539343
182.277,154.7,200.0,0.60497070534,0.347757637499,0.938053539343
182.293,161.125,200.0,0.60497070534,0.347757637499,0.938053539343
183.904,166.89,200.0,0.60497070534,0.347757637499,0.938053539343
184.484,173.081,200.0,0.60497070534,0.347757637499,0.938053539343
186.018,178.878,200.0,0.60497070534,0.347757637499,0.938053539343
189.549,183.846,200.0,0.60497070534,0.347757637499,0.938053539343
191.721,189.389,200.0,0.60497070534,0.347757637499,0.938053539343
196.062,193.015,200.0,0.60497070534,0.347757637499,0.938053539343
198.514,198.841,200.0,0.60497070534,0.347757637499,0.938053539343
202.014,203.813,200.0,0.60497070534,0.347757637499,0.938053539343
202.772,209.931,200.0,0.60497070534,0.347757637499,0.938053539343
202.771,216.362,200.0,0.60497070534,0.347757637499,0.938053539343
201.322,222.462,200.0,0.60497070534,0.347757637499,0.938053539343
198.535,227.734,200.0,0.60497070534,0.347757637499,0.938053539343
195.928,233.354,200.0,0.60497070534,0.347757637499,0.938053539343
191.378,237.891,200.0,0.60497070534,0.347757637499,0.938053539343
186.83,242.439,200.0,0.60497070534,0.347757637499,0.938053539343
182.304,247.023,200.0,0.60497070534,0.347757637499,0.938053539343
177.644,251.385,200.0,0.60497070534,0.347757637499,0.938053539343
173.398,254.498,200.0,0.60497070534,0.347757637499,0.938053539343
169.145,258.033,200.0,0.60497070534,0.347757637499,0.938053539343
166.255,262.97,200.0,0.60497070534,0.347757637499,0.938053539343
163.25,267.216,200.0,0.60497070534,0.347757637499,0.938053539343
158.877,271.14,200.0,0.60497070534,0.347757637499,0.938053539343
157.01,276.917,200.0,0.60497070534,0.347757637499,0.938053539343
152.262,281.368,200.0,0.60497070534,0.347757637499,0.938053539343
149.901,287.091,200.0,0.60497070534,0.347757637499,0.938053539343
145.692,291.788,200.0,0.60497070534,0.347757637499,0.938053539343
142.802,297.29,200.0,0.60497070534,0.347757637499,0.938053539343
139.885,302.506,200.0,0.60497070534,0.347757637499,0.938053539343
138.357,308.564,200.0,0.60497070534,0.347757637499,0.938053539343
136.872,314.381,200.0,0.60497070534,0.347757637499,0.938053539343
136.504,320.66,200.0,0.60497070534,0.347757637499,0.938053539343
135.428,326.647,200.0,0.60497070534,0.347757637499,0.938053539343
135.425,333.077,200.0,0.60497070534,0.347757637499,0.938053539343
135.425,339.508,200.0,0.60497070534,0.347757637499,0.938053539343
135.328,345.98,200.0,0.60497070534,0.347757637499,0.938053539343
136.907,351.76,200.0,0.60497070534,0.347757637499,0.938053539343
138.406,357.834,200.0,0.60497070534,0.347757637499,0.938053539343
139.826,363.673,200.0,0.60497070534,0.347757637499,0.938053539343
141.238,369.512,200.0,0.60497070534,0.347757637499,0.938053539343
144.305,374.94,200.0,0.60497070534,0.347757637499,0.938053539343
145.571,380.85,200.0,0.60497070534,0.347757637499,0.938053539343
147.176,386.64,200.0,0.60497070534,0.347757637499,0.938053539343
150.109,392.197,200.0,0.60497070534,0.347757637499,0.938053539343
151.404,398.422,200.0,0.60497070534,0.347757637499,0.938053539343
152.981,403.268,200.0,0.60497070534,0.347757637499,0.938053539343
155.903,408.76,200.0,0.60497070534,0.347757637499,0.938053539343
157.846,414.389,200.0,0.60497070534,0.347757637499,0.938053539343
161.425,419.321,200.0,0.60497070534,0.347757637499,0.938053539343
163.104,425.413,200.0,0.60497070534,0.347757637499,0.938053539343
166.291,428.66,200.0,0.60497070534,0.347757637499,0.938053539343
169.148,433.13,200.0,0.60497070534,0.347757637499,0.938053539343
170.813,438.163,200.0,0.60497070534,0.347757637499,0.938053539343
175.052,440.886,200.0,0.60497070534,0.347757637499,0.938053539343
179.596,444.928,200.0,0.60497070534,0.347757637499,0.938053539343
184.086,449.586,200.0,0.60497070534,0.347757637499,0.938053539343
188.667,452.15,200.0,0.60497070534,0.347757637499,0.938053539343
193.27,456.792,200.0,0.60497070534,0.347757637499,0.938053539343
195.868,461.374,200.0,0.60497070534,0.347757637499,0.938053539343
198.443,466.699,200.0,0.60497070534,0.347757637499,0.938053539343
198.886,472.948,200.0,0.60497070534,0.347757637499,0.938053539343
199.843,478.983,200.0,0.60497070534,0.347757637499,0.938053539343
199.845,485.414,200.0,0.60497070534,0.347757637499,0.938053539343
199.845,491.846,200.0,0.60497070534,0.347757637499,0.938053539343
199.845,498.278,200.0,0.60497070534,0.347757637499,0.938053539343
199.845,504.709,200.0,0.60497070534,0.347757637499,0.938053539343
199.853,511.15,200.0,0.60497070534,0.347757637499,0.938053539343
197.95,515.7,200.0,0.60497070534,0.347757637499,0.938053539343
196.068,521.571,200.0,0.60497070534,0.347757637499,0.938053539343
193.433,527.149,200.0,0.60497070534,0.347757637499,0.938053539343
190.362,531.074,200.0,0.60497070534,0.347757637499,0.938053539343
190.619,537.09,200.0,0.60497070534,0.347757637499,0.938053539343
