203.105,561.595,207.0,0.795439398097,0.473813528713,0.879504828594
207.998,557.62,207.0,0.795439398097,0.473813528713,0.879504828594
212.661,554.542,207.0,0.795439398097,0.473813528713,0.879504828594
215.897,550.342,207.0,0.795439398097,0.473813528713,0.879504828594
218.78,545.751,207.0,0.795439398097,0.473813528713,0.879504828594
223.263,542.754,207.0,0.795439398097,0.473813528713,0.879504828594
227.857,538.008,207.0,0.795439398097,0.473813528713,0.879504828594
230.687,532.314,207.0,0.795439398097,0.473813528713,0.879504828594
233.488,526.85,207.0,0.795439398097,0.473813528713,0.879504828594
234.932,520.792,207.0,0.795439398097,0.473813528713,0.879504828594
235.944,515.909,207.0,0.795439398097,0.473813528713,0.879504828594
233.219,511.082,207.0,0.795439398097,0.473813528713,0.879504828594
229.191,507.971,207.0,0.795439398097,0.473813528713,0.879504828594
226.028,504.524,207.0,0.795439398097,0.473813528713,0.879504828594
221.007,501.792,207.0,0.795439398097,0.473813528713,0.879504828594
217.96,497.635,207.0,0.795439398097,0.473813528713,0.879504828594
214.356,493.461,207.0,0.795439398097,0.473813528713,0.879504828594
212.989,488.21,207.0,0.795439398097,0.473813528713,0.879504828594
211.575,482.998,207.0,0.795439398097,0.473813528713,0.879504828594
211.558,476.389,207.0,0.795439398097,0.473813528713,0.879504828594
211.558,469.763,207.0,0.795439398097,0.473813528713,0.879504828594
211.558,463.137,207.0,0.795439398097,0.473813528713,0.879504828594
211.558,456.511,207.0,0.795439398097,0.473813528713,0.879504828594
211.558,449.886,207.0,0.795439398097,0.473813528713,0.879504828594
211.558,443.26,207.0,0.795439398097,0.473813528713,0.879504828594
211.558,436.634,207.0,0.795439398097,0.473813528713,0.879504828594
211.558,430.008,207.0,0.795439398097,0.473813528713,0.879504828594
212.621,423.631,207.0,0.795439398097,0.473813528713,0.879504828594
212.717,416.799,207.0,0.795439398097,0.473813528713,0.879504828594
214.505,411.96,207.0,0.795439398097,0.473813528713,0.879504828594
214.486,405.314,207.0,0.795439398097,0.473813528713,0.879504828594
214.138,398.831,207.0,0.795439398097,0.473813528713,0.879504828594
211.215,393.145,207.0,0.795439398097,0.473813528713,0.879504828594
207.389,388.159,207.0,0.795439398097,0.473813528713,0.879504828594
204.172,384.581,207.0,0.795439398097,0.473813528713,0.879504828594
201.25,379.806,207.0,0.795439398097,0.473813528713,0.879504828594
199.838,373.679,207.0,0.795439398097,0.473813528713,0.879504828594
199.829,367.043,207.0,0.795439398097,0.473813528713,0.879504828594
201.359,361.051,207.0,0.795439398097,0.473813528713,0.879504828594
202.813,355.027,207.0,0.795439398097,0.473813528713,0.879504828594
204.531,349.114,207.0,0.795439398097,0.473813528713,0.879504828594
206.338,343.609,207.0,0.795439398097,0.473813528713,0.879504828594
207.165,337.81,207.0,0.795439398097,0.473813528713,0.879504828594
207.142,331.194,207.0,0.795439398097,0.473813528713,0.879504828594
205.823,325.115,207.0,0.795439398097,0.473813528713,0.879504828594
203.062,319.418,207.0,0.795439398097,0.473813528713,0.879504828594
202.773,312.865,207.0,0.795439398097,0.473813528713,0.879504828594
202.798,306.249,207.0,0.795439398097,0.473813528713,0.879504828594
204.122,300.172,207.0,0.795439398097,0.473813528713,0.879504828594
206.138,294.293,207.0,0.795439398097,0.473813528713,0.879504828594
208.684,289.439,207.0,0.795439398097,0.473813528713,0.879504828594
208.653,282.767,207.0,0.795439398097,0.473813528713,0.879504828594
210.077,276.732,207.0,0.795439398097,0.473813528713,0.879504828594
210.092,270.113,207.0,0.795439398097,0.473813528713,0.879504828594
210.002,263.466,207.0,0.795439398097,0.473813528713,0.879504828594
212.138,257.344,207.0,0.795439398097,0.473813528713,0.879504828594
213.012,250.928,207.0,0.795439398097,0.473813528713,0.879504828594
215.967,245.262,207.0,0.795439398097,0.473813528713,0.879504828594
218.748,239.792,207.0,0.795439398097,0.473813528713,0.879504828594
222.614,234.506,207.0,0.795439398097,0.473813528713,0.879504828594
227.411,229.933,207.0,0.795439398097,0.473813528713,0.879504828594
233.134,226.684,207.0,0.795439398097,0.473813528713,0.879504828594
236.449,222.368,207.0,0.795439398097,0.473813528713,0.879504828594
241.664,219.17,207.0,0.795439398097,0.473813528713,0.879504828594
247.278,215.579,207.0,0.795439398097,0.473813528713,0.879504828594
252.622,211.844,207.0,0.795439398097,0.473813528713,0.879504828594
257.115,208.854,207.0,0.795439398097,0.473813528713,0.879504828594
261.293,205.257,207.0,0.795439398097,0.473813528713,0.879504828594
264.249,201.624,207.0,0.795439398097,0.473813528713,0.879504828594
266.039,196.58,207.0,0.795439398097,0.473813528713,0.879504828594
268.748,190.836,207.0,0.795439398097,0.473813528713,0.879504828594
270.148,185.67,207.0,0.795439398097,0.473813528713,0.879504828594
271.763,179.427,207.0,0.795439398097,0.473813528713,0.879504828594
275.496,174.357,207.0,0.795439398097,0.473813528713,0.879504828594
277.861,168.712,207.0,0.795439398097,0.473813528713,0.879504828594
282.756,164.189,207.0,0.795439398097,0.473813528713,0.879504828594
287.679,160.336,207.0,0.795439398097,0.473813528713,0.879504828594
290.659,156.773,207.0,0.795439398097,0.473813528713,0.879504828594
294.11,151.25,207.0,0.795439398097,0.473813528713,0.879504828594
298.635,146.616,207.0,0.795439398097,0.473813528713,0.879504828594
302.467,142.738,207.0,0.795439398097,0.473813528713,0.879504828594
303.641,136.438,207.0,0.795439398097,0.473813528713,0.879504828594
305.261,131.417,207.0,0.795439398097,0.473813528713,0.879504828594
305.26,124.79,207.0,0.795439398097,0.473813528713,0.879504828594
305.259,118.165,207.0,0.795439398097,0.473813528713,0.879504828594
303.682,112.257,207.0,0.795439398097,0.473813528713,0.879504828594
300.728,108.572,207.0,0.795439398097,0.473813528713,0.879504828594
299.56,102.278,207.0,0.795439398097,0.473813528713,0.879504828594
296.682,97.7838,207.0,0.795439398097,0.473813528713,0.879504828594
293.529,93.3357,207.0,0.795439398097,0.473813528713,0.879504828594
291.71,88.3246,207.0,0.795439398097,0.473813528713,0.879504828594
288.667,82.9759,207.0,0.795439398097,0.473813528713,0.879504828594
286.248,78.7926,207.0,0.795439398097,0.473813528713,0.879504828594
282.097,74.9347,207.0,0.795439398097,0.473813528713,0.879504828594
280.006,69.7781,207.0,0.795439398097,0.473813528713,0.879504828594
276.204,66.9418,207.0,0.795439398097,0.473813528713,0.879504828594
273.086,62.5844,207.0,0.795439398097,0.473813528713,0.879504828594
268.638,59.5517,207.0,0.795439398097,0.473813528713,0.879504828594
263.611,57.9203,207.0,0.795439398097,0.473813528713,0.879504828594
257.427,56.6486,207.0,0.795439398097,0.473813528713,0.879504828594
252.608,53.9836,207.0,0.795439398097,0.473813528713,0.879504828594
246.842,52.2773,207.0,0.795439398097,0.473813528713,0.879504828594
240.826,50.806,207.0,0.795439398097,0.473813528713,0.879504828594
234.522,52.2408,207.0,0.795439398097,0.473813528713,0.879504828594
230.029,55.2521,207.0,0.795439398097,0.473813528713,0.879504828594
227.181,60.156,207.0,0.795439398097,0.473813528713,0.879504828594
224.826,65.8431,207.0,0.795439398097,0.473813528713,0.879504828594
223.258,70.92,207.0,0.795439398097,0.473813528713,0.879504828594
221.792,77.3129,207.0,0.795439398097,0.473813528713,0.879504828594
221.806,83.9408,207.0,0.795439398097,0.473813528713,0.879504828594
221.852,90.6117,207.0,0.795439398097,0.473813528713,0.879504828594
219.634,95.4335,207.0,0.795439398097,0.473813528713,0.879504828594
216.564,99.9263,207.0,0.795439398097,0.473813528713,0.879504828594
214.539,104.866,207.0,0.795439398097,0.473813528713,0.879504828594
213.021,110.858,207.0,0.795439398097,0.473813528713,0.879504828594
211.58,116.887,207.0,0.795439398097,0.473813528713,0.879504828594
211.691,123.653,207.0,0.795439398097,0.473813528713,0.879504828594
206.29,126.067,207.0,0.795439398097,0.473813528713,0.879504828594
201.312,129.099,207.0,0.795439398097,0.473813528713,0.879504828594
196.934,132.186,207.0,0.795439398097,0.473813528713,0.879504828594
192.493,136.1,207.0,0.795439398097,0.473813528713,0.879504828594
188.476,141.08,207.0,0.795439398097,0.473813528713,0.879504828594
186.712,146.132,207.0,0.795439398097,0.473813528713,0.879504828594
185.232,151.279,207.0,0.795439398097,0.473813528713,0.879504828594
183.97,157.365,207.0,0.795439398097,0.473813528713,0.879504828594
183.741,163.896,207.0,0.795439398097,0.473813528713,0.879504828594
183.74,170.521,207.0,0.795439398097,0.473813528713,0.879504828594
183.74,177.147,207.0,0.795439398097,0.473813528713,0.879504828594
183.74,183.772,207.0,0.795439398097,0.473813528713,0.879504828594
183.74,190.398,207.0,0.795439398097,0.473813528713,0.879504828594
184.234,196.907,207.0,0.795439398097,0.473813528713,0.879504828594
185.176,203.316,207.0,0.795439398097,0.473813528713,0.879504828594
186.587,209.407,207.0,0.795439398097,0.473813528713,0.879504828594
189.414,214.197,207.0,0.795439398097,0.473813528713,0.879504828594
192.061,219.144,207.0,0.795439398097,0.473813528713,0.879504828594
194.029,224.699,207.0,0.795439398097,0.473813528713,0.879504828594
193.996,231.347,207.0,0.795439398097,0.473813528713,0.879504828594
192.516,236.466,207.0,0.795439398097,0.473813528713,0.879504828594
189.121,241.616,207.0,0.795439398097,0.473813528713,0.879504828594
186.002,246.474,207.0,0.795439398097,0.473813528713,0.879504828594
182.187,250.555,207.0,0.795439398097,0.473813528713,0.879504828594
178.065,255.559,207.0,0.795439398097,0.473813528713,0.879504828594
173.484,260.29,207.0,0.795439398097,0.473813528713,0.879504828594
170.534,265.694,207.0,0.795439398097,0.473813528713,0.879504828594
167.111,270.892,207.0,0.795439398097,0.473813528713,0.879504828594
163.274,276.2,207.0,0.795439398097,0.473813528713,0.879504828594
161.753,282.195,207.0,0.795439398097,0.473813528713,0.879504828594
158.883,287.632,207.0,0.795439398097,0.473813528713,0.879504828594
156.65,293.333,207.0,0.795439398097,0.473813528713,0.879504828594
152.958,298.43,207.0,0.795439398097,0.473813528713,0.879504828594
150.153,303.872,207.0,0.795439398097,0.473813528713,0.879504828594
148.07,308.499,207.0,0.795439398097,0.473813528713,0.879504828594
145.02,312.906,207.0,0.795439398097,0.473813528713,0.879504828594
142.746,317.272,207.0,0.795439398097,0.473813528713,0.879504828594
141.314,323.305,207.0,0.795439398097,0.473813528713,0.879504828594
139.813,329.309,207.0,0.795439398097,0.473813528713,0.879504828594
138.592,335.648,207.0,0.795439398097,0.473813528713,0.879504828594
138.353,342.217,207.0,0.795439398097,0.473813528713,0.879504828594
138.259,348.882,207.0,0.795439398097,0.473813528713,0.879504828594
140.502,354.588,207.0,0.795439398097,0.473813528713,0.879504828594
142.676,359.482,207.0,0.795439398097,0.473813528713,0.879504828594
147.074,362.583,207.0,0.795439398097,0.473813528713,0.879504828594
150.069,367.064,207.0,0.795439398097,0.473813528713,0.879504828594
153.095,371.572,207.0,0.795439398097,0.473813528713,0.879504828594
154.54,377.605,207.0,0.795439398097,0.473813528713,0.879504828594
154.458,384.264,207.0,0.795439398097,0.473813528713,0.879504828594
154.458,390.89,207.0,0.795439398097,0.473813528713,0.879504828594
154.458,397.516,207.0,0.795439398097,0.473813528713,0.879504828594
154.493,404.215,207.0,0.795439398097,0.473813528713,0.879504828594
157.981,408.748,207.0,0.795439398097,0.473813528713,0.879504828594
161.748,413.777,207.0,0.795439398097,0.473813528713,0.879504828594
165.318,418.924,207.0,0.795439398097,0.473813528713,0.879504828594
170.21,423.521,207.0,0.795439398097,0.473813528713,0.879504828594
172.908,428.518,207.0,0.795439398097,0.473813528713,0.879504828594
175.524,433.683,207.0,0.795439398097,0.473813528713,0.879504828594
179.676,437.78,207.0,0.795439398097,0.473813528713,0.879504828594
182.14,442.542,207.0,0.795439398097,0.473813528713,0.879504828594
184.693,447.511,207.0,0.795439398097,0.473813528713,0.879504828594
186.769,452.072,207.0,0.795439398097,0.473813528713,0.879504828594
186.514,458.862,207.0,0.795439398097,0.473813528713,0.879504828594
188.041,464.855,207.0,0.795439398097,0.473813528713,0.879504828594
190.95,469.491,207.0,0.795439398097,0.473813528713,0.879504828594
193.773,475.116,207.0,0.795439398097,0.473813528713,0.879504828594
197.04,480.409,207.0,0.795439398097,0.473813528713,0.879504828594
198.501,486.466,207.0,0.795439398097,0.473813528713,0.879504828594
201.228,492.453,207.0,0.795439398097,0.473813528713,0.879504828594
202.778,498.432,207.0,0.795439398097,0.473813528713,0.879504828594
202.771,505.058,207.0,0.795439398097,0.473813528713,0.879504828594
201.571,510.481,207.0,0.795439398097,0.473813528713,0.879504828594
199.845,516.506,207.0,0.795439398097,0.473813528713,0.879504828594
197.083,521.984,207.0,0.795439398097,0.473813528713,0.879504828594
194.073,527.448,207.0,0.795439398097,0.473813528713,0.879504828594
191.062,531.027,207.0,0.795439398097,0.473813528713,0.879504828594
187.97,535.436,207.0,0.795439398097,0.473813528713,0.879504828594
184.009,539.639,207.0,0.795439398097,0.473813528713,0.879504828594
181.32,545.077,207.0,0.795439398097,0.473813528713,0.879504828594
184.726,548.313,207.0,0.795439398097,0.473813528713,0.879504828594
186.649,553.64,207.0,0.795439398097,0.473813528713,0.879504828594
190.336,558.855,207.0,0.795439398097,0.473813528713,0.879504828594
197.288,562.007,207.0,0.795439398097,0.473813528713,0.879504828594
