200.301,564.675,215.0,0.60497070534,0.347757637499,0.938053539343
201.906,561.933,215.0,0.60497070534,0.347757637499,0.938053539343
203.304,558.81,215.0,0.60497070534,0.347757637499,0.938053539343
204.289,555.9,215.0,0.60497070534,0.347757637499,0.938053539343
206.222,553.607,215.0,0.60497070534,0.347757637499,0.938053539343
209.117,550.95,215.0,0.60497070534,0.347757637499,0.938053539343
211.538,548.014,215.0,0.60497070534,0.347757637499,0.938053539343
214.286,546.266,215.0,0.60497070534,0.347757637499,0.938053539343
215.692,542.81,215.0,0.60497070534,0.347757637499,0.938053539343
218.94,541.202,215.0,0.60497070534,0.347757637499,0.938053539343
221.671,538.46,215.0,0.60497070534,0.347757637499,0.938053539343
223.321,535.257,215.0,0.60497070534,0.347757637499,0.938053539343
226.153,532.556,215.0,0.60497070534,0.347757637499,0.938053539343
229.369,530.944,215.0,0.60497070534,0.347757637499,0.938053539343
232.07,528.09,215.0,0.60497070534,0.347757637499,0.938053539343
233.694,524.88,215.0,0.60497070534,0.347757637499,0.938053539343
234.958,521.519,215.0,0.60497070534,0.347757637499,0.938053539343
234.984,517.646,215.0,0.60497070534,0.347757637499,0.938053539343
234.983,513.762,215.0,0.60497070534,0.347757637499,0.938053539343
234.982,509.88,215.0,0.60497070534,0.347757637499,0.938053539343
234.98,505.997,215.0,0.60497070534,0.347757637499,0.938053539343
234.348,502.371,215.0,0.60497070534,0.347757637499,0.938053539343
231.647,499.555,215.0,0.60497070534,0.347757637499,0.938053539343
229.642,496.288,215.0,0.60497070534,0.347757637499,0.938053539343
227.714,493.213,215.0,0.60497070534,0.347757637499,0.938053539343
226.189,489.952,215.0,0.60497070534,0.347757637499,0.938053539343
223.186,488.278,215.0,0.60497070534,0.347757637499,0.938053539343
221.0,485.662,215.0,0.60497070534,0.347757637499,0.938053539343
218.118,483.319,215.0,0.60497070534,0.347757637499,0.938053539343
215.654,480.294,215.0,0.60497070534,0.347757637499,0.938053539343
213.017,478.313,215.0,0.60497070534,0.347757637499,0.938053539343
211.544,475.959,215.0,0.60497070534,0.347757637499,0.938053539343
210.153,472.542,215.0,0.60497070534,0.347757637499,0.938053539343
208.684,470.176,215.0,0.60497070534,0.347757637499,0.938053539343
207.213,466.614,215.0,0.60497070534,0.347757637499,0.938053539343
205.728,464.207,215.0,0.60497070534,0.347757637499,0.938053539343
205.701,460.352,215.0,0.60497070534,0.347757637499,0.938053539343
205.701,456.468,215.0,0.60497070534,0.347757637499,0.938053539343
205.701,452.585,215.0,0.60497070534,0.347757637499,0.938053539343
205.701,448.701,215.0,0.60497070534,0.347757637499,0.938053539343
205.702,444.818,215.0,0.60497070534,0.347757637499,0.938053539343
205.715,440.929,215.0,0.60497070534,0.347757637499,0.938053539343
205.936,436.954,215.0,0.60497070534,0.347757637499,0.938053539343
204.036,433.857,215.0,0.60497070534,0.347757637499,0.938053539343
204.234,429.892,215.0,0.60497070534,0.347757637499,0.938053539343
204.239,426.006,215.0,0.60497070534,0.347757637499,0.938053539343
204.243,422.121,215.0,0.60497070534,0.347757637499,0.938053539343
204.215,418.249,215.0,0.60497070534,0.347757637499,0.938053539343
202.825,414.941,215.0,0.60497070534,0.347757637499,0.938053539343
202.776,411.078,215.0,0.60497070534,0.347757637499,0.938053539343
202.773,407.196,215.0,0.60497070534,0.347757637499,0.938053539343
202.773,403.312,215.0,0.60497070534,0.347757637499,0.938053539343
202.774,399.429,215.0,0.60497070534,0.347757637499,0.938053539343
202.656,395.496,215.0,0.60497070534,0.347757637499,0.938053539343
202.964,391.74,215.0,0.60497070534,0.347757637499,0.938053539343
204.215,388.375,215.0,0.60497070534,0.347757637499,0.938053539343
204.237,384.501,215.0,0.60497070534,0.347757637499,0.938053539343
204.237,380.617,215.0,0.60497070534,0.347757637499,0.938053539343
204.237,376.734,215.0,0.60497070534,0.347757637499,0.938053539343
204.237,372.85,215.0,0.60497070534,0.347757637499,0.938053539343
204.237,368.967,215.0,0.60497070534,0.347757637499,0.938053539343
204.237,365.083,215.0,0.60497070534,0.347757637499,0.938053539343
204.237,361.2,215.0,0.60497070534,0.347757637499,0.938053539343
204.237,357.316,215.0,0.60497070534,0.347757637499,0.938053539343
204.237,353.433,215.0,0.60497070534,0.347757637499,0.938053539343
204.237,349.549,215.0,0.60497070534,0.347757637499,0.938053539343
204.237,345.666,215.0,0.60497070534,0.347757637499,0.938053539343
204.233,341.784,215.0,0.60497070534,0.347757637499,0.938053539343
204.226,337.904,215.0,0.60497070534,0.347757637499,0.938053539343
202.699,334.652,215.0,0.60497070534,0.347757637499,0.938053539343
202.907,330.684,215.0,0.60497070534,0.347757637499,0.938053539343
201.193,327.525,215.0,0.60497070534,0.347757637499,0.938053539343
200.237,323.842,215.0,0.60497070534,0.347757637499,0.938053539343
199.093,320.057,215.0,0.60497070534,0.347757637499,0.938053539343
196.846,317.031,215.0,0.60497070534,0.347757637499,0.938053539343
196.011,313.492,215.0,0.60497070534,0.347757637499,0.938053539343
195.462,309.836,215.0,0.60497070534,0.347757637499,0.938053539343
193.818,306.639,215.0,0.60497070534,0.347757637499,0.938053539343
193.726,302.69,215.0,0.60497070534,0.347757637499,0.938053539343
192.45,299.047,215.0,0.60497070534,0.347757637499,0.938053539343
192.541,295.142,215.0,0.60497070534,0.347757637499,0.938053539343
191.683,291.614,215.0,0.60497070534,0.347757637499,0.938053539343
191.105,287.958,215.0,0.60497070534,0.347757637499,0.938053539343
191.103,284.128,215.0,0.60497070534,0.347757637499,0.938053539343
191.331,280.335,215.0,0.60497070534,0.347757637499,0.938053539343
192.677,277.008,215.0,0.60497070534,0.347757637499,0.938053539343
193.817,273.597,215.0,0.60497070534,0.347757637499,0.938053539343
194.387,269.95,215.0,0.60497070534,0.347757637499,0.938053539343
195.333,266.458,215.0,0.60497070534,0.347757637499,0.938053539343
196.89,263.219,215.0,0.60497070534,0.347757637499,0.938053539343
198.363,259.946,215.0,0.60497070534,0.347757637499,0.938053539343
198.38,256.07,215.0,0.60497070534,0.347757637499,0.938053539343
198.381,252.186,215.0,0.60497070534,0.347757637499,0.938053539343
198.376,248.305,215.0,0.60497070534,0.347757637499,0.938053539343
198.482,244.371,215.0,0.60497070534,0.347757637499,0.938053539343
196.92,241.139,215.0,0.60497070534,0.347757637499,0.938053539343
194.622,239.555,215.0,0.60497070534,0.347757637499,0.938053539343
190.638,239.661,215.0,0.60497070534,0.347757637499,0.938053539343
186.724,239.84,215.0,0.60497070534,0.347757637499,0.938053539343
183.246,241.564,215.0,0.60497070534,0.347757637499,0.938053539343
180.468,244.315,215.0,0.60497070534,0.347757637499,0.938053539343
179.031,247.604,215.0,0.60497070534,0.347757637499,0.938053539343
176.404,250.401,215.0,0.60497070534,0.347757637499,0.938053539343
174.32,253.473,215.0,0.60497070534,0.347757637499,0.938053539343
173.704,257.332,215.0,0.60497070534,0.347757637499,0.938053539343
171.997,260.486,215.0,0.60497070534,0.347757637499,0.938053539343
170.499,263.741,215.0,0.60497070534,0.347757637499,0.938053539343
169.147,267.326,215.0,0.60497070534,0.347757637499,0.938053539343
169.114,271.201,215.0,0.60497070534,0.347757637499,0.938053539343
169.102,275.081,215.0,0.60497070534,0.347757637499,0.938053539343
169.09,278.96,215.0,0.60497070534,0.347757637499,0.938053539343
169.075,282.837,215.0,0.60497070534,0.347757637499,0.938053539343
167.855,286.216,215.0,0.60497070534,0.347757637499,0.938053539343
167.613,289.998,215.0,0.60497070534,0.347757637499,0.938053539343
166.65,293.469,215.0,0.60497070534,0.347757637499,0.938053539343
164.71,296.826,215.0,0.60497070534,0.347757637499,0.938053539343
163.209,300.087,215.0,0.60497070534,0.347757637499,0.938053539343
161.779,303.377,215.0,0.60497070534,0.347757637499,0.938053539343
160.325,306.658,215.0,0.60497070534,0.347757637499,0.938053539343
157.793,309.493,215.0,0.60497070534,0.347757637499,0.938053539343
155.096,312.259,215.0,0.60497070534,0.347757637499,0.938053539343
152.341,315.002,215.0,0.60497070534,0.347757637499,0.938053539343
149.628,317.769,215.0,0.60497070534,0.347757637499,0.938053539343
147.168,320.682,215.0,0.60497070534,0.347757637499,0.938053539343
145.678,323.024,215.0,0.60497070534,0.347757637499,0.938053539343
143.152,326.016,215.0,0.60497070534,0.347757637499,0.938053539343
142.906,330.005,215.0,0.60497070534,0.347757637499,0.938053539343
141.344,332.312,215.0,0.60497070534,0.347757637499,0.938053539343
139.96,335.833,215.0,0.60497070534,0.347757637499,0.938053539343
139.837,339.692,215.0,0.60497070534,0.347757637499,0.938053539343
139.819,343.572,215.0,0.60497070534,0.347757637499,0.938053539343
139.817,347.456,215.0,0.60497070534,0.347757637499,0.938053539343
139.818,351.339,215.0,0.60497070534,0.347757637499,0.938053539343
139.826,355.219,215.0,0.60497070534,0.347757637499,0.938053539343
140.377,358.873,215.0,0.60497070534,0.347757637499,0.938053539343
141.397,362.348,215.0,0.60497070534,0.347757637499,0.938053539343
141.704,366.08,215.0,0.60497070534,0.347757637499,0.938053539343
143.783,369.325,215.0,0.60497070534,0.347757637499,0.938053539343
145.752,372.441,215.0,0.60497070534,0.347757637499,0.938053539343
146.047,376.206,215.0,0.60497070534,0.347757637499,0.938053539343
147.385,379.589,215.0,0.60497070534,0.347757637499,0.938053539343
148.598,383.175,215.0,0.60497070534,0.347757637499,0.938053539343
149.841,386.752,215.0,0.60497070534,0.347757637499,0.938053539343
151.228,390.112,215.0,0.60497070534,0.347757637499,0.938053539343
151.231,393.996,215.0,0.60497070534,0.347757637499,0.938053539343
153.083,397.114,215.0,0.60497070534,0.347757637499,0.938053539343
153.868,400.814,215.0,0.60497070534,0.347757637499,0.938053539343
154.931,404.366,215.0,0.60497070534,0.347757637499,0.938053539343
157.36,407.252,215.0,0.60497070534,0.347757637499,0.938053539343
158.908,410.494,215.0,0.60497070534,0.347757637499,0.938053539343
159.07,414.312,215.0,0.60497070534,0.347757637499,0.938053539343
161.933,417.021,215.0,0.60497070534,0.347757637499,0.938053539343
163.238,420.611,215.0,0.60497070534,0.347757637499,0.938053539343
164.705,424.148,215.0,0.60497070534,0.347757637499,0.938053539343
167.53,426.861,215.0,0.60497070534,0.347757637499,0.938053539343
168.113,430.504,215.0,0.60497070534,0.347757637499,0.938053539343
169.794,433.69,215.0,0.60497070534,0.347757637499,0.938053539343
170.364,437.316,215.0,0.60497070534,0.347757637499,0.938053539343
171.757,440.856,215.0,0.60497070534,0.347757637499,0.938053539343
172.654,444.529,215.0,0.60497070534,0.347757637499,0.938053539343
173.5,448.21,215.0,0.60497070534,0.347757637499,0.938053539343
174.679,451.607,215.0,0.60497070534,0.347757637499,0.938053539343
174.928,455.393,215.0,0.60497070534,0.347757637499,0.938053539343
175.29,459.228,215.0,0.60497070534,0.347757637499,0.938053539343
177.879,462.193,215.0,0.60497070534,0.347757637499,0.938053539343
179.388,465.451,215.0,0.60497070534,0.347757637499,0.938053539343
180.849,468.73,215.0,0.60497070534,0.347757637499,0.938053539343
183.042,471.707,215.0,0.60497070534,0.347757637499,0.938053539343
185.694,474.513,215.0,0.60497070534,0.347757637499,0.938053539343
187.789,477.789,215.0,0.60497070534,0.347757637499,0.938053539343
190.873,480.228,215.0,0.60497070534,0.347757637499,0.938053539343
192.624,483.005,215.0,0.60497070534,0.347757637499,0.938053539343
195.472,485.703,215.0,0.60497070534,0.347757637499,0.938053539343
196.164,489.309,215.0,0.60497070534,0.347757637499,0.938053539343
196.511,493.241,215.0,0.60497070534,0.347757637499,0.938053539343
198.496,495.175,215.0,0.60497070534,0.347757637499,0.938053539343
198.378,499.177,215.0,0.60497070534,0.347757637499,0.938053539343
198.377,503.06,215.0,0.60497070534,0.347757637499,0.938053539343
198.921,506.725,215.0,0.60497070534,0.347757637499,0.938053539343
199.912,510.255,215.0,0.60497070534,0.347757637499,0.938053539343
198.391,513.504,215.0,0.60497070534,0.347757637499,0.938053539343
196.78,515.776,215.0,0.60497070534,0.347757637499,0.938053539343
195.051,518.01,215.0,0.60497070534,0.347757637499,0.938053539343
193.345,521.665,215.0,0.60497070534,0.347757637499,0.938053539343
191.176,524.695,215.0,0.60497070534,0.347757637499,0.938053539343
189.344,526.708,215.0,0.60497070534,0.347757637499,0.938053539343
186.878,528.104,215.0,0.60497070534,0.347757637499,0.938053539343
184.115,530.85,215.0,0.60497070534,0.347757637499,0.938053539343
181.356,533.486,215.0,0.60497070534,0.347757637499,0.938053539343
179.424,536.633,215.0,0.60497070534,0.347757637499,0.938053539343
175.916,536.955,215.0,0.60497070534,0.347757637499,0.938053539343
173.68,537.857,215.0,0.60497070534,0.347757637499,0.938053539343
173.03,539.483,215.0,0.60497070534,0.347757637499,0.938053539343
173.778,541.748,215.0,0.60497070534,0.347757637499,0.938053539343
175.737,544.567,215.0,0.60497070534,0.347757637499,0.938053539343
178.722,547.855,215.0,0.60497070534,0.347757637499,0.938053539343
182.546,551.527,215.0,0.60497070534,0.347757637499,0.938053539343
187.023,555.497,215.0,0.60497070534,0.347757637499,0.938053539343
191.965,559.68,215.0,0.60497070534,0.347757637499,0.938053539343
197.187,563.991,215.0,0.60497070534,0.347757637499,0.938053539343
