273.402,196.72,217.0,0.60497070534,0.347757637499,0.938053539343
275.735,193.209,217.0,0.60497070534,0.347757637499,0.938053539343
278.192,189.839,217.0,0.60497070534,0.347757637499,0.938053539343
280.651,186.471,217.0,0.60497070534,0.347757637499,0.938053539343
283.095,183.06,217.0,0.60497070534,0.347757637499,0.938053539343
284.952,180.535,217.0,0.60497070534,0.347757637499,0.938053539343
286.37,177.749,217.0,0.60497070534,0.347757637499,0.938053539343
287.753,173.726,217.0,0.60497070534,0.347757637499,0.938053539343
290.737,170.732,217.0,0.60497070534,0.347757637499,0.938053539343
293.16,167.264,217.0,0.60497070534,0.347757637499,0.938053539343
295.058,163.479,217.0,0.60497070534,0.347757637499,0.938053539343
298.037,160.465,217.0,0.60497070534,0.347757637499,0.938053539343
300.874,158.362,217.0,0.60497070534,0.347757637499,0.938053539343
302.373,154.715,217.0,0.60497070534,0.347757637499,0.938053539343
305.57,152.87,217.0,0.60497070534,0.347757637499,0.938053539343
308.099,149.122,217.0,0.60497070534,0.347757637499,0.938053539343
309.972,145.679,217.0,0.60497070534,0.347757637499,0.938053539343
312.586,142.532,217.0,0.60497070534,0.347757637499,0.938053539343
314.09,138.925,217.0,0.60497070534,0.347757637499,0.938053539343
315.253,134.967,217.0,0.60497070534,0.347757637499,0.938053539343
315.512,130.798,217.0,0.60497070534,0.347757637499,0.938053539343
315.508,126.569,217.0,0.60497070534,0.347757637499,0.938053539343
315.477,122.348,217.0,0.60497070534,0.347757637499,0.938053539343
314.85,118.268,217.0,0.60497070534,0.347757637499,0.938053539343
314.057,114.226,217.0,0.60497070534,0.347757637499,0.938053539343
313.741,110.071,217.0,0.60497070534,0.347757637499,0.938053539343
312.549,106.119,217.0,0.60497070534,0.347757637499,0.938053539343
310.209,102.614,217.0,0.60497070534,0.347757637499,0.938053539343
308.178,98.9583,217.0,0.60497070534,0.347757637499,0.938053539343
307.513,94.8907,217.0,0.60497070534,0.347757637499,0.938053539343
306.543,90.8662,217.0,0.60497070534,0.347757637499,0.938053539343
303.901,87.5297,217.0,0.60497070534,0.347757637499,0.938053539343
302.062,83.7204,217.0,0.60497070534,0.347757637499,0.938053539343
299.456,80.3621,217.0,0.60497070534,0.347757637499,0.938053539343
297.921,76.8089,217.0,0.60497070534,0.347757637499,0.938053539343
296.556,72.9,217.0,0.60497070534,0.347757637499,0.938053539343
293.608,69.8376,217.0,0.60497070534,0.347757637499,0.938053539343
292.137,67.1006,217.0,0.60497070534,0.347757637499,0.938053539343
289.177,64.1167,217.0,0.60497070534,0.347757637499,0.938053539343
286.771,61.8591,217.0,0.60497070534,0.347757637499,0.938053539343
284.133,58.5788,217.0,0.60497070534,0.347757637499,0.938053539343
281.695,55.1863,217.0,0.60497070534,0.347757637499,0.938053539343
277.944,53.816,217.0,0.60497070534,0.347757637499,0.938053539343
275.425,51.8932,217.0,0.60497070534,0.347757637499,0.938053539343
272.068,49.8786,217.0,0.60497070534,0.347757637499,0.938053539343
268.051,49.3727,217.0,0.60497070534,0.347757637499,0.938053539343
263.936,49.0996,217.0,0.60497070534,0.347757637499,0.938053539343
260.21,47.8881,217.0,0.60497070534,0.347757637499,0.938053539343
255.986,47.8757,217.0,0.60497070534,0.347757637499,0.938053539343
251.758,47.8765,217.0,0.60497070534,0.347757637499,0.938053539343
247.529,47.8731,217.0,0.60497070534,0.347757637499,0.938053539343
243.337,48.0158,217.0,0.60497070534,0.347757637499,0.938053539343
239.364,49.2703,217.0,0.60497070534,0.347757637499,0.938053539343
235.951,51.2096,217.0,0.60497070534,0.347757637499,0.938053539343
231.93,53.1097,217.0,0.60497070534,0.347757637499,0.938053539343
230.479,56.8416,217.0,0.60497070534,0.347757637499,0.938053539343
228.508,60.2551,217.0,0.60497070534,0.347757637499,0.938053539343
226.614,63.7022,217.0,0.60497070534,0.347757637499,0.938053539343
224.002,66.9889,217.0,0.60497070534,0.347757637499,0.938053539343
221.395,70.2859,217.0,0.60497070534,0.347757637499,0.938053539343
220.322,74.2986,217.0,0.60497070534,0.347757637499,0.938053539343
217.4,77.3172,217.0,0.60497070534,0.347757637499,0.938053539343
215.843,80.9008,217.0,0.60497070534,0.347757637499,0.938053539343
214.444,84.5487,217.0,0.60497070534,0.347757637499,0.938053539343
214.234,88.7868,217.0,0.60497070534,0.347757637499,0.938053539343
212.929,92.7672,217.0,0.60497070534,0.347757637499,0.938053539343
213.002,97.0097,217.0,0.60497070534,0.347757637499,0.938053539343
212.019,101.006,217.0,0.60497070534,0.347757637499,0.938053539343
211.588,105.133,217.0,0.60497070534,0.347757637499,0.938053539343
211.558,109.354,217.0,0.60497070534,0.347757637499,0.938053539343
211.558,113.582,217.0,0.60497070534,0.347757637499,0.938053539343
211.558,117.811,217.0,0.60497070534,0.347757637499,0.938053539343
211.559,122.039,217.0,0.60497070534,0.347757637499,0.938053539343
211.574,126.264,217.0,0.60497070534,0.347757637499,0.938053539343
211.764,130.448,217.0,0.60497070534,0.347757637499,0.938053539343
213.017,134.38,217.0,0.60497070534,0.347757637499,0.938053539343
213.247,138.702,217.0,0.60497070534,0.347757637499,0.938053539343
211.469,142.192,217.0,0.60497070534,0.347757637499,0.938053539343
211.624,146.485,217.0,0.60497070534,0.347757637499,0.938053539343
210.057,150.064,217.0,0.60497070534,0.347757637499,0.938053539343
210.103,154.305,217.0,0.60497070534,0.347757637499,0.938053539343
210.135,158.495,217.0,0.60497070534,0.347757637499,0.938053539343
211.747,161.111,217.0,0.60497070534,0.347757637499,0.938053539343
213.202,163.883,217.0,0.60497070534,0.347757637499,0.938053539343
212.272,169.146,217.0,0.60497070534,0.347757637499,0.938053539343
212.085,173.928,217.0,0.60497070534,0.347757637499,0.938053539343
212.72,178.134,217.0,0.60497070534,0.347757637499,0.938053539343
214.12,181.805,217.0,0.60497070534,0.347757637499,0.938053539343
216.228,184.98,217.0,0.60497070534,0.347757637499,0.938053539343
218.987,187.698,217.0,0.60497070534,0.347757637499,0.938053539343
222.342,190.0,217.0,0.60497070534,0.347757637499,0.938053539343
226.235,191.926,217.0,0.60497070534,0.347757637499,0.938053539343
230.609,193.513,217.0,0.60497070534,0.347757637499,0.938053539343
235.409,194.804,217.0,0.60497070534,0.347757637499,0.938053539343
240.576,195.836,217.0,0.60497070534,0.347757637499,0.938053539343
246.056,196.651,217.0,0.60497070534,0.347757637499,0.938053539343
251.79,197.286,217.0,0.60497070534,0.347757637499,0.938053539343
257.723,197.783,217.0,0.60497070534,0.347757637499,0.938053539343
263.797,198.181,217.0,0.60497070534,0.347757637499,0.938053539343
269.956,198.519,217.0,0.60497070534,0.347757637499,0.938053539343
