283.736,191.109,218.0,0.60497070534,0.347757637499,0.938053539343
286.452,188.047,218.0,0.60497070534,0.347757637499,0.938053539343
289.299,185.269,218.0,0.60497070534,0.347757637499,0.938053539343
291.322,181.886,218.0,0.60497070534,0.347757637499,0.938053539343
294.569,179.758,218.0,0.60497070534,0.347757637499,0.938053539343
296.634,177.867,218.0,0.60497070534,0.347757637499,0.938053539343
297.758,173.955,218.0,0.60497070534,0.347757637499,0.938053539343
300.177,170.812,218.0,0.60497070534,0.347757637499,0.938053539343
302.653,167.706,218.0,0.60497070534,0.347757637499,0.938053539343
304.077,164.234,218.0,0.60497070534,0.347757637499,0.938053539343
305.302,160.526,218.0,0.60497070534,0.347757637499,0.938053539343
306.866,157.133,218.0,0.60497070534,0.347757637499,0.938053539343
308.152,153.427,218.0,0.60497070534,0.347757637499,0.938053539343
309.725,150.093,218.0,0.60497070534,0.347757637499,0.938053539343
311.013,146.365,218.0,0.60497070534,0.347757637499,0.938053539343
311.582,142.596,218.0,0.60497070534,0.347757637499,0.938053539343
312.402,138.769,218.0,0.60497070534,0.347757637499,0.938053539343
313.959,136.332,218.0,0.60497070534,0.347757637499,0.938053539343
314.092,132.396,218.0,0.60497070534,0.347757637499,0.938053539343
312.5,129.051,218.0,0.60497070534,0.347757637499,0.938053539343
312.583,125.009,218.0,0.60497070534,0.347757637499,0.938053539343
312.581,121.002,218.0,0.60497070534,0.347757637499,0.938053539343
312.546,117.008,218.0,0.60497070534,0.347757637499,0.938053539343
311.061,113.615,218.0,0.60497070534,0.347757637499,0.938053539343
310.68,109.702,218.0,0.60497070534,0.347757637499,0.938053539343
308.9,106.044,218.0,0.60497070534,0.347757637499,0.938053539343
306.648,102.902,218.0,0.60497070534,0.347757637499,0.938053539343
305.445,99.3884,218.0,0.60497070534,0.347757637499,0.938053539343
304.776,95.6584,218.0,0.60497070534,0.347757637499,0.938053539343
303.835,92.044,218.0,0.60497070534,0.347757637499,0.938053539343
302.143,88.4211,218.0,0.60497070534,0.347757637499,0.938053539343
299.845,85.1477,218.0,0.60497070534,0.347757637499,0.938053539343
298.128,81.8582,218.0,0.60497070534,0.347757637499,0.938053539343
296.45,78.5456,218.0,0.60497070534,0.347757637499,0.938053539343
294.474,75.3563,218.0,0.60497070534,0.347757637499,0.938053539343
292.981,71.9666,218.0,0.60497070534,0.347757637499,0.938053539343
290.035,69.1791,218.0,0.60497070534,0.347757637499,0.938053539343
287.695,66.1403,218.0,0.60497070534,0.347757637499,0.938053539343
285.313,63.1185,218.0,0.60497070534,0.347757637499,0.938053539343
282.521,60.2571,218.0,0.60497070534,0.347757637499,0.938053539343
279.792,57.2535,218.0,0.60497070534,0.347757637499,0.938053539343
277.444,55.2145,218.0,0.60497070534,0.347757637499,0.938053539343
274.586,52.4104,218.0,0.60497070534,0.347757637499,0.938053539343
272.469,49.3607,218.0,0.60497070534,0.347757637499,0.938053539343
268.925,47.9833,218.0,0.60497070534,0.347757637499,0.938053539343
267.149,45.7715,218.0,0.60497070534,0.347757637499,0.938053539343
264.493,43.6756,218.0,0.60497070534,0.347757637499,0.938053539343
260.528,43.6454,218.0,0.60497070534,0.347757637499,0.938053539343
256.914,42.0145,218.0,0.60497070534,0.347757637499,0.938053539343
252.908,42.021,218.0,0.60497070534,0.347757637499,0.938053539343
248.751,41.8711,218.0,0.60497070534,0.347757637499,0.938053539343
246.309,43.508,218.0,0.60497070534,0.347757637499,0.938053539343
242.716,45.0072,218.0,0.60497070534,0.347757637499,0.938053539343
239.284,46.4231,218.0,0.60497070534,0.347757637499,0.938053539343
236.784,47.872,218.0,0.60497070534,0.347757637499,0.938053539343
233.36,49.3848,218.0,0.60497070534,0.347757637499,0.938053539343
230.03,51.2519,218.0,0.60497070534,0.347757637499,0.938053539343
228.319,54.5214,218.0,0.60497070534,0.347757637499,0.938053539343
226.623,57.8282,218.0,0.60497070534,0.347757637499,0.938053539343
223.822,60.7893,218.0,0.60497070534,0.347757637499,0.938053539343
222.809,64.5198,218.0,0.60497070534,0.347757637499,0.938053539343
221.834,68.197,218.0,0.60497070534,0.347757637499,0.938053539343
219.856,71.6947,218.0,0.60497070534,0.347757637499,0.938053539343
218.906,75.3029,218.0,0.60497070534,0.347757637499,0.938053539343
218.661,79.2432,218.0,0.60497070534,0.347757637499,0.938053539343
217.408,82.9546,218.0,0.60497070534,0.347757637499,0.938053539343
216.238,86.6886,218.0,0.60497070534,0.347757637499,0.938053539343
216.328,90.7674,218.0,0.60497070534,0.347757637499,0.938053539343
216.01,94.6582,218.0,0.60497070534,0.347757637499,0.938053539343
214.457,97.9981,218.0,0.60497070534,0.347757637499,0.938053539343
213.119,101.723,218.0,0.60497070534,0.347757637499,0.938053539343
213.018,105.705,218.0,0.60497070534,0.347757637499,0.938053539343
213.009,109.712,218.0,0.60497070534,0.347757637499,0.938053539343
212.772,113.691,218.0,0.60497070534,0.347757637499,0.938053539343
211.63,117.558,218.0,0.60497070534,0.347757637499,0.938053539343
211.556,121.561,218.0,0.60497070534,0.347757637499,0.938053539343
211.58,125.559,218.0,0.60497070534,0.347757637499,0.938053539343
212.971,129.256,218.0,0.60497070534,0.347757637499,0.938053539343
214.748,132.526,218.0,0.60497070534,0.347757637499,0.938053539343
214.585,136.648,218.0,0.60497070534,0.347757637499,0.938053539343
216.152,140.327,218.0,0.60497070534,0.347757637499,0.938053539343
218.369,143.599,218.0,0.60497070534,0.347757637499,0.938053539343
220.823,146.679,218.0,0.60497070534,0.347757637499,0.938053539343
222.861,150.226,218.0,0.60497070534,0.347757637499,0.938053539343
225.509,152.418,218.0,0.60497070534,0.347757637499,0.938053539343
227.659,154.652,218.0,0.60497070534,0.347757637499,0.938053539343
230.554,157.449,218.0,0.60497070534,0.347757637499,0.938053539343
232.188,159.87,218.0,0.60497070534,0.347757637499,0.938053539343
232.053,164.011,218.0,0.60497070534,0.347757637499,0.938053539343
232.139,167.966,218.0,0.60497070534,0.347757637499,0.938053539343
232.861,171.53,218.0,0.60497070534,0.347757637499,0.938053539343
234.265,174.671,218.0,0.60497070534,0.347757637499,0.938053539343
236.298,177.424,218.0,0.60497070534,0.347757637499,0.938053539343
238.905,179.821,218.0,0.60497070534,0.347757637499,0.938053539343
242.031,181.898,218.0,0.60497070534,0.347757637499,0.938053539343
245.621,183.687,218.0,0.60497070534,0.347757637499,0.938053539343
249.62,185.223,218.0,0.60497070534,0.347757637499,0.938053539343
253.975,186.538,218.0,0.60497070534,0.347757637499,0.938053539343
258.631,187.668,218.0,0.60497070534,0.347757637499,0.938053539343
263.532,188.646,218.0,0.60497070534,0.347757637499,0.938053539343
268.625,189.505,218.0,0.60497070534,0.347757637499,0.938053539343
273.854,190.28,218.0,0.60497070534,0.347757637499,0.938053539343
279.165,191.004,218.0,0.60497070534,0.347757637499,0.938053539343
