197.092,552.632,219.0,0.795439398097,0.473813528713,0.879504828594
198.529,549.644,219.0,0.795439398097,0.473813528713,0.879504828594
201.757,547.374,219.0,0.795439398097,0.473813528713,0.879504828594
202.779,544.183,219.0,0.795439398097,0.473813528713,0.879504828594
205.515,541.695,219.0,0.795439398097,0.473813528713,0.879504828594
206.711,538.467,219.0,0.795439398097,0.473813528713,0.879504828594
208.563,536.553,219.0,0.795439398097,0.473813528713,0.879504828594
211.012,535.001,219.0,0.795439398097,0.473813528713,0.879504828594
212.131,531.722,219.0,0.795439398097,0.473813528713,0.879504828594
214.912,529.254,219.0,0.795439398097,0.473813528713,0.879504828594
216.299,526.235,219.0,0.795439398097,0.473813528713,0.879504828594
218.022,523.682,219.0,0.795439398097,0.473813528713,0.879504828594
219.222,520.947,219.0,0.795439398097,0.473813528713,0.879504828594
222.601,518.89,219.0,0.795439398097,0.473813528713,0.879504828594
224.154,516.407,219.0,0.795439398097,0.473813528713,0.879504828594
224.781,513.386,219.0,0.795439398097,0.473813528713,0.879504828594
226.185,510.353,219.0,0.795439398097,0.473813528713,0.879504828594
226.194,506.744,219.0,0.795439398097,0.473813528713,0.879504828594
226.199,503.134,219.0,0.795439398097,0.473813528713,0.879504828594
226.206,499.519,219.0,0.795439398097,0.473813528713,0.879504828594
226.207,495.906,219.0,0.795439398097,0.473813528713,0.879504828594
224.71,492.937,219.0,0.795439398097,0.473813528713,0.879504828594
221.804,491.337,219.0,0.795439398097,0.473813528713,0.879504828594
219.487,489.744,219.0,0.795439398097,0.473813528713,0.879504828594
217.975,487.125,219.0,0.795439398097,0.473813528713,0.879504828594
217.325,484.149,219.0,0.795439398097,0.473813528713,0.879504828594
215.808,481.855,219.0,0.795439398097,0.473813528713,0.879504828594
213.274,479.089,219.0,0.795439398097,0.473813528713,0.879504828594
212.104,475.957,219.0,0.795439398097,0.473813528713,0.879504828594
211.6,472.553,219.0,0.795439398097,0.473813528713,0.879504828594
210.101,469.563,219.0,0.795439398097,0.473813528713,0.879504828594
208.64,466.556,219.0,0.795439398097,0.473813528713,0.879504828594
207.125,463.571,219.0,0.795439398097,0.473813528713,0.879504828594
207.252,459.906,219.0,0.795439398097,0.473813528713,0.879504828594
205.597,456.98,219.0,0.795439398097,0.473813528713,0.879504828594
204.524,453.813,219.0,0.795439398097,0.473813528713,0.879504828594
204.224,450.324,219.0,0.795439398097,0.473813528713,0.879504828594
203.635,446.954,219.0,0.795439398097,0.473813528713,0.879504828594
202.505,443.75,219.0,0.795439398097,0.473813528713,0.879504828594
201.279,440.445,219.0,0.795439398097,0.473813528713,0.879504828594
200.964,436.965,219.0,0.795439398097,0.473813528713,0.879504828594
199.874,433.806,219.0,0.795439398097,0.473813528713,0.879504828594
199.906,430.181,219.0,0.795439398097,0.473813528713,0.879504828594
198.367,427.206,219.0,0.795439398097,0.473813528713,0.879504828594
198.365,423.595,219.0,0.795439398097,0.473813528713,0.879504828594
197.52,420.333,219.0,0.795439398097,0.473813528713,0.879504828594
196.9,416.978,219.0,0.795439398097,0.473813528713,0.879504828594
196.905,413.364,219.0,0.795439398097,0.473813528713,0.879504828594
196.923,409.744,219.0,0.795439398097,0.473813528713,0.879504828594
196.916,406.135,219.0,0.795439398097,0.473813528713,0.879504828594
196.917,402.523,219.0,0.795439398097,0.473813528713,0.879504828594
196.917,398.911,219.0,0.795439398097,0.473813528713,0.879504828594
196.917,395.299,219.0,0.795439398097,0.473813528713,0.879504828594
196.917,391.687,219.0,0.795439398097,0.473813528713,0.879504828594
196.915,388.076,219.0,0.795439398097,0.473813528713,0.879504828594
196.936,384.455,219.0,0.795439398097,0.473813528713,0.879504828594
195.387,381.484,219.0,0.795439398097,0.473813528713,0.879504828594
195.536,377.811,219.0,0.795439398097,0.473813528713,0.879504828594
193.732,374.946,219.0,0.795439398097,0.473813528713,0.879504828594
193.984,371.229,219.0,0.795439398097,0.473813528713,0.879504828594
193.995,367.613,219.0,0.795439398097,0.473813528713,0.879504828594
193.941,364.023,219.0,0.795439398097,0.473813528713,0.879504828594
192.315,361.085,219.0,0.795439398097,0.473813528713,0.879504828594
192.507,357.393,219.0,0.795439398097,0.473813528713,0.879504828594
192.523,353.775,219.0,0.795439398097,0.473813528713,0.879504828594
192.575,350.15,219.0,0.795439398097,0.473813528713,0.879504828594
191.152,346.874,219.0,0.795439398097,0.473813528713,0.879504828594
191.058,343.285,219.0,0.795439398097,0.473813528713,0.879504828594
191.084,339.682,219.0,0.795439398097,0.473813528713,0.879504828594
191.21,336.122,219.0,0.795439398097,0.473813528713,0.879504828594
192.504,333.046,219.0,0.795439398097,0.473813528713,0.879504828594
192.523,329.442,219.0,0.795439398097,0.473813528713,0.879504828594
192.531,325.833,219.0,0.795439398097,0.473813528713,0.879504828594
192.372,322.155,219.0,0.795439398097,0.473813528713,0.879504828594
193.684,319.087,219.0,0.795439398097,0.473813528713,0.879504828594
193.943,315.582,219.0,0.795439398097,0.473813528713,0.879504828594
195.523,312.621,219.0,0.795439398097,0.473813528713,0.879504828594
195.3,308.829,219.0,0.795439398097,0.473813528713,0.879504828594
196.898,306.813,219.0,0.795439398097,0.473813528713,0.879504828594
197.504,303.464,219.0,0.795439398097,0.473813528713,0.879504828594
198.388,300.221,219.0,0.795439398097,0.473813528713,0.879504828594
199.596,297.109,219.0,0.795439398097,0.473813528713,0.879504828594
199.858,293.605,219.0,0.795439398097,0.473813528713,0.879504828594
200.442,290.236,219.0,0.795439398097,0.473813528713,0.879504828594
201.374,287.009,219.0,0.795439398097,0.473813528713,0.879504828594
201.308,283.37,219.0,0.795439398097,0.473813528713,0.879504828594
201.309,279.759,219.0,0.795439398097,0.473813528713,0.879504828594
201.309,276.147,219.0,0.795439398097,0.473813528713,0.879504828594
201.307,272.536,219.0,0.795439398097,0.473813528713,0.879504828594
201.309,268.923,219.0,0.795439398097,0.473813528713,0.879504828594
201.399,265.273,219.0,0.795439398097,0.473813528713,0.879504828594
199.771,262.329,219.0,0.795439398097,0.473813528713,0.879504828594
199.836,258.702,219.0,0.795439398097,0.473813528713,0.879504828594
198.091,256.645,219.0,0.795439398097,0.473813528713,0.879504828594
195.306,254.271,219.0,0.795439398097,0.473813528713,0.879504828594
191.675,254.31,219.0,0.795439398097,0.473813528713,0.879504828594
188.06,254.314,219.0,0.795439398097,0.473813528713,0.879504828594
184.408,254.216,219.0,0.795439398097,0.473813528713,0.879504828594
181.435,255.758,219.0,0.795439398097,0.473813528713,0.879504828594
178.428,257.22,219.0,0.795439398097,0.473813528713,0.879504828594
175.436,258.714,219.0,0.795439398097,0.473813528713,0.879504828594
172.868,261.157,219.0,0.795439398097,0.473813528713,0.879504828594
170.521,262.708,219.0,0.795439398097,0.473813528713,0.879504828594
169.088,266.039,219.0,0.795439398097,0.473813528713,0.879504828594
166.383,268.533,219.0,0.795439398097,0.473813528713,0.879504828594
165.424,271.875,219.0,0.795439398097,0.473813528713,0.879504828594
164.43,275.203,219.0,0.795439398097,0.473813528713,0.879504828594
163.329,278.364,219.0,0.795439398097,0.473813528713,0.879504828594
161.3,281.176,219.0,0.795439398097,0.473813528713,0.879504828594
160.298,284.596,219.0,0.795439398097,0.473813528713,0.879504828594
160.341,288.221,219.0,0.795439398097,0.473813528713,0.879504828594
158.753,291.165,219.0,0.795439398097,0.473813528713,0.879504828594
157.813,293.803,219.0,0.795439398097,0.473813528713,0.879504828594
156.744,296.902,219.0,0.795439398097,0.473813528713,0.879504828594
156.025,300.296,219.0,0.795439398097,0.473813528713,0.879504828594
154.017,303.105,219.0,0.795439398097,0.473813528713,0.879504828594
152.95,306.501,219.0,0.795439398097,0.473813528713,0.879504828594
151.769,309.619,219.0,0.795439398097,0.473813528713,0.879504828594
151.533,313.131,219.0,0.795439398097,0.473813528713,0.879504828594
150.772,316.622,219.0,0.795439398097,0.473813528713,0.879504828594
150.062,320.117,219.0,0.795439398097,0.473813528713,0.879504828594
150.052,323.727,219.0,0.795439398097,0.473813528713,0.879504828594
149.532,327.216,219.0,0.795439398097,0.473813528713,0.879504828594
148.608,330.61,219.0,0.795439398097,0.473813528713,0.879504828594
148.602,334.22,219.0,0.795439398097,0.473813528713,0.879504828594
148.601,337.832,219.0,0.795439398097,0.473813528713,0.879504828594
148.601,341.444,219.0,0.795439398097,0.473813528713,0.879504828594
148.601,345.056,219.0,0.795439398097,0.473813528713,0.879504828594
148.601,348.668,219.0,0.795439398097,0.473813528713,0.879504828594
148.601,352.28,219.0,0.795439398097,0.473813528713,0.879504828594
148.608,355.89,219.0,0.795439398097,0.473813528713,0.879504828594
148.618,359.497,219.0,0.795439398097,0.473813528713,0.879504828594
148.906,362.99,219.0,0.795439398097,0.473813528713,0.879504828594
150.04,366.132,219.0,0.795439398097,0.473813528713,0.879504828594
150.068,369.733,219.0,0.795439398097,0.473813528713,0.879504828594
150.035,373.353,219.0,0.795439398097,0.473813528713,0.879504828594
150.529,376.848,219.0,0.795439398097,0.473813528713,0.879504828594
151.631,380.203,219.0,0.795439398097,0.473813528713,0.879504828594
151.44,383.874,219.0,0.795439398097,0.473813528713,0.879504828594
152.519,387.037,219.0,0.795439398097,0.473813528713,0.879504828594
152.997,390.452,219.0,0.795439398097,0.473813528713,0.879504828594
154.048,393.815,219.0,0.795439398097,0.473813528713,0.879504828594
154.798,397.251,219.0,0.795439398097,0.473813528713,0.879504828594
155.936,400.595,219.0,0.795439398097,0.473813528713,0.879504828594
156.917,403.975,219.0,0.795439398097,0.473813528713,0.879504828594
157.705,407.397,219.0,0.795439398097,0.473813528713,0.879504828594
158.819,410.759,219.0,0.795439398097,0.473813528713,0.879504828594
161.436,413.287,219.0,0.795439398097,0.473813528713,0.879504828594
162.345,416.585,219.0,0.795439398097,0.473813528713,0.879504828594
164.679,419.484,219.0,0.795439398097,0.473813528713,0.879504828594
166.094,422.516,219.0,0.795439398097,0.473813528713,0.879504828594
167.591,425.508,219.0,0.795439398097,0.473813528713,0.879504828594
169.087,428.496,219.0,0.795439398097,0.473813528713,0.879504828594
170.74,430.464,219.0,0.795439398097,0.473813528713,0.879504828594
170.83,434.456,219.0,0.795439398097,0.473813528713,0.879504828594
173.403,437.061,219.0,0.795439398097,0.473813528713,0.879504828594
174.863,440.068,219.0,0.795439398097,0.473813528713,0.879504828594
176.362,443.059,219.0,0.795439398097,0.473813528713,0.879504828594
177.846,446.056,219.0,0.795439398097,0.473813528713,0.879504828594
178.137,449.548,219.0,0.795439398097,0.473813528713,0.879504828594
181.381,451.816,219.0,0.795439398097,0.473813528713,0.879504828594
182.348,455.027,219.0,0.795439398097,0.473813528713,0.879504828594
183.796,458.04,219.0,0.795439398097,0.473813528713,0.879504828594
186.594,460.493,219.0,0.795439398097,0.473813528713,0.879504828594
188.024,463.512,219.0,0.795439398097,0.473813528713,0.879504828594
188.186,467.076,219.0,0.795439398097,0.473813528713,0.879504828594
189.307,470.546,219.0,0.795439398097,0.473813528713,0.879504828594
191.946,473.089,219.0,0.795439398097,0.473813528713,0.879504828594
193.302,476.143,219.0,0.795439398097,0.473813528713,0.879504828594
194.821,479.126,219.0,0.795439398097,0.473813528713,0.879504828594
196.301,482.125,219.0,0.795439398097,0.473813528713,0.879504828594
196.637,485.597,219.0,0.795439398097,0.473813528713,0.879504828594
198.347,488.501,219.0,0.795439398097,0.473813528713,0.879504828594
198.753,491.945,219.0,0.795439398097,0.473813528713,0.879504828594
199.742,495.147,219.0,0.795439398097,0.473813528713,0.879504828594
201.575,498.0,219.0,0.795439398097,0.473813528713,0.879504828594
201.299,501.727,219.0,0.795439398097,0.473813528713,0.879504828594
202.768,504.73,219.0,0.795439398097,0.473813528713,0.879504828594
202.772,508.341,219.0,0.795439398097,0.473813528713,0.879504828594
202.774,511.952,219.0,0.795439398097,0.473813528713,0.879504828594
202.38,515.401,219.0,0.795439398097,0.473813528713,0.879504828594
201.437,518.624,219.0,0.795439398097,0.473813528713,0.879504828594
199.837,521.578,219.0,0.795439398097,0.473813528713,0.879504828594
197.827,524.486,219.0,0.795439398097,0.473813528713,0.879504828594
195.513,526.175,219.0,0.795439398097,0.473813528713,0.879504828594
194.047,528.328,219.0,0.795439398097,0.473813528713,0.879504828594
195.092,533.015,219.0,0.795439398097,0.473813528713,0.879504828594
195.78,537.376,219.0,0.795439398097,0.473813528713,0.879504828594
196.149,541.447,219.0,0.795439398097,0.473813528713,0.879504828594
196.236,545.261,219.0,0.795439398097,0.473813528713,0.879504828594
196.078,548.854,219.0,0.795439398097,0.473813528713,0.879504828594
195.714,552.258,219.0,0.795439398097,0.473813528713,0.879504828594
