195.173,255.907,220.0,0.60497070534,0.347757637499,0.938053539343
191.259,255.638,220.0,0.60497070534,0.347757637499,0.938053539343
188.193,257.222,220.0,0.60497070534,0.347757637499,0.938053539343
185.165,258.784,220.0,0.60497070534,0.347757637499,0.938053539343
182.706,260.24,220.0,0.60497070534,0.347757637499,0.938053539343
179.923,262.691,220.0,0.60497070534,0.347757637499,0.938053539343
176.475,264.347,220.0,0.60497070534,0.347757637499,0.938053539343
174.217,265.837,220.0,0.60497070534,0.347757637499,0.938053539343
172.165,267.523,220.0,0.60497070534,0.347757637499,0.938053539343
170.338,269.682,220.0,0.60497070534,0.347757637499,0.938053539343
167.606,271.239,220.0,0.60497070534,0.347757637499,0.938053539343
164.815,273.286,220.0,0.60497070534,0.347757637499,0.938053539343
163.075,276.561,220.0,0.60497070534,0.347757637499,0.938053539343
160.323,279.118,220.0,0.60497070534,0.347757637499,0.938053539343
158.79,281.278,220.0,0.60497070534,0.347757637499,0.938053539343
157.464,284.63,220.0,0.60497070534,0.347757637499,0.938053539343
156.006,286.854,220.0,0.60497070534,0.347757637499,0.938053539343
154.456,288.98,220.0,0.60497070534,0.347757637499,0.938053539343
152.97,292.14,220.0,0.60497070534,0.347757637499,0.938053539343
151.323,295.462,220.0,0.60497070534,0.347757637499,0.938053539343
149.845,298.571,220.0,0.60497070534,0.347757637499,0.938053539343
148.427,301.724,220.0,0.60497070534,0.347757637499,0.938053539343
147.262,305.313,220.0,0.60497070534,0.347757637499,0.938053539343
145.714,307.469,220.0,0.60497070534,0.347757637499,0.938053539343
145.674,311.158,220.0,0.60497070534,0.347757637499,0.938053539343
145.673,314.885,220.0,0.60497070534,0.347757637499,0.938053539343
145.673,318.613,220.0,0.60497070534,0.347757637499,0.938053539343
145.673,322.341,220.0,0.60497070534,0.347757637499,0.938053539343
145.673,326.069,220.0,0.60497070534,0.347757637499,0.938053539343
145.666,329.799,220.0,0.60497070534,0.347757637499,0.938053539343
145.546,333.555,220.0,0.60497070534,0.347757637499,0.938053539343
146.827,336.983,220.0,0.60497070534,0.347757637499,0.938053539343
147.132,340.636,220.0,0.60497070534,0.347757637499,0.938053539343
148.38,344.166,220.0,0.60497070534,0.347757637499,0.938053539343
148.594,347.86,220.0,0.60497070534,0.347757637499,0.938053539343
149.221,350.962,220.0,0.60497070534,0.347757637499,0.938053539343
150.063,353.847,220.0,0.60497070534,0.347757637499,0.938053539343
150.623,357.313,220.0,0.60497070534,0.347757637499,0.938053539343
152.52,359.694,220.0,0.60497070534,0.347757637499,0.938053539343
152.94,363.013,220.0,0.60497070534,0.347757637499,0.938053539343
154.533,365.145,220.0,0.60497070534,0.347757637499,0.938053539343
154.568,368.929,220.0,0.60497070534,0.347757637499,0.938053539343
156.058,372.3,220.0,0.60497070534,0.347757637499,0.938053539343
155.924,376.061,220.0,0.60497070534,0.347757637499,0.938053539343
155.925,379.786,220.0,0.60497070534,0.347757637499,0.938053539343
155.851,383.588,220.0,0.60497070534,0.347757637499,0.938053539343
157.773,385.389,220.0,0.60497070534,0.347757637499,0.938053539343
157.363,389.507,220.0,0.60497070534,0.347757637499,0.938053539343
158.7,392.923,220.0,0.60497070534,0.347757637499,0.938053539343
158.792,396.679,220.0,0.60497070534,0.347757637499,0.938053539343
160.39,398.804,220.0,0.60497070534,0.347757637499,0.938053539343
160.078,402.697,220.0,0.60497070534,0.347757637499,0.938053539343
161.864,405.696,220.0,0.60497070534,0.347757637499,0.938053539343
161.77,409.463,220.0,0.60497070534,0.347757637499,0.938053539343
163.288,412.832,220.0,0.60497070534,0.347757637499,0.938053539343
163.241,416.571,220.0,0.60497070534,0.347757637499,0.938053539343
163.115,420.323,220.0,0.60497070534,0.347757637499,0.938053539343
164.557,423.734,220.0,0.60497070534,0.347757637499,0.938053539343
164.989,427.129,220.0,0.60497070534,0.347757637499,0.938053539343
166.151,429.692,220.0,0.60497070534,0.347757637499,0.938053539343
166.188,433.393,220.0,0.60497070534,0.347757637499,0.938053539343
166.11,437.153,220.0,0.60497070534,0.347757637499,0.938053539343
167.636,440.25,220.0,0.60497070534,0.347757637499,0.938053539343
169.238,442.376,220.0,0.60497070534,0.347757637499,0.938053539343
169.082,446.25,220.0,0.60497070534,0.347757637499,0.938053539343
170.64,449.335,220.0,0.60497070534,0.347757637499,0.938053539343
170.423,453.23,220.0,0.60497070534,0.347757637499,0.938053539343
172.247,455.299,220.0,0.60497070534,0.347757637499,0.938053539343
173.87,458.329,220.0,0.60497070534,0.347757637499,0.938053539343
175.286,461.577,220.0,0.60497070534,0.347757637499,0.938053539343
177.998,463.132,220.0,0.60497070534,0.347757637499,0.938053539343
179.405,465.461,220.0,0.60497070534,0.347757637499,0.938053539343
180.802,467.747,220.0,0.60497070534,0.347757637499,0.938053539343
182.266,470.91,220.0,0.60497070534,0.347757637499,0.938053539343
185.079,473.412,220.0,0.60497070534,0.347757637499,0.938053539343
186.734,475.619,220.0,0.60497070534,0.347757637499,0.938053539343
188.16,477.881,220.0,0.60497070534,0.347757637499,0.938053539343
190.573,480.615,220.0,0.60497070534,0.347757637499,0.938053539343
193.444,482.666,220.0,0.60497070534,0.347757637499,0.938053539343
195.322,485.608,220.0,0.60497070534,0.347757637499,0.938053539343
197.519,487.167,220.0,0.60497070534,0.347757637499,0.938053539343
198.378,490.033,220.0,0.60497070534,0.347757637499,0.938053539343
199.658,492.482,220.0,0.60497070534,0.347757637499,0.938053539343
201.257,494.61,220.0,0.60497070534,0.347757637499,0.938053539343
202.879,496.713,220.0,0.60497070534,0.347757637499,0.938053539343
202.904,500.498,220.0,0.60497070534,0.347757637499,0.938053539343
204.212,503.683,220.0,0.60497070534,0.347757637499,0.938053539343
204.236,507.4,220.0,0.60497070534,0.347757637499,0.938053539343
204.241,511.13,220.0,0.60497070534,0.347757637499,0.938053539343
204.24,514.859,220.0,0.60497070534,0.347757637499,0.938053539343
203.517,517.863,220.0,0.60497070534,0.347757637499,0.938053539343
202.723,520.799,220.0,0.60497070534,0.347757637499,0.938053539343
200.964,523.018,220.0,0.60497070534,0.347757637499,0.938053539343
198.398,525.693,220.0,0.60497070534,0.347757637499,0.938053539343
195.742,527.253,220.0,0.60497070534,0.347757637499,0.938053539343
194.006,529.562,220.0,0.60497070534,0.347757637499,0.938053539343
190.818,531.728,220.0,0.60497070534,0.347757637499,0.938053539343
189.359,534.535,220.0,0.60497070534,0.347757637499,0.938053539343
185.88,536.139,220.0,0.60497070534,0.347757637499,0.938053539343
186.553,538.283,220.0,0.60497070534,0.347757637499,0.938053539343
188.648,540.145,220.0,0.60497070534,0.347757637499,0.938053539343
191.667,541.769,220.0,0.60497070534,0.347757637499,0.938053539343
194.996,542.724,220.0,0.60497070534,0.347757637499,0.938053539343
198.715,542.756,220.0,0.60497070534,0.347757637499,0.938053539343
202.404,542.995,220.0,0.60497070534,0.347757637499,0.938053539343
205.929,544.241,220.0,0.60497070534,0.347757637499,0.938053539343
209.672,544.196,220.0,0.60497070534,0.347757637499,0.938053539343
213.361,544.14,220.0,0.60497070534,0.347757637499,0.938053539343
216.765,543.353,220.0,0.60497070534,0.347757637499,0.938053539343
220.238,542.735,220.0,0.60497070534,0.347757637499,0.938053539343
223.352,541.253,220.0,0.60497070534,0.347757637499,0.938053539343
226.38,539.566,220.0,0.60497070534,0.347757637499,0.938053539343
229.534,538.182,220.0,0.60497070534,0.347757637499,0.938053539343
232.113,535.41,220.0,0.60497070534,0.347757637499,0.938053539343
234.969,533.642,220.0,0.60497070534,0.347757637499,0.938053539343
236.455,531.494,220.0,0.60497070534,0.347757637499,0.938053539343
237.969,528.355,220.0,0.60497070534,0.347757637499,0.938053539343
239.565,526.24,220.0,0.60497070534,0.347757637499,0.938053539343
240.787,523.734,220.0,0.60497070534,0.347757637499,0.938053539343
240.852,520.069,220.0,0.60497070534,0.347757637499,0.938053539343
240.841,516.329,220.0,0.60497070534,0.347757637499,0.938053539343
241.002,512.443,220.0,0.60497070534,0.347757637499,0.938053539343
239.336,510.341,220.0,0.60497070534,0.347757637499,0.938053539343
236.631,507.674,220.0,0.60497070534,0.347757637499,0.938053539343
233.536,506.162,220.0,0.60497070534,0.347757637499,0.938053539343
230.881,503.572,220.0,0.60497070534,0.347757637499,0.938053539343
227.883,501.8,220.0,0.60497070534,0.347757637499,0.938053539343
224.761,500.304,220.0,0.60497070534,0.347757637499,0.938053539343
223.166,497.244,220.0,0.60497070534,0.347757637499,0.938053539343
220.226,495.699,220.0,0.60497070534,0.347757637499,0.938053539343
219.538,491.693,220.0,0.60497070534,0.347757637499,0.938053539343
217.371,489.921,220.0,0.60497070534,0.347757637499,0.938053539343
215.71,487.044,220.0,0.60497070534,0.347757637499,0.938053539343
214.591,484.471,220.0,0.60497070534,0.347757637499,0.938053539343
212.98,481.432,220.0,0.60497070534,0.347757637499,0.938053539343
212.336,478.357,220.0,0.60497070534,0.347757637499,0.938053539343
211.557,475.412,220.0,0.60497070534,0.347757637499,0.938053539343
210.061,472.304,220.0,0.60497070534,0.347757637499,0.938053539343
208.517,469.216,220.0,0.60497070534,0.347757637499,0.938053539343
207.784,465.791,220.0,0.60497070534,0.347757637499,0.938053539343
207.208,462.302,220.0,0.60497070534,0.347757637499,0.938053539343
205.672,459.21,220.0,0.60497070534,0.347757637499,0.938053539343
204.249,456.071,220.0,0.60497070534,0.347757637499,0.938053539343
203.481,452.662,220.0,0.60497070534,0.347757637499,0.938053539343
202.829,449.204,220.0,0.60497070534,0.347757637499,0.938053539343
201.047,446.208,220.0,0.60497070534,0.347757637499,0.938053539343
201.011,442.451,220.0,0.60497070534,0.347757637499,0.938053539343
199.823,439.001,220.0,0.60497070534,0.347757637499,0.938053539343
198.794,435.529,220.0,0.60497070534,0.347757637499,0.938053539343
197.653,432.19,220.0,0.60497070534,0.347757637499,0.938053539343
196.933,428.757,220.0,0.60497070534,0.347757637499,0.938053539343
197.167,424.932,220.0,0.60497070534,0.347757637499,0.938053539343
195.365,421.95,220.0,0.60497070534,0.347757637499,0.938053539343
195.449,418.187,220.0,0.60497070534,0.347757637499,0.938053539343
195.454,414.457,220.0,0.60497070534,0.347757637499,0.938053539343
195.453,410.73,220.0,0.60497070534,0.347757637499,0.938053539343
195.453,407.002,220.0,0.60497070534,0.347757637499,0.938053539343
195.453,403.274,220.0,0.60497070534,0.347757637499,0.938053539343
195.453,399.546,220.0,0.60497070534,0.347757637499,0.938053539343
195.453,395.818,220.0,0.60497070534,0.347757637499,0.938053539343
195.453,392.09,220.0,0.60497070534,0.347757637499,0.938053539343
195.453,388.362,220.0,0.60497070534,0.347757637499,0.938053539343
195.453,384.634,220.0,0.60497070534,0.347757637499,0.938053539343
195.453,380.906,220.0,0.60497070534,0.347757637499,0.938053539343
195.453,377.178,220.0,0.60497070534,0.347757637499,0.938053539343
195.453,373.45,220.0,0.60497070534,0.347757637499,0.938053539343
195.453,369.722,220.0,0.60497070534,0.347757637499,0.938053539343
195.453,365.994,220.0,0.60497070534,0.347757637499,0.938053539343
195.453,362.266,220.0,0.60497070534,0.347757637499,0.938053539343
195.453,358.538,220.0,0.60497070534,0.347757637499,0.938053539343
195.453,354.811,220.0,0.60497070534,0.347757637499,0.938053539343
195.451,351.082,220.0,0.60497070534,0.347757637499,0.938053539343
195.447,347.352,220.0,0.60497070534,0.347757637499,0.938053539343
195.453,343.627,220.0,0.60497070534,0.347757637499,0.938053539343
195.138,339.768,220.0,0.60497070534,0.347757637499,0.938053539343
196.964,336.797,220.0,0.60497070534,0.347757637499,0.938053539343
197.087,333.12,220.0,0.60497070534,0.347757637499,0.938053539343
198.372,329.924,220.0,0.60497070534,0.347757637499,0.938053539343
199.302,326.581,220.0,0.60497070534,0.347757637499,0.938053539343
199.84,323.076,220.0,0.60497070534,0.347757637499,0.938053539343
199.843,319.35,220.0,0.60497070534,0.347757637499,0.938053539343
199.845,315.622,220.0,0.60497070534,0.347757637499,0.938053539343
199.845,311.894,220.0,0.60497070534,0.347757637499,0.938053539343
199.847,308.164,220.0,0.60497070534,0.347757637499,0.938053539343
199.839,304.444,220.0,0.60497070534,0.347757637499,0.938053539343
199.821,300.734,220.0,0.60497070534,0.347757637499,0.938053539343
199.997,296.83,220.0,0.60497070534,0.347757637499,0.938053539343
198.42,294.68,220.0,0.60497070534,0.347757637499,0.938053539343
198.382,290.991,220.0,0.60497070534,0.347757637499,0.938053539343
198.424,287.305,220.0,0.60497070534,0.347757637499,0.938053539343
199.881,285.035,220.0,0.60497070534,0.347757637499,0.938053539343
199.88,281.29,220.0,0.60497070534,0.347757637499,0.938053539343
201.079,278.054,220.0,0.60497070534,0.347757637499,0.938053539343
201.236,274.374,220.0,0.60497070534,0.347757637499,0.938053539343
201.187,270.571,220.0,0.60497070534,0.347757637499,0.938053539343
202.712,268.395,220.0,0.60497070534,0.347757637499,0.938053539343
201.793,265.103,220.0,0.60497070534,0.347757637499,0.938053539343
201.302,261.583,220.0,0.60497070534,0.347757637499,0.938053539343
199.849,258.371,220.0,0.60497070534,0.347757637499,0.938053539343
197.066,255.616,220.0,0.60497070534,0.347757637499,0.938053539343
