182.276,546.051,221.0,0.795439398097,0.473813528713,0.879504828594
182.275,549.74,221.0,0.795439398097,0.473813528713,0.879504828594
182.301,553.403,221.0,0.795439398097,0.473813528713,0.879504828594
182.153,557.241,221.0,0.795439398097,0.473813528713,0.879504828594
183.657,559.4,221.0,0.795439398097,0.473813528713,0.879504828594
185.114,562.645,221.0,0.795439398097,0.473813528713,0.879504828594
186.9,564.687,221.0,0.795439398097,0.473813528713,0.879504828594
190.39,563.85,221.0,0.795439398097,0.473813528713,0.879504828594
193.241,561.712,221.0,0.795439398097,0.473813528713,0.879504828594
196.878,560.598,221.0,0.795439398097,0.473813528713,0.879504828594
198.479,558.492,221.0,0.795439398097,0.473813528713,0.879504828594
199.926,555.332,221.0,0.795439398097,0.473813528713,0.879504828594
201.492,551.933,221.0,0.795439398097,0.473813528713,0.879504828594
205.134,551.104,221.0,0.795439398097,0.473813528713,0.879504828594
206.736,548.588,221.0,0.795439398097,0.473813528713,0.879504828594
208.58,545.845,221.0,0.795439398097,0.473813528713,0.879504828594
210.087,542.787,221.0,0.795439398097,0.473813528713,0.879504828594
212.621,540.021,221.0,0.795439398097,0.473813528713,0.879504828594
213.259,536.466,221.0,0.795439398097,0.473813528713,0.879504828594
216.007,533.911,221.0,0.795439398097,0.473813528713,0.879504828594
217.471,530.829,221.0,0.795439398097,0.473813528713,0.879504828594
220.284,528.306,221.0,0.795439398097,0.473813528713,0.879504828594
221.746,525.228,221.0,0.795439398097,0.473813528713,0.879504828594
224.222,522.34,221.0,0.795439398097,0.473813528713,0.879504828594
226.127,520.472,221.0,0.795439398097,0.473813528713,0.879504828594
227.763,518.42,221.0,0.795439398097,0.473813528713,0.879504828594
227.659,514.63,221.0,0.795439398097,0.473813528713,0.879504828594
227.683,510.924,221.0,0.795439398097,0.473813528713,0.879504828594
227.351,507.557,221.0,0.795439398097,0.473813528713,0.879504828594
225.42,505.316,221.0,0.795439398097,0.473813528713,0.879504828594
223.809,502.328,221.0,0.795439398097,0.473813528713,0.879504828594
222.379,499.249,221.0,0.795439398097,0.473813528713,0.879504828594
220.381,496.112,221.0,0.795439398097,0.473813528713,0.879504828594
219.833,492.934,221.0,0.795439398097,0.473813528713,0.879504828594
217.992,490.55,221.0,0.795439398097,0.473813528713,0.879504828594
217.424,487.126,221.0,0.795439398097,0.473813528713,0.879504828594
215.959,484.025,221.0,0.795439398097,0.473813528713,0.879504828594
213.867,481.285,221.0,0.795439398097,0.473813528713,0.879504828594
213.085,478.444,221.0,0.795439398097,0.473813528713,0.879504828594
211.559,475.394,221.0,0.795439398097,0.473813528713,0.879504828594
210.204,473.099,221.0,0.795439398097,0.473813528713,0.879504828594
207.958,470.298,221.0,0.795439398097,0.473813528713,0.879504828594
207.207,466.726,221.0,0.795439398097,0.473813528713,0.879504828594
205.705,463.66,221.0,0.795439398097,0.473813528713,0.879504828594
204.195,460.599,221.0,0.795439398097,0.473813528713,0.879504828594
203.06,457.174,221.0,0.795439398097,0.473813528713,0.879504828594
201.833,453.939,221.0,0.795439398097,0.473813528713,0.879504828594
201.475,450.394,221.0,0.795439398097,0.473813528713,0.879504828594
199.79,447.404,221.0,0.795439398097,0.473813528713,0.879504828594
199.84,443.695,221.0,0.795439398097,0.473813528713,0.879504828594
199.844,440.004,221.0,0.795439398097,0.473813528713,0.879504828594
199.845,436.315,221.0,0.795439398097,0.473813528713,0.879504828594
199.845,432.625,221.0,0.795439398097,0.473813528713,0.879504828594
199.845,428.936,221.0,0.795439398097,0.473813528713,0.879504828594
199.849,425.246,221.0,0.795439398097,0.473813528713,0.879504828594
199.824,421.567,221.0,0.795439398097,0.473813528713,0.879504828594
199.589,417.975,221.0,0.795439398097,0.473813528713,0.879504828594
198.227,414.85,221.0,0.795439398097,0.473813528713,0.879504828594
198.386,411.095,221.0,0.795439398097,0.473813528713,0.879504828594
198.372,407.412,221.0,0.795439398097,0.473813528713,0.879504828594
198.381,403.719,221.0,0.795439398097,0.473813528713,0.879504828594
198.379,400.031,221.0,0.795439398097,0.473813528713,0.879504828594
198.381,396.341,221.0,0.795439398097,0.473813528713,0.879504828594
198.612,392.556,221.0,0.795439398097,0.473813528713,0.879504828594
196.841,389.601,221.0,0.795439398097,0.473813528713,0.879504828594
196.911,385.883,221.0,0.795439398097,0.473813528713,0.879504828594
196.918,382.191,221.0,0.795439398097,0.473813528713,0.879504828594
196.917,378.502,221.0,0.795439398097,0.473813528713,0.879504828594
196.917,374.813,221.0,0.795439398097,0.473813528713,0.879504828594
196.917,371.124,221.0,0.795439398097,0.473813528713,0.879504828594
196.913,367.434,221.0,0.795439398097,0.473813528713,0.879504828594
197.02,363.771,221.0,0.795439398097,0.473813528713,0.879504828594
198.424,360.413,221.0,0.795439398097,0.473813528713,0.879504828594
198.381,356.714,221.0,0.795439398097,0.473813528713,0.879504828594
198.559,353.053,221.0,0.795439398097,0.473813528713,0.879504828594
199.833,349.571,221.0,0.795439398097,0.473813528713,0.879504828594
199.849,345.885,221.0,0.795439398097,0.473813528713,0.879504828594
199.845,342.195,221.0,0.795439398097,0.473813528713,0.879504828594
199.845,338.506,221.0,0.795439398097,0.473813528713,0.879504828594
199.856,334.818,221.0,0.795439398097,0.473813528713,0.879504828594
199.95,331.141,221.0,0.795439398097,0.473813528713,0.879504828594
201.024,327.584,221.0,0.795439398097,0.473813528713,0.879504828594
201.298,323.928,221.0,0.795439398097,0.473813528713,0.879504828594
201.309,320.241,221.0,0.795439398097,0.473813528713,0.879504828594
201.309,316.552,221.0,0.795439398097,0.473813528713,0.879504828594
201.309,312.863,221.0,0.795439398097,0.473813528713,0.879504828594
201.309,309.174,221.0,0.795439398097,0.473813528713,0.879504828594
201.309,305.484,221.0,0.795439398097,0.473813528713,0.879504828594
201.309,301.795,221.0,0.795439398097,0.473813528713,0.879504828594
201.309,298.106,221.0,0.795439398097,0.473813528713,0.879504828594
201.309,294.417,221.0,0.795439398097,0.473813528713,0.879504828594
201.311,290.728,221.0,0.795439398097,0.473813528713,0.879504828594
201.448,286.982,221.0,0.795439398097,0.473813528713,0.879504828594
201.154,283.414,221.0,0.795439398097,0.473813528713,0.879504828594
199.692,280.331,221.0,0.795439398097,0.473813528713,0.879504828594
199.842,276.58,221.0,0.795439398097,0.473813528713,0.879504828594
199.844,272.89,221.0,0.795439398097,0.473813528713,0.879504828594
199.849,269.199,221.0,0.795439398097,0.473813528713,0.879504828594
199.884,265.502,221.0,0.795439398097,0.473813528713,0.879504828594
198.538,262.131,221.0,0.795439398097,0.473813528713,0.879504828594
198.408,258.467,221.0,0.795439398097,0.473813528713,0.879504828594
196.866,255.417,221.0,0.795439398097,0.473813528713,0.879504828594
195.028,252.488,221.0,0.795439398097,0.473813528713,0.879504828594
192.466,249.859,221.0,0.795439398097,0.473813528713,0.879504828594
189.575,247.728,221.0,0.795439398097,0.473813528713,0.879504828594
185.926,246.752,221.0,0.795439398097,0.473813528713,0.879504828594
182.447,245.561,221.0,0.795439398097,0.473813528713,0.879504828594
178.774,245.497,221.0,0.795439398097,0.473813528713,0.879504828594
175.077,245.537,221.0,0.795439398097,0.473813528713,0.879504828594
172.018,247.026,221.0,0.795439398097,0.473813528713,0.879504828594
171.738,250.649,221.0,0.795439398097,0.473813528713,0.879504828594
170.547,254.056,221.0,0.795439398097,0.473813528713,0.879504828594
170.564,257.749,221.0,0.795439398097,0.473813528713,0.879504828594
170.563,261.438,221.0,0.795439398097,0.473813528713,0.879504828594
170.568,265.129,221.0,0.795439398097,0.473813528713,0.879504828594
170.546,268.809,221.0,0.795439398097,0.473813528713,0.879504828594
169.093,271.896,221.0,0.795439398097,0.473813528713,0.879504828594
168.586,275.375,221.0,0.795439398097,0.473813528713,0.879504828594
167.753,278.719,221.0,0.795439398097,0.473813528713,0.879504828594
166.144,281.74,221.0,0.795439398097,0.473813528713,0.879504828594
164.917,285.102,221.0,0.795439398097,0.473813528713,0.879504828594
163.78,287.958,221.0,0.795439398097,0.473813528713,0.879504828594
163.159,291.079,221.0,0.795439398097,0.473813528713,0.879504828594
160.51,293.677,221.0,0.795439398097,0.473813528713,0.879504828594
158.864,296.683,221.0,0.795439398097,0.473813528713,0.879504828594
156.15,299.248,221.0,0.795439398097,0.473813528713,0.879504828594
155.934,302.845,221.0,0.795439398097,0.473813528713,0.879504828594
154.688,306.228,221.0,0.795439398097,0.473813528713,0.879504828594
153.435,309.449,221.0,0.795439398097,0.473813528713,0.879504828594
152.996,312.958,221.0,0.795439398097,0.473813528713,0.879504828594
151.915,316.396,221.0,0.795439398097,0.473813528713,0.879504828594
151.595,320.017,221.0,0.795439398097,0.473813528713,0.879504828594
150.054,323.068,221.0,0.795439398097,0.473813528713,0.879504828594
148.568,326.142,221.0,0.795439398097,0.473813528713,0.879504828594
148.644,329.853,221.0,0.795439398097,0.473813528713,0.879504828594
147.182,333.199,221.0,0.795439398097,0.473813528713,0.879504828594
147.134,336.876,221.0,0.795439398097,0.473813528713,0.879504828594
147.135,340.567,221.0,0.795439398097,0.473813528713,0.879504828594
147.442,344.129,221.0,0.795439398097,0.473813528713,0.879504828594
150.187,346.681,221.0,0.795439398097,0.473813528713,0.879504828594
152.801,349.287,221.0,0.795439398097,0.473813528713,0.879504828594
155.414,351.893,221.0,0.795439398097,0.473813528713,0.879504828594
158.069,354.471,221.0,0.795439398097,0.473813528713,0.879504828594
159.851,357.648,221.0,0.795439398097,0.473813528713,0.879504828594
161.744,360.604,221.0,0.795439398097,0.473813528713,0.879504828594
163.24,363.829,221.0,0.795439398097,0.473813528713,0.879504828594
164.831,365.772,221.0,0.795439398097,0.473813528713,0.879504828594
164.712,369.577,221.0,0.795439398097,0.473813528713,0.879504828594
164.706,373.272,221.0,0.795439398097,0.473813528713,0.879504828594
164.707,376.961,221.0,0.795439398097,0.473813528713,0.879504828594
164.707,380.65,221.0,0.795439398097,0.473813528713,0.879504828594
164.707,384.339,221.0,0.795439398097,0.473813528713,0.879504828594
164.707,388.028,221.0,0.795439398097,0.473813528713,0.879504828594
164.707,391.717,221.0,0.795439398097,0.473813528713,0.879504828594
164.707,395.406,221.0,0.795439398097,0.473813528713,0.879504828594
164.707,399.095,221.0,0.795439398097,0.473813528713,0.879504828594
164.707,402.784,221.0,0.795439398097,0.473813528713,0.879504828594
164.707,406.473,221.0,0.795439398097,0.473813528713,0.879504828594
164.707,410.162,221.0,0.795439398097,0.473813528713,0.879504828594
164.706,413.851,221.0,0.795439398097,0.473813528713,0.879504828594
164.701,417.543,221.0,0.795439398097,0.473813528713,0.879504828594
164.706,421.23,221.0,0.795439398097,0.473813528713,0.879504828594
165.22,424.709,221.0,0.795439398097,0.473813528713,0.879504828594
166.306,427.903,221.0,0.795439398097,0.473813528713,0.879504828594
166.92,431.528,221.0,0.795439398097,0.473813528713,0.879504828594
167.539,435.071,221.0,0.795439398097,0.473813528713,0.879504828594
169.19,438.08,221.0,0.795439398097,0.473813528713,0.879504828594
169.515,441.75,221.0,0.795439398097,0.473813528713,0.879504828594
171.997,444.557,221.0,0.795439398097,0.473813528713,0.879504828594
173.075,447.921,221.0,0.795439398097,0.473813528713,0.879504828594
174.948,451.042,221.0,0.795439398097,0.473813528713,0.879504828594
177.06,453.852,221.0,0.795439398097,0.473813528713,0.879504828594
178.262,457.05,221.0,0.795439398097,0.473813528713,0.879504828594
180.797,459.729,221.0,0.795439398097,0.473813528713,0.879504828594
183.126,461.322,221.0,0.795439398097,0.473813528713,0.879504828594
184.302,465.236,221.0,0.795439398097,0.473813528713,0.879504828594
186.59,468.013,221.0,0.795439398097,0.473813528713,0.879504828594
188.145,471.058,221.0,0.795439398097,0.473813528713,0.879504828594
190.907,473.603,221.0,0.795439398097,0.473813528713,0.879504828594
191.213,477.166,221.0,0.795439398097,0.473813528713,0.879504828594
193.949,479.718,221.0,0.795439398097,0.473813528713,0.879504828594
194.929,483.312,221.0,0.795439398097,0.473813528713,0.879504828594
197.019,486.195,221.0,0.795439398097,0.473813528713,0.879504828594
197.929,489.508,221.0,0.795439398097,0.473813528713,0.879504828594
198.382,493.01,221.0,0.795439398097,0.473813528713,0.879504828594
198.287,496.739,221.0,0.795439398097,0.473813528713,0.879504828594
199.911,499.755,221.0,0.795439398097,0.473813528713,0.879504828594
199.844,503.472,221.0,0.795439398097,0.473813528713,0.879504828594
199.844,507.16,221.0,0.795439398097,0.473813528713,0.879504828594
199.872,510.853,221.0,0.795439398097,0.473813528713,0.879504828594
197.914,513.529,221.0,0.795439398097,0.473813528713,0.879504828594
194.409,513.498,221.0,0.795439398097,0.473813528713,0.879504828594
191.513,514.5,221.0,0.795439398097,0.473813528713,0.879504828594
189.168,516.482,221.0,0.795439398097,0.473813528713,0.879504828594
187.3,519.311,221.0,0.795439398097,0.473813528713,0.879504828594
185.836,522.859,221.0,0.795439398097,0.473813528713,0.879504828594
184.702,526.993,221.0,0.795439398097,0.473813528713,0.879504828594
183.825,531.585,221.0,0.795439398097,0.473813528713,0.879504828594
183.132,536.503,221.0,0.795439398097,0.473813528713,0.879504828594
182.549,541.617,221.0,0.795439398097,0.473813528713,0.879504828594
