309.581,132.233,222.0,0.60497070534,0.347757637499,0.938053539343
311.189,128.909,222.0,0.60497070534,0.347757637499,0.938053539343
311.131,124.894,222.0,0.60497070534,0.347757637499,0.938053539343
311.117,120.898,222.0,0.60497070534,0.347757637499,0.938053539343
311.116,116.908,222.0,0.60497070534,0.347757637499,0.938053539343
311.186,112.889,222.0,0.60497070534,0.347757637499,0.938053539343
308.64,109.97,222.0,0.60497070534,0.347757637499,0.938053539343
306.766,106.478,222.0,0.60497070534,0.347757637499,0.938053539343
304.914,103.461,222.0,0.60497070534,0.347757637499,0.938053539343
302.857,100.96,222.0,0.60497070534,0.347757637499,0.938053539343
300.809,97.5646,222.0,0.60497070534,0.347757637499,0.938053539343
297.963,94.7601,222.0,0.60497070534,0.347757637499,0.938053539343
296.123,91.2435,222.0,0.60497070534,0.347757637499,0.938053539343
293.067,88.5416,222.0,0.60497070534,0.347757637499,0.938053539343
291.66,85.0055,222.0,0.60497070534,0.347757637499,0.938053539343
289.162,83.0421,222.0,0.60497070534,0.347757637499,0.938053539343
287.48,79.7415,222.0,0.60497070534,0.347757637499,0.938053539343
285.943,76.3338,222.0,0.60497070534,0.347757637499,0.938053539343
284.704,72.6547,222.0,0.60497070534,0.347757637499,0.938053539343
282.955,69.3875,222.0,0.60497070534,0.347757637499,0.938053539343
281.139,66.1485,222.0,0.60497070534,0.347757637499,0.938053539343
280.356,62.4839,222.0,0.60497070534,0.347757637499,0.938053539343
278.032,59.0028,222.0,0.60497070534,0.347757637499,0.938053539343
276.534,55.2862,222.0,0.60497070534,0.347757637499,0.938053539343
274.616,53.1997,222.0,0.60497070534,0.347757637499,0.938053539343
273.114,49.766,222.0,0.60497070534,0.347757637499,0.938053539343
270.171,47.9616,222.0,0.60497070534,0.347757637499,0.938053539343
266.829,46.3749,222.0,0.60497070534,0.347757637499,0.938053539343
263.336,44.294,222.0,0.60497070534,0.347757637499,0.938053539343
259.534,43.4908,222.0,0.60497070534,0.347757637499,0.938053539343
255.545,43.4839,222.0,0.60497070534,0.347757637499,0.938053539343
251.554,43.4839,222.0,0.60497070534,0.347757637499,0.938053539343
247.564,43.4856,222.0,0.60497070534,0.347757637499,0.938053539343
243.572,43.4816,222.0,0.60497070534,0.347757637499,0.938053539343
239.558,43.423,222.0,0.60497070534,0.347757637499,0.938053539343
236.18,44.9015,222.0,0.60497070534,0.347757637499,0.938053539343
232.861,46.5248,222.0,0.60497070534,0.347757637499,0.938053539343
229.367,47.7237,222.0,0.60497070534,0.347757637499,0.938053539343
225.431,47.8356,222.0,0.60497070534,0.347757637499,0.938053539343
221.796,49.3421,222.0,0.60497070534,0.347757637499,0.938053539343
218.113,50.0379,222.0,0.60497070534,0.347757637499,0.938053539343
214.703,52.0824,222.0,0.60497070534,0.347757637499,0.938053539343
211.416,53.8052,222.0,0.60497070534,0.347757637499,0.938053539343
208.442,55.5484,222.0,0.60497070534,0.347757637499,0.938053539343
207.315,59.2546,222.0,0.60497070534,0.347757637499,0.938053539343
205.622,61.6125,222.0,0.60497070534,0.347757637499,0.938053539343
204.168,65.0904,222.0,0.60497070534,0.347757637499,0.938053539343
202.726,68.4872,222.0,0.60497070534,0.347757637499,0.938053539343
202.85,72.5167,222.0,0.60497070534,0.347757637499,0.938053539343
201.267,76.1318,222.0,0.60497070534,0.347757637499,0.938053539343
201.31,80.1321,222.0,0.60497070534,0.347757637499,0.938053539343
201.394,84.1579,222.0,0.60497070534,0.347757637499,0.938053539343
199.862,87.5115,222.0,0.60497070534,0.347757637499,0.938053539343
199.895,91.4835,222.0,0.60497070534,0.347757637499,0.938053539343
201.358,94.8606,222.0,0.60497070534,0.347757637499,0.938053539343
201.307,98.8722,222.0,0.60497070534,0.347757637499,0.938053539343
201.204,102.905,222.0,0.60497070534,0.347757637499,0.938053539343
202.771,106.242,222.0,0.60497070534,0.347757637499,0.938053539343
204.26,109.9,222.0,0.60497070534,0.347757637499,0.938053539343
205.45,113.381,222.0,0.60497070534,0.347757637499,0.938053539343
206.626,117.059,222.0,0.60497070534,0.347757637499,0.938053539343
207.414,120.894,222.0,0.60497070534,0.347757637499,0.938053539343
210.08,123.955,222.0,0.60497070534,0.347757637499,0.938053539343
211.876,127.222,222.0,0.60497070534,0.347757637499,0.938053539343
212.971,131.003,222.0,0.60497070534,0.347757637499,0.938053539343
215.762,133.843,222.0,0.60497070534,0.347757637499,0.938053539343
217.359,137.181,222.0,0.60497070534,0.347757637499,0.938053539343
219.4,139.489,222.0,0.60497070534,0.347757637499,0.938053539343
222.287,142.296,222.0,0.60497070534,0.347757637499,0.938053539343
224.452,145.667,222.0,0.60497070534,0.347757637499,0.938053539343
227.148,148.682,222.0,0.60497070534,0.347757637499,0.938053539343
229.122,150.859,222.0,0.60497070534,0.347757637499,0.938053539343
230.629,153.339,222.0,0.60497070534,0.347757637499,0.938053539343
233.607,154.351,222.0,0.60497070534,0.347757637499,0.938053539343
235.599,156.35,222.0,0.60497070534,0.347757637499,0.938053539343
239.724,156.216,222.0,0.60497070534,0.347757637499,0.938053539343
243.709,156.221,222.0,0.60497070534,0.347757637499,0.938053539343
247.701,156.219,222.0,0.60497070534,0.347757637499,0.938053539343
251.683,156.172,222.0,0.60497070534,0.347757637499,0.938053539343
255.625,155.898,222.0,0.60497070534,0.347757637499,0.938053539343
259.526,155.396,222.0,0.60497070534,0.347757637499,0.938053539343
263.39,154.682,222.0,0.60497070534,0.347757637499,0.938053539343
267.219,153.771,222.0,0.60497070534,0.347757637499,0.938053539343
271.016,152.68,222.0,0.60497070534,0.347757637499,0.938053539343
274.784,151.423,222.0,0.60497070534,0.347757637499,0.938053539343
278.525,150.017,222.0,0.60497070534,0.347757637499,0.938053539343
282.243,148.477,222.0,0.60497070534,0.347757637499,0.938053539343
285.94,146.82,222.0,0.60497070534,0.347757637499,0.938053539343
289.619,145.06,222.0,0.60497070534,0.347757637499,0.938053539343
293.282,143.214,222.0,0.60497070534,0.347757637499,0.938053539343
296.933,141.297,222.0,0.60497070534,0.347757637499,0.938053539343
300.574,139.325,222.0,0.60497070534,0.347757637499,0.938053539343
304.208,137.314,222.0,0.60497070534,0.347757637499,0.938053539343
307.838,135.279,222.0,0.60497070534,0.347757637499,0.938053539343
