191.661,540.957,223.0,0.795439398097,0.473813528713,0.879504828594
194.425,538.943,223.0,0.795439398097,0.473813528713,0.879504828594
196.538,536.301,223.0,0.795439398097,0.473813528713,0.879504828594
198.673,533.508,223.0,0.795439398097,0.473813528713,0.879504828594
201.854,531.621,223.0,0.795439398097,0.473813528713,0.879504828594
204.428,529.256,223.0,0.795439398097,0.473813528713,0.879504828594
206.079,526.117,223.0,0.795439398097,0.473813528713,0.879504828594
208.632,523.63,223.0,0.795439398097,0.473813528713,0.879504828594
210.105,521.555,223.0,0.795439398097,0.473813528713,0.879504828594
211.58,519.486,223.0,0.795439398097,0.473813528713,0.879504828594
213.121,516.28,223.0,0.795439398097,0.473813528713,0.879504828594
215.796,513.832,223.0,0.795439398097,0.473813528713,0.879504828594
217.166,510.842,223.0,0.795439398097,0.473813528713,0.879504828594
217.523,507.432,223.0,0.795439398097,0.473813528713,0.879504828594
218.829,504.416,223.0,0.795439398097,0.473813528713,0.879504828594
220.414,501.515,223.0,0.795439398097,0.473813528713,0.879504828594
220.359,497.934,223.0,0.795439398097,0.473813528713,0.879504828594
220.342,494.37,223.0,0.795439398097,0.473813528713,0.879504828594
220.341,490.813,223.0,0.795439398097,0.473813528713,0.879504828594
220.331,487.26,223.0,0.795439398097,0.473813528713,0.879504828594
220.03,483.821,223.0,0.795439398097,0.473813528713,0.879504828594
219.016,480.626,223.0,0.795439398097,0.473813528713,0.879504828594
217.428,478.692,223.0,0.795439398097,0.473813528713,0.879504828594
215.988,475.689,223.0,0.795439398097,0.473813528713,0.879504828594
214.503,472.744,223.0,0.795439398097,0.473813528713,0.879504828594
212.184,470.137,223.0,0.795439398097,0.473813528713,0.879504828594
210.127,467.364,223.0,0.795439398097,0.473813528713,0.879504828594
207.485,465.95,223.0,0.795439398097,0.473813528713,0.879504828594
206.395,462.74,223.0,0.795439398097,0.473813528713,0.879504828594
203.736,460.284,223.0,0.795439398097,0.473813528713,0.879504828594
201.798,457.342,223.0,0.795439398097,0.473813528713,0.879504828594
199.483,454.678,223.0,0.795439398097,0.473813528713,0.879504828594
198.022,451.92,223.0,0.795439398097,0.473813528713,0.879504828594
196.256,449.703,223.0,0.795439398097,0.473813528713,0.879504828594
195.552,446.473,223.0,0.795439398097,0.473813528713,0.879504828594
193.694,443.685,223.0,0.795439398097,0.473813528713,0.879504828594
193.87,440.055,223.0,0.795439398097,0.473813528713,0.879504828594
192.271,437.16,223.0,0.795439398097,0.473813528713,0.879504828594
191.936,433.741,223.0,0.795439398097,0.473813528713,0.879504828594
190.983,430.579,223.0,0.795439398097,0.473813528713,0.879504828594
191.061,426.989,223.0,0.795439398097,0.473813528713,0.879504828594
191.071,423.429,223.0,0.795439398097,0.473813528713,0.879504828594
191.055,419.875,223.0,0.795439398097,0.473813528713,0.879504828594
190.138,416.534,223.0,0.795439398097,0.473813528713,0.879504828594
189.628,413.097,223.0,0.795439398097,0.473813528713,0.879504828594
189.596,409.547,223.0,0.795439398097,0.473813528713,0.879504828594
189.596,405.99,223.0,0.795439398097,0.473813528713,0.879504828594
189.583,402.427,223.0,0.795439398097,0.473813528713,0.879504828594
189.545,398.854,223.0,0.795439398097,0.473813528713,0.879504828594
191.152,395.962,223.0,0.795439398097,0.473813528713,0.879504828594
191.065,392.368,223.0,0.795439398097,0.473813528713,0.879504828594
191.061,388.809,223.0,0.795439398097,0.473813528713,0.879504828594
191.059,385.251,223.0,0.795439398097,0.473813528713,0.879504828594
191.068,381.697,223.0,0.795439398097,0.473813528713,0.879504828594
191.085,378.147,223.0,0.795439398097,0.473813528713,0.879504828594
190.996,374.552,223.0,0.795439398097,0.473813528713,0.879504828594
192.547,371.637,223.0,0.795439398097,0.473813528713,0.879504828594
192.523,368.07,223.0,0.795439398097,0.473813528713,0.879504828594
192.525,364.513,223.0,0.795439398097,0.473813528713,0.879504828594
192.525,360.956,223.0,0.795439398097,0.473813528713,0.879504828594
192.524,357.398,223.0,0.795439398097,0.473813528713,0.879504828594
192.525,353.841,223.0,0.795439398097,0.473813528713,0.879504828594
192.431,350.244,223.0,0.795439398097,0.473813528713,0.879504828594
194.076,347.368,223.0,0.795439398097,0.473813528713,0.879504828594
193.794,343.694,223.0,0.795439398097,0.473813528713,0.879504828594
195.398,340.801,223.0,0.795439398097,0.473813528713,0.879504828594
195.617,337.307,223.0,0.795439398097,0.473813528713,0.879504828594
196.951,334.061,223.0,0.795439398097,0.473813528713,0.879504828594
196.899,330.489,223.0,0.795439398097,0.473813528713,0.879504828594
198.385,327.547,223.0,0.795439398097,0.473813528713,0.879504828594
198.387,323.991,223.0,0.795439398097,0.473813528713,0.879504828594
198.381,320.431,223.0,0.795439398097,0.473813528713,0.879504828594
198.381,316.873,223.0,0.795439398097,0.473813528713,0.879504828594
198.381,313.316,223.0,0.795439398097,0.473813528713,0.879504828594
198.381,309.758,223.0,0.795439398097,0.473813528713,0.879504828594
198.381,306.201,223.0,0.795439398097,0.473813528713,0.879504828594
198.381,302.643,223.0,0.795439398097,0.473813528713,0.879504828594
198.184,299.132,223.0,0.795439398097,0.473813528713,0.879504828594
196.879,295.883,223.0,0.795439398097,0.473813528713,0.879504828594
196.902,292.32,223.0,0.795439398097,0.473813528713,0.879504828594
196.917,288.759,223.0,0.795439398097,0.473813528713,0.879504828594
196.917,285.202,223.0,0.795439398097,0.473813528713,0.879504828594
196.917,281.644,223.0,0.795439398097,0.473813528713,0.879504828594
196.917,278.087,223.0,0.795439398097,0.473813528713,0.879504828594
196.921,274.525,223.0,0.795439398097,0.473813528713,0.879504828594
196.87,271.017,223.0,0.795439398097,0.473813528713,0.879504828594
195.417,268.919,223.0,0.795439398097,0.473813528713,0.879504828594
193.968,265.925,223.0,0.795439398097,0.473813528713,0.879504828594
191.924,264.153,223.0,0.795439398097,0.473813528713,0.879504828594
188.813,263.161,223.0,0.795439398097,0.473813528713,0.879504828594
185.287,263.103,223.0,0.795439398097,0.473813528713,0.879504828594
182.283,264.494,223.0,0.795439398097,0.473813528713,0.879504828594
180.337,266.342,223.0,0.795439398097,0.473813528713,0.879504828594
177.432,267.826,223.0,0.795439398097,0.473813528713,0.879504828594
174.525,269.204,223.0,0.795439398097,0.473813528713,0.879504828594
172.885,272.574,223.0,0.795439398097,0.473813528713,0.879504828594
170.973,275.482,223.0,0.795439398097,0.473813528713,0.879504828594
168.632,278.131,223.0,0.795439398097,0.473813528713,0.879504828594
166.755,281.108,223.0,0.795439398097,0.473813528713,0.879504828594
164.534,283.835,223.0,0.795439398097,0.473813528713,0.879504828594
162.889,286.977,223.0,0.795439398097,0.473813528713,0.879504828594
160.315,289.452,223.0,0.795439398097,0.473813528713,0.879504828594
159.292,292.9,223.0,0.795439398097,0.473813528713,0.879504828594
157.084,295.617,223.0,0.795439398097,0.473813528713,0.879504828594
155.991,298.971,223.0,0.795439398097,0.473813528713,0.879504828594
154.334,301.834,223.0,0.795439398097,0.473813528713,0.879504828594
154.518,305.468,223.0,0.795439398097,0.473813528713,0.879504828594
152.977,308.387,223.0,0.795439398097,0.473813528713,0.879504828594
151.57,311.361,223.0,0.795439398097,0.473813528713,0.879504828594
151.63,314.944,223.0,0.795439398097,0.473813528713,0.879504828594
149.853,317.765,223.0,0.795439398097,0.473813528713,0.879504828594
150.132,321.438,223.0,0.795439398097,0.473813528713,0.879504828594
150.068,324.969,223.0,0.795439398097,0.473813528713,0.879504828594
150.065,328.525,223.0,0.795439398097,0.473813528713,0.879504828594
150.065,332.084,223.0,0.795439398097,0.473813528713,0.879504828594
150.058,335.644,223.0,0.795439398097,0.473813528713,0.879504828594
150.123,339.174,223.0,0.795439398097,0.473813528713,0.879504828594
150.402,342.616,223.0,0.795439398097,0.473813528713,0.879504828594
151.69,345.64,223.0,0.795439398097,0.473813528713,0.879504828594
151.516,349.27,223.0,0.795439398097,0.473813528713,0.879504828594
151.266,352.929,223.0,0.795439398097,0.473813528713,0.879504828594
153.068,355.737,223.0,0.795439398097,0.473813528713,0.879504828594
153.732,359.232,223.0,0.795439398097,0.473813528713,0.879504828594
154.458,362.65,223.0,0.795439398097,0.473813528713,0.879504828594
154.582,366.179,223.0,0.795439398097,0.473813528713,0.879504828594
156.501,369.275,223.0,0.795439398097,0.473813528713,0.879504828594
157.327,372.658,223.0,0.795439398097,0.473813528713,0.879504828594
159.135,375.47,223.0,0.795439398097,0.473813528713,0.879504828594
158.965,379.11,223.0,0.795439398097,0.473813528713,0.879504828594
160.371,382.339,223.0,0.795439398097,0.473813528713,0.879504828594
160.853,385.781,223.0,0.795439398097,0.473813528713,0.879504828594
161.764,389.124,223.0,0.795439398097,0.473813528713,0.879504828594
162.832,392.43,223.0,0.795439398097,0.473813528713,0.879504828594
163.23,395.893,223.0,0.795439398097,0.473813528713,0.879504828594
163.284,399.438,223.0,0.795439398097,0.473813528713,0.879504828594
164.798,402.636,223.0,0.795439398097,0.473813528713,0.879504828594
164.803,406.214,223.0,0.795439398097,0.473813528713,0.879504828594
166.186,409.534,223.0,0.795439398097,0.473813528713,0.879504828594
167.671,412.737,223.0,0.795439398097,0.473813528713,0.879504828594
167.853,416.284,223.0,0.795439398097,0.473813528713,0.879504828594
169.964,419.158,223.0,0.795439398097,0.473813528713,0.879504828594
171.937,422.12,223.0,0.795439398097,0.473813528713,0.879504828594
172.047,425.67,223.0,0.795439398097,0.473813528713,0.879504828594
174.602,428.145,223.0,0.795439398097,0.473813528713,0.879504828594
176.291,431.281,223.0,0.795439398097,0.473813528713,0.879504828594
178.611,433.918,223.0,0.795439398097,0.473813528713,0.879504828594
180.006,437.194,223.0,0.795439398097,0.473813528713,0.879504828594
181.874,440.355,223.0,0.795439398097,0.473813528713,0.879504828594
182.689,443.65,223.0,0.795439398097,0.473813528713,0.879504828594
184.119,446.618,223.0,0.795439398097,0.473813528713,0.879504828594
185.195,449.729,223.0,0.795439398097,0.473813528713,0.879504828594
186.034,452.925,223.0,0.795439398097,0.473813528713,0.879504828594
188.05,455.899,223.0,0.795439398097,0.473813528713,0.879504828594
188.211,459.414,223.0,0.795439398097,0.473813528713,0.879504828594
189.669,462.367,223.0,0.795439398097,0.473813528713,0.879504828594
191.136,465.317,223.0,0.795439398097,0.473813528713,0.879504828594
192.49,468.311,223.0,0.795439398097,0.473813528713,0.879504828594
193.646,471.589,223.0,0.795439398097,0.473813528713,0.879504828594
194.005,475.056,223.0,0.795439398097,0.473813528713,0.879504828594
194.146,478.561,223.0,0.795439398097,0.473813528713,0.879504828594
195.414,481.593,223.0,0.795439398097,0.473813528713,0.879504828594
195.481,485.123,223.0,0.795439398097,0.473813528713,0.879504828594
196.567,488.231,223.0,0.795439398097,0.473813528713,0.879504828594
197.144,491.549,223.0,0.795439398097,0.473813528713,0.879504828594
196.922,495.199,223.0,0.795439398097,0.473813528713,0.879504828594
196.917,498.758,223.0,0.795439398097,0.473813528713,0.879504828594
196.917,502.316,223.0,0.795439398097,0.473813528713,0.879504828594
196.917,505.873,223.0,0.795439398097,0.473813528713,0.879504828594
196.917,509.431,223.0,0.795439398097,0.473813528713,0.879504828594
196.918,512.99,223.0,0.795439398097,0.473813528713,0.879504828594
196.919,516.548,223.0,0.795439398097,0.473813528713,0.879504828594
197.068,520.255,223.0,0.795439398097,0.473813528713,0.879504828594
195.441,522.187,223.0,0.795439398097,0.473813528713,0.879504828594
194.013,525.158,223.0,0.795439398097,0.473813528713,0.879504828594
192.526,528.1,223.0,0.795439398097,0.473813528713,0.879504828594
189.585,529.586,223.0,0.795439398097,0.473813528713,0.879504828594
186.633,531.046,223.0,0.795439398097,0.473813528713,0.879504828594
183.716,532.533,223.0,0.795439398097,0.473813528713,0.879504828594
181.531,534.167,223.0,0.795439398097,0.473813528713,0.879504828594
180.228,537.018,223.0,0.795439398097,0.473813528713,0.879504828594
176.832,537.735,223.0,0.795439398097,0.473813528713,0.879504828594
176.129,540.324,223.0,0.795439398097,0.473813528713,0.879504828594
178.322,541.815,223.0,0.795439398097,0.473813528713,0.879504828594
182.588,542.506,223.0,0.795439398097,0.473813528713,0.879504828594
188.098,542.717,223.0,0.795439398097,0.473813528713,0.879504828594
