305.321,128.33,223.0,0.60497070534,0.347757637499,0.938053539343
306.748,124.335,223.0,0.60497070534,0.347757637499,0.938053539343
307.939,120.292,223.0,0.60497070534,0.347757637499,0.938053539343
308.172,116.022,223.0,0.60497070534,0.347757637499,0.938053539343
308.189,111.701,223.0,0.60497070534,0.347757637499,0.938053539343
308.191,107.375,223.0,0.60497070534,0.347757637499,0.938053539343
308.22,103.043,223.0,0.60497070534,0.347757637499,0.938053539343
306.716,99.0729,223.0,0.60497070534,0.347757637499,0.938053539343
305.553,94.9909,223.0,0.60497070534,0.347757637499,0.938053539343
303.625,91.4477,223.0,0.60497070534,0.347757637499,0.938053539343
301.138,87.9251,223.0,0.60497070534,0.347757637499,0.938053539343
298.182,84.801,223.0,0.60497070534,0.347757637499,0.938053539343
296.047,81.0777,223.0,0.60497070534,0.347757637499,0.938053539343
293.679,77.5216,223.0,0.60497070534,0.347757637499,0.938053539343
291.628,73.7347,223.0,0.60497070534,0.347757637499,0.938053539343
288.395,70.7574,223.0,0.60497070534,0.347757637499,0.938053539343
286.447,67.2418,223.0,0.60497070534,0.347757637499,0.938053539343
284.492,63.6758,223.0,0.60497070534,0.347757637499,0.938053539343
281.138,61.8284,223.0,0.60497070534,0.347757637499,0.938053539343
278.801,58.0318,223.0,0.60497070534,0.347757637499,0.938053539343
275.77,54.916,223.0,0.60497070534,0.347757637499,0.938053539343
272.196,53.1016,223.0,0.60497070534,0.347757637499,0.938053539343
269.187,49.9034,223.0,0.60497070534,0.347757637499,0.938053539343
265.815,47.0338,223.0,0.60497070534,0.347757637499,0.938053539343
264.137,43.4306,223.0,0.60497070534,0.347757637499,0.938053539343
260.338,42.043,223.0,0.60497070534,0.347757637499,0.938053539343
256.598,40.6225,223.0,0.60497070534,0.347757637499,0.938053539343
252.92,39.0777,223.0,0.60497070534,0.347757637499,0.938053539343
248.965,37.484,223.0,0.60497070534,0.347757637499,0.938053539343
244.595,37.641,223.0,0.60497070534,0.347757637499,0.938053539343
240.315,37.7852,223.0,0.60497070534,0.347757637499,0.938053539343
236.332,39.2398,223.0,0.60497070534,0.347757637499,0.938053539343
232.124,39.7546,223.0,0.60497070534,0.347757637499,0.938053539343
228.003,40.5531,223.0,0.60497070534,0.347757637499,0.938053539343
224.305,42.6827,223.0,0.60497070534,0.347757637499,0.938053539343
221.786,44.9725,223.0,0.60497070534,0.347757637499,0.938053539343
218.126,46.5509,223.0,0.60497070534,0.347757637499,0.938053539343
214.536,47.2407,223.0,0.60497070534,0.347757637499,0.938053539343
210.788,48.2355,223.0,0.60497070534,0.347757637499,0.938053539343
206.855,49.9987,223.0,0.60497070534,0.347757637499,0.938053539343
203.301,52.2074,223.0,0.60497070534,0.347757637499,0.938053539343
202.242,55.7453,223.0,0.60497070534,0.347757637499,0.938053539343
200.913,59.6521,223.0,0.60497070534,0.347757637499,0.938053539343
198.032,62.9482,223.0,0.60497070534,0.347757637499,0.938053539343
196.937,67.0512,223.0,0.60497070534,0.347757637499,0.938053539343
195.381,70.7332,223.0,0.60497070534,0.347757637499,0.938053539343
195.434,75.0906,223.0,0.60497070534,0.347757637499,0.938053539343
195.918,79.2202,223.0,0.60497070534,0.347757637499,0.938053539343
197.123,83.0463,223.0,0.60497070534,0.347757637499,0.938053539343
196.673,87.5575,223.0,0.60497070534,0.347757637499,0.938053539343
198.354,91.1863,223.0,0.60497070534,0.347757637499,0.938053539343
199.88,94.8795,223.0,0.60497070534,0.347757637499,0.938053539343
202.822,97.9853,223.0,0.60497070534,0.347757637499,0.938053539343
204.099,101.824,223.0,0.60497070534,0.347757637499,0.938053539343
207.988,104.527,223.0,0.60497070534,0.347757637499,0.938053539343
211.052,107.696,223.0,0.60497070534,0.347757637499,0.938053539343
212.897,110.277,223.0,0.60497070534,0.347757637499,0.938053539343
214.457,113.935,223.0,0.60497070534,0.347757637499,0.938053539343
216.64,117.418,223.0,0.60497070534,0.347757637499,0.938053539343
217.192,121.727,223.0,0.60497070534,0.347757637499,0.938053539343
218.904,125.329,223.0,0.60497070534,0.347757637499,0.938053539343
220.562,128.967,223.0,0.60497070534,0.347757637499,0.938053539343
220.348,133.381,223.0,0.60497070534,0.347757637499,0.938053539343
220.315,137.736,223.0,0.60497070534,0.347757637499,0.938053539343
220.755,141.621,223.0,0.60497070534,0.347757637499,0.938053539343
221.761,144.91,223.0,0.60497070534,0.347757637499,0.938053539343
223.208,148.706,223.0,0.60497070534,0.347757637499,0.938053539343
227.061,150.092,223.0,0.60497070534,0.347757637499,0.938053539343
231.286,150.372,223.0,0.60497070534,0.347757637499,0.938053539343
235.614,150.363,223.0,0.60497070534,0.347757637499,0.938053539343
239.938,150.358,223.0,0.60497070534,0.347757637499,0.938053539343
244.236,150.181,223.0,0.60497070534,0.347757637499,0.938053539343
248.498,149.776,223.0,0.60497070534,0.347757637499,0.938053539343
252.727,149.157,223.0,0.60497070534,0.347757637499,0.938053539343
256.925,148.34,223.0,0.60497070534,0.347757637499,0.938053539343
261.095,147.342,223.0,0.60497070534,0.347757637499,0.938053539343
265.239,146.178,223.0,0.60497070534,0.347757637499,0.938053539343
269.36,144.864,223.0,0.60497070534,0.347757637499,0.938053539343
273.461,143.415,223.0,0.60497070534,0.347757637499,0.938053539343
277.542,141.848,223.0,0.60497070534,0.347757637499,0.938053539343
281.608,140.179,223.0,0.60497070534,0.347757637499,0.938053539343
285.661,138.422,223.0,0.60497070534,0.347757637499,0.938053539343
289.702,136.595,223.0,0.60497070534,0.347757637499,0.938053539343
293.735,134.712,223.0,0.60497070534,0.347757637499,0.938053539343
297.762,132.789,223.0,0.60497070534,0.347757637499,0.938053539343
301.785,130.843,223.0,0.60497070534,0.347757637499,0.938053539343
