185.394,537.539,224.0,0.60497070534,0.347757637499,0.938053539343
188.671,535.836,224.0,0.60497070534,0.347757637499,0.938053539343
192.126,534.594,224.0,0.60497070534,0.347757637499,0.938053539343
195.566,533.206,224.0,0.60497070534,0.347757637499,0.938053539343
198.761,531.668,224.0,0.60497070534,0.347757637499,0.938053539343
202.766,530.798,224.0,0.60497070534,0.347757637499,0.938053539343
204.343,528.06,224.0,0.60497070534,0.347757637499,0.938053539343
206.138,525.871,224.0,0.60497070534,0.347757637499,0.938053539343
209.012,523.413,224.0,0.60497070534,0.347757637499,0.938053539343
210.348,520.289,224.0,0.60497070534,0.347757637499,0.938053539343
212.894,517.458,224.0,0.60497070534,0.347757637499,0.938053539343
213.905,514.122,224.0,0.60497070534,0.347757637499,0.938053539343
215.424,511.062,224.0,0.60497070534,0.347757637499,0.938053539343
215.955,507.594,224.0,0.60497070534,0.347757637499,0.938053539343
217.397,504.504,224.0,0.60497070534,0.347757637499,0.938053539343
219.015,501.487,224.0,0.60497070534,0.347757637499,0.938053539343
218.865,497.738,224.0,0.60497070534,0.347757637499,0.938053539343
218.879,494.057,224.0,0.60497070534,0.347757637499,0.938053539343
218.879,490.369,224.0,0.60497070534,0.347757637499,0.938053539343
218.864,486.688,224.0,0.60497070534,0.347757637499,0.938053539343
219.002,482.944,224.0,0.60497070534,0.347757637499,0.938053539343
217.389,479.925,224.0,0.60497070534,0.347757637499,0.938053539343
215.94,476.838,224.0,0.60497070534,0.347757637499,0.938053539343
215.416,473.366,224.0,0.60497070534,0.347757637499,0.938053539343
214.322,470.095,224.0,0.60497070534,0.347757637499,0.938053539343
212.247,466.889,224.0,0.60497070534,0.347757637499,0.938053539343
211.627,463.319,224.0,0.60497070534,0.347757637499,0.938053539343
209.967,461.287,224.0,0.60497070534,0.347757637499,0.938053539343
208.482,459.078,224.0,0.60497070534,0.347757637499,0.938053539343
207.909,455.571,224.0,0.60497070534,0.347757637499,0.938053539343
206.026,452.412,224.0,0.60497070534,0.347757637499,0.938053539343
204.239,449.442,224.0,0.60497070534,0.347757637499,0.938053539343
202.772,446.092,224.0,0.60497070534,0.347757637499,0.938053539343
201.277,443.024,224.0,0.60497070534,0.347757637499,0.938053539343
199.792,439.952,224.0,0.60497070534,0.347757637499,0.938053539343
198.063,436.955,224.0,0.60497070534,0.347757637499,0.938053539343
196.384,433.715,224.0,0.60497070534,0.347757637499,0.938053539343
193.932,431.057,224.0,0.60497070534,0.347757637499,0.938053539343
193.059,427.732,224.0,0.60497070534,0.347757637499,0.938053539343
191.563,424.665,224.0,0.60497070534,0.347757637499,0.938053539343
191.046,421.192,224.0,0.60497070534,0.347757637499,0.938053539343
189.38,418.195,224.0,0.60497070534,0.347757637499,0.938053539343
189.076,414.634,224.0,0.60497070534,0.347757637499,0.938053539343
186.567,411.985,224.0,0.60497070534,0.347757637499,0.938053539343
186.77,408.214,224.0,0.60497070534,0.347757637499,0.938053539343
185.198,405.178,224.0,0.60497070534,0.347757637499,0.938053539343
185.206,401.488,224.0,0.60497070534,0.347757637499,0.938053539343
185.204,397.801,224.0,0.60497070534,0.347757637499,0.938053539343
185.204,394.114,224.0,0.60497070534,0.347757637499,0.938053539343
185.204,390.427,224.0,0.60497070534,0.347757637499,0.938053539343
185.204,386.74,224.0,0.60497070534,0.347757637499,0.938053539343
185.204,383.053,224.0,0.60497070534,0.347757637499,0.938053539343
185.232,379.372,224.0,0.60497070534,0.347757637499,0.938053539343
185.931,375.851,224.0,0.60497070534,0.347757637499,0.938053539343
186.663,372.34,224.0,0.60497070534,0.347757637499,0.938053539343
186.623,368.631,224.0,0.60497070534,0.347757637499,0.938053539343
188.125,365.568,224.0,0.60497070534,0.347757637499,0.938053539343
189.645,362.511,224.0,0.60497070534,0.347757637499,0.938053539343
190.234,358.873,224.0,0.60497070534,0.347757637499,0.938053539343
191.063,355.353,224.0,0.60497070534,0.347757637499,0.938053539343
191.592,351.885,224.0,0.60497070534,0.347757637499,0.938053539343
192.381,348.537,224.0,0.60497070534,0.347757637499,0.938053539343
193.359,345.11,224.0,0.60497070534,0.347757637499,0.938053539343
193.81,341.47,224.0,0.60497070534,0.347757637499,0.938053539343
195.62,338.555,224.0,0.60497070534,0.347757637499,0.938053539343
196.092,334.926,224.0,0.60497070534,0.347757637499,0.938053539343
196.903,331.443,224.0,0.60497070534,0.347757637499,0.938053539343
196.916,327.759,224.0,0.60497070534,0.347757637499,0.938053539343
196.917,324.072,224.0,0.60497070534,0.347757637499,0.938053539343
196.917,320.385,224.0,0.60497070534,0.347757637499,0.938053539343
196.917,316.697,224.0,0.60497070534,0.347757637499,0.938053539343
196.917,313.01,224.0,0.60497070534,0.347757637499,0.938053539343
196.917,309.323,224.0,0.60497070534,0.347757637499,0.938053539343
196.916,305.636,224.0,0.60497070534,0.347757637499,0.938053539343
196.965,301.937,224.0,0.60497070534,0.347757637499,0.938053539343
195.514,298.599,224.0,0.60497070534,0.347757637499,0.938053539343
194.106,295.473,224.0,0.60497070534,0.347757637499,0.938053539343
193.463,292.35,224.0,0.60497070534,0.347757637499,0.938053539343
191.878,289.706,224.0,0.60497070534,0.347757637499,0.938053539343
189.599,287.999,224.0,0.60497070534,0.347757637499,0.938053539343
186.65,286.107,224.0,0.60497070534,0.347757637499,0.938053539343
184.027,285.075,224.0,0.60497070534,0.347757637499,0.938053539343
180.357,285.061,224.0,0.60497070534,0.347757637499,0.938053539343
176.709,285.122,224.0,0.60497070534,0.347757637499,0.938053539343
172.777,284.748,224.0,0.60497070534,0.347757637499,0.938053539343
171.0,287.762,224.0,0.60497070534,0.347757637499,0.938053539343
169.05,289.67,224.0,0.60497070534,0.347757637499,0.938053539343
166.328,292.21,224.0,0.60497070534,0.347757637499,0.938053539343
163.853,294.985,224.0,0.60497070534,0.347757637499,0.938053539343
163.205,298.564,224.0,0.60497070534,0.347757637499,0.938053539343
161.217,301.682,224.0,0.60497070534,0.347757637499,0.938053539343
159.383,304.799,224.0,0.60497070534,0.347757637499,0.938053539343
157.401,307.728,224.0,0.60497070534,0.347757637499,0.938053539343
155.853,310.768,224.0,0.60497070534,0.347757637499,0.938053539343
154.613,314.2,224.0,0.60497070534,0.347757637499,0.938053539343
152.871,317.149,224.0,0.60497070534,0.347757637499,0.938053539343
152.341,320.834,224.0,0.60497070534,0.347757637499,0.938053539343
151.536,324.364,224.0,0.60497070534,0.347757637499,0.938053539343
150.42,327.873,224.0,0.60497070534,0.347757637499,0.938053539343
150.023,331.492,224.0,0.60497070534,0.347757637499,0.938053539343
149.228,334.99,224.0,0.60497070534,0.347757637499,0.938053539343
148.632,338.536,224.0,0.60497070534,0.347757637499,0.938053539343
148.602,342.216,224.0,0.60497070534,0.347757637499,0.938053539343
148.601,345.903,224.0,0.60497070534,0.347757637499,0.938053539343
148.601,349.591,224.0,0.60497070534,0.347757637499,0.938053539343
148.601,353.278,224.0,0.60497070534,0.347757637499,0.938053539343
148.601,356.965,224.0,0.60497070534,0.347757637499,0.938053539343
148.602,360.652,224.0,0.60497070534,0.347757637499,0.938053539343
148.602,364.339,224.0,0.60497070534,0.347757637499,0.938053539343
148.596,368.028,224.0,0.60497070534,0.347757637499,0.938053539343
148.584,371.718,224.0,0.60497070534,0.347757637499,0.938053539343
149.02,375.302,224.0,0.60497070534,0.347757637499,0.938053539343
150.149,378.723,224.0,0.60497070534,0.347757637499,0.938053539343
150.334,382.366,224.0,0.60497070534,0.347757637499,0.938053539343
151.652,385.745,224.0,0.60497070534,0.347757637499,0.938053539343
151.577,389.434,224.0,0.60497070534,0.347757637499,0.938053539343
151.41,393.195,224.0,0.60497070534,0.347757637499,0.938053539343
153.006,396.221,224.0,0.60497070534,0.347757637499,0.938053539343
152.92,399.944,224.0,0.60497070534,0.347757637499,0.938053539343
154.803,402.853,224.0,0.60497070534,0.347757637499,0.938053539343
154.449,406.683,224.0,0.60497070534,0.347757637499,0.938053539343
154.757,410.426,224.0,0.60497070534,0.347757637499,0.938053539343
157.073,413.349,224.0,0.60497070534,0.347757637499,0.938053539343
158.5,416.437,224.0,0.60497070534,0.347757637499,0.938053539343
158.951,419.937,224.0,0.60497070534,0.347757637499,0.938053539343
160.453,423.009,224.0,0.60497070534,0.347757637499,0.938053539343
161.07,426.421,224.0,0.60497070534,0.347757637499,0.938053539343
162.559,429.732,224.0,0.60497070534,0.347757637499,0.938053539343
164.593,432.721,224.0,0.60497070534,0.347757637499,0.938053539343
165.001,436.242,224.0,0.60497070534,0.347757637499,0.938053539343
166.011,439.584,224.0,0.60497070534,0.347757637499,0.938053539343
167.65,441.649,224.0,0.60497070534,0.347757637499,0.938053539343
169.163,444.721,224.0,0.60497070534,0.347757637499,0.938053539343
170.868,447.967,224.0,0.60497070534,0.347757637499,0.938053539343
173.342,450.724,224.0,0.60497070534,0.347757637499,0.938053539343
174.627,453.376,224.0,0.60497070534,0.347757637499,0.938053539343
176.177,456.236,224.0,0.60497070534,0.347757637499,0.938053539343
177.851,459.242,224.0,0.60497070534,0.347757637499,0.938053539343
181.249,460.263,224.0,0.60497070534,0.347757637499,0.938053539343
182.945,463.828,224.0,0.60497070534,0.347757637499,0.938053539343
185.223,466.628,224.0,0.60497070534,0.347757637499,0.938053539343
188.133,469.112,224.0,0.60497070534,0.347757637499,0.938053539343
189.562,472.203,224.0,0.60497070534,0.347757637499,0.938053539343
192.239,474.745,224.0,0.60497070534,0.347757637499,0.938053539343
194.022,476.86,224.0,0.60497070534,0.347757637499,0.938053539343
195.397,480.282,224.0,0.60497070534,0.347757637499,0.938053539343
197.037,483.262,224.0,0.60497070534,0.347757637499,0.938053539343
197.968,486.562,224.0,0.60497070534,0.347757637499,0.938053539343
199.481,489.621,224.0,0.60497070534,0.347757637499,0.938053539343
199.899,493.145,224.0,0.60497070534,0.347757637499,0.938053539343
201.359,496.489,224.0,0.60497070534,0.347757637499,0.938053539343
201.308,500.188,224.0,0.60497070534,0.347757637499,0.938053539343
201.309,503.874,224.0,0.60497070534,0.347757637499,0.938053539343
201.309,507.561,224.0,0.60497070534,0.347757637499,0.938053539343
201.251,511.226,224.0,0.60497070534,0.347757637499,0.938053539343
200.225,514.498,224.0,0.60497070534,0.347757637499,0.938053539343
199.71,517.884,224.0,0.60497070534,0.347757637499,0.938053539343
197.464,519.325,224.0,0.60497070534,0.347757637499,0.938053539343
197.269,522.923,224.0,0.60497070534,0.347757637499,0.938053539343
196.94,526.975,224.0,0.60497070534,0.347757637499,0.938053539343
195.332,530.278,224.0,0.60497070534,0.347757637499,0.938053539343
192.73,533.0,224.0,0.60497070534,0.347757637499,0.938053539343
189.418,535.306,224.0,0.60497070534,0.347757637499,0.938053539343
185.68,537.363,224.0,0.60497070534,0.347757637499,0.938053539343
