189.176,538.517,225.0,0.60497070534,0.347757637499,0.938053539343
191.926,537.599,225.0,0.60497070534,0.347757637499,0.938053539343
194.0,535.158,225.0,0.60497070534,0.347757637499,0.938053539343
195.971,533.822,225.0,0.60497070534,0.347757637499,0.938053539343
196.945,530.931,225.0,0.60497070534,0.347757637499,0.938053539343
199.351,528.809,225.0,0.60497070534,0.347757637499,0.938053539343
200.62,525.654,225.0,0.60497070534,0.347757637499,0.938053539343
202.924,524.582,225.0,0.60497070534,0.347757637499,0.938053539343
203.493,521.583,225.0,0.60497070534,0.347757637499,0.938053539343
204.503,518.845,225.0,0.60497070534,0.347757637499,0.938053539343
206.833,516.509,225.0,0.60497070534,0.347757637499,0.938053539343
208.651,515.096,225.0,0.60497070534,0.347757637499,0.938053539343
209.849,512.034,225.0,0.60497070534,0.347757637499,0.938053539343
211.558,510.532,225.0,0.60497070534,0.347757637499,0.938053539343
213.14,508.942,225.0,0.60497070534,0.347757637499,0.938053539343
213.307,505.79,225.0,0.60497070534,0.347757637499,0.938053539343
214.464,503.093,225.0,0.60497070534,0.347757637499,0.938053539343
215.813,500.478,225.0,0.60497070534,0.347757637499,0.938053539343
215.937,497.362,225.0,0.60497070534,0.347757637499,0.938053539343
217.386,495.644,225.0,0.60497070534,0.347757637499,0.938053539343
217.414,492.502,225.0,0.60497070534,0.347757637499,0.938053539343
217.462,489.326,225.0,0.60497070534,0.347757637499,0.938053539343
216.215,486.464,225.0,0.60497070534,0.347757637499,0.938053539343
215.532,483.527,225.0,0.60497070534,0.347757637499,0.938053539343
213.114,481.359,225.0,0.60497070534,0.347757637499,0.938053539343
210.691,479.231,225.0,0.60497070534,0.347757637499,0.938053539343
209.54,476.832,225.0,0.60497070534,0.347757637499,0.938053539343
208.217,474.74,225.0,0.60497070534,0.347757637499,0.938053539343
206.473,471.888,225.0,0.60497070534,0.347757637499,0.938053539343
204.14,470.785,225.0,0.60497070534,0.347757637499,0.938053539343
202.8,468.074,225.0,0.60497070534,0.347757637499,0.938053539343
201.22,466.417,225.0,0.60497070534,0.347757637499,0.938053539343
199.907,463.761,225.0,0.60497070534,0.347757637499,0.938053539343
198.383,462.114,225.0,0.60497070534,0.347757637499,0.938053539343
196.922,459.306,225.0,0.60497070534,0.347757637499,0.938053539343
196.808,456.186,225.0,0.60497070534,0.347757637499,0.938053539343
195.434,453.589,225.0,0.60497070534,0.347757637499,0.938053539343
195.463,450.41,225.0,0.60497070534,0.347757637499,0.938053539343
194.13,447.795,225.0,0.60497070534,0.347757637499,0.938053539343
193.991,444.686,225.0,0.60497070534,0.347757637499,0.938053539343
193.894,441.56,225.0,0.60497070534,0.347757637499,0.938053539343
192.504,438.968,225.0,0.60497070534,0.347757637499,0.938053539343
192.525,435.793,225.0,0.60497070534,0.347757637499,0.938053539343
192.525,432.626,225.0,0.60497070534,0.347757637499,0.938053539343
192.524,429.46,225.0,0.60497070534,0.347757637499,0.938053539343
192.524,426.293,225.0,0.60497070534,0.347757637499,0.938053539343
192.524,423.126,225.0,0.60497070534,0.347757637499,0.938053539343
192.524,419.959,225.0,0.60497070534,0.347757637499,0.938053539343
192.524,416.792,225.0,0.60497070534,0.347757637499,0.938053539343
192.525,413.626,225.0,0.60497070534,0.347757637499,0.938053539343
192.526,410.459,225.0,0.60497070534,0.347757637499,0.938053539343
192.516,407.288,225.0,0.60497070534,0.347757637499,0.938053539343
192.549,404.135,225.0,0.60497070534,0.347757637499,0.938053539343
193.373,401.31,225.0,0.60497070534,0.347757637499,0.938053539343
194.08,398.436,225.0,0.60497070534,0.347757637499,0.938053539343
194.002,395.235,225.0,0.60497070534,0.347757637499,0.938053539343
194.485,392.182,225.0,0.60497070534,0.347757637499,0.938053539343
195.717,389.305,225.0,0.60497070534,0.347757637499,0.938053539343
195.452,386.076,225.0,0.60497070534,0.347757637499,0.938053539343
196.244,383.097,225.0,0.60497070534,0.347757637499,0.938053539343
196.915,380.089,225.0,0.60497070534,0.347757637499,0.938053539343
197.12,377.006,225.0,0.60497070534,0.347757637499,0.938053539343
198.38,374.361,225.0,0.60497070534,0.347757637499,0.938053539343
198.261,371.169,225.0,0.60497070534,0.347757637499,0.938053539343
199.325,368.25,225.0,0.60497070534,0.347757637499,0.938053539343
199.835,365.204,225.0,0.60497070534,0.347757637499,0.938053539343
199.864,362.048,225.0,0.60497070534,0.347757637499,0.938053539343
199.631,358.784,225.0,0.60497070534,0.347757637499,0.938053539343
201.402,356.351,225.0,0.60497070534,0.347757637499,0.938053539343
201.282,353.134,225.0,0.60497070534,0.347757637499,0.938053539343
201.305,349.977,225.0,0.60497070534,0.347757637499,0.938053539343
201.309,346.812,225.0,0.60497070534,0.347757637499,0.938053539343
201.309,343.645,225.0,0.60497070534,0.347757637499,0.938053539343
201.309,340.478,225.0,0.60497070534,0.347757637499,0.938053539343
201.309,337.312,225.0,0.60497070534,0.347757637499,0.938053539343
201.307,334.145,225.0,0.60497070534,0.347757637499,0.938053539343
201.286,330.984,225.0,0.60497070534,0.347757637499,0.938053539343
201.43,327.78,225.0,0.60497070534,0.347757637499,0.938053539343
200.63,324.816,225.0,0.60497070534,0.347757637499,0.938053539343
199.939,321.762,225.0,0.60497070534,0.347757637499,0.938053539343
198.72,319.124,225.0,0.60497070534,0.347757637499,0.938053539343
198.355,316.107,225.0,0.60497070534,0.347757637499,0.938053539343
198.399,312.922,225.0,0.60497070534,0.347757637499,0.938053539343
196.867,310.39,225.0,0.60497070534,0.347757637499,0.938053539343
197.109,307.122,225.0,0.60497070534,0.347757637499,0.938053539343
195.755,304.517,225.0,0.60497070534,0.347757637499,0.938053539343
195.46,301.473,225.0,0.60497070534,0.347757637499,0.938053539343
195.442,298.319,225.0,0.60497070534,0.347757637499,0.938053539343
193.899,296.693,225.0,0.60497070534,0.347757637499,0.938053539343
193.832,293.507,225.0,0.60497070534,0.347757637499,0.938053539343
192.561,290.551,225.0,0.60497070534,0.347757637499,0.938053539343
190.87,289.102,225.0,0.60497070534,0.347757637499,0.938053539343
190.277,286.532,225.0,0.60497070534,0.347757637499,0.938053539343
189.779,283.866,225.0,0.60497070534,0.347757637499,0.938053539343
188.128,282.383,225.0,0.60497070534,0.347757637499,0.938053539343
185.778,280.621,225.0,0.60497070534,0.347757637499,0.938053539343
182.59,280.605,225.0,0.60497070534,0.347757637499,0.938053539343
180.317,282.749,225.0,0.60497070534,0.347757637499,0.938053539343
178.049,284.92,225.0,0.60497070534,0.347757637499,0.938053539343
175.978,287.279,225.0,0.60497070534,0.347757637499,0.938053539343
174.509,290.07,225.0,0.60497070534,0.347757637499,0.938053539343
172.178,292.243,225.0,0.60497070534,0.347757637499,0.938053539343
169.925,294.476,225.0,0.60497070534,0.347757637499,0.938053539343
167.688,296.715,225.0,0.60497070534,0.347757637499,0.938053539343
165.274,298.879,225.0,0.60497070534,0.347757637499,0.938053539343
164.287,301.616,225.0,0.60497070534,0.347757637499,0.938053539343
163.024,304.149,225.0,0.60497070534,0.347757637499,0.938053539343
161.529,306.011,225.0,0.60497070534,0.347757637499,0.938053539343
160.297,308.637,225.0,0.60497070534,0.347757637499,0.938053539343
158.847,311.458,225.0,0.60497070534,0.347757637499,0.938053539343
157.569,314.093,225.0,0.60497070534,0.347757637499,0.938053539343
157.419,317.198,225.0,0.60497070534,0.347757637499,0.938053539343
155.837,319.71,225.0,0.60497070534,0.347757637499,0.938053539343
154.998,322.53,225.0,0.60497070534,0.347757637499,0.938053539343
154.484,325.483,225.0,0.60497070534,0.347757637499,0.938053539343
154.544,328.675,225.0,0.60497070534,0.347757637499,0.938053539343
152.905,331.163,225.0,0.60497070534,0.347757637499,0.938053539343
152.993,334.365,225.0,0.60497070534,0.347757637499,0.938053539343
153.029,337.542,225.0,0.60497070534,0.347757637499,0.938053539343
151.605,340.372,225.0,0.60497070534,0.347757637499,0.938053539343
151.029,343.403,225.0,0.60497070534,0.347757637499,0.938053539343
149.923,346.309,225.0,0.60497070534,0.347757637499,0.938053539343
150.065,349.509,225.0,0.60497070534,0.347757637499,0.938053539343
150.065,352.676,225.0,0.60497070534,0.347757637499,0.938053539343
150.066,355.843,225.0,0.60497070534,0.347757637499,0.938053539343
150.066,359.01,225.0,0.60497070534,0.347757637499,0.938053539343
150.065,362.176,225.0,0.60497070534,0.347757637499,0.938053539343
150.066,365.343,225.0,0.60497070534,0.347757637499,0.938053539343
150.065,368.51,225.0,0.60497070534,0.347757637499,0.938053539343
150.064,371.678,225.0,0.60497070534,0.347757637499,0.938053539343
150.082,374.837,225.0,0.60497070534,0.347757637499,0.938053539343
149.848,378.101,225.0,0.60497070534,0.347757637499,0.938053539343
151.673,380.513,225.0,0.60497070534,0.347757637499,0.938053539343
151.462,383.758,225.0,0.60497070534,0.347757637499,0.938053539343
152.637,386.64,225.0,0.60497070534,0.347757637499,0.938053539343
153.005,389.719,225.0,0.60497070534,0.347757637499,0.938053539343
153.643,392.623,225.0,0.60497070534,0.347757637499,0.938053539343
154.355,395.496,225.0,0.60497070534,0.347757637499,0.938053539343
155.99,397.986,225.0,0.60497070534,0.347757637499,0.938053539343
156.083,401.137,225.0,0.60497070534,0.347757637499,0.938053539343
157.376,404.013,225.0,0.60497070534,0.347757637499,0.938053539343
158.842,406.565,225.0,0.60497070534,0.347757637499,0.938053539343
158.969,409.679,225.0,0.60497070534,0.347757637499,0.938053539343
160.285,412.301,225.0,0.60497070534,0.347757637499,0.938053539343
161.845,414.821,225.0,0.60497070534,0.347757637499,0.938053539343
161.609,418.083,225.0,0.60497070534,0.347757637499,0.938053539343
162.849,420.75,225.0,0.60497070534,0.347757637499,0.938053539343
163.074,423.899,225.0,0.60497070534,0.347757637499,0.938053539343
164.688,425.431,225.0,0.60497070534,0.347757637499,0.938053539343
166.207,427.976,225.0,0.60497070534,0.347757637499,0.938053539343
167.431,430.881,225.0,0.60497070534,0.347757637499,0.938053539343
168.053,433.888,225.0,0.60497070534,0.347757637499,0.938053539343
169.027,436.852,225.0,0.60497070534,0.347757637499,0.938053539343
170.579,439.369,225.0,0.60497070534,0.347757637499,0.938053539343
172.065,441.92,225.0,0.60497070534,0.347757637499,0.938053539343
173.433,444.52,225.0,0.60497070534,0.347757637499,0.938053539343
174.651,447.183,225.0,0.60497070534,0.347757637499,0.938053539343
175.519,449.99,225.0,0.60497070534,0.347757637499,0.938053539343
177.939,452.154,225.0,0.60497070534,0.347757637499,0.938053539343
178.137,455.243,225.0,0.60497070534,0.347757637499,0.938053539343
179.325,457.922,225.0,0.60497070534,0.347757637499,0.938053539343
180.955,459.469,225.0,0.60497070534,0.347757637499,0.938053539343
181.17,462.596,225.0,0.60497070534,0.347757637499,0.938053539343
182.087,465.645,225.0,0.60497070534,0.347757637499,0.938053539343
183.91,466.871,225.0,0.60497070534,0.347757637499,0.938053539343
184.428,469.53,225.0,0.60497070534,0.347757637499,0.938053539343
185.782,471.705,225.0,0.60497070534,0.347757637499,0.938053539343
186.864,474.39,225.0,0.60497070534,0.347757637499,0.938053539343
189.358,476.508,225.0,0.60497070534,0.347757637499,0.938053539343
190.726,479.345,225.0,0.60497070534,0.347757637499,0.938053539343
192.637,481.734,225.0,0.60497070534,0.347757637499,0.938053539343
193.334,484.169,225.0,0.60497070534,0.347757637499,0.938053539343
194.079,486.774,225.0,0.60497070534,0.347757637499,0.938053539343
196.234,489.174,225.0,0.60497070534,0.347757637499,0.938053539343
196.846,492.083,225.0,0.60497070534,0.347757637499,0.938053539343
198.553,494.543,225.0,0.60497070534,0.347757637499,0.938053539343
199.86,497.168,225.0,0.60497070534,0.347757637499,0.938053539343
199.845,500.341,225.0,0.60497070534,0.347757637499,0.938053539343
199.844,503.507,225.0,0.60497070534,0.347757637499,0.938053539343
199.818,506.647,225.0,0.60497070534,0.347757637499,0.938053539343
200.192,510.189,225.0,0.60497070534,0.347757637499,0.938053539343
198.248,511.413,225.0,0.60497070534,0.347757637499,0.938053539343
197.063,513.404,225.0,0.60497070534,0.347757637499,0.938053539343
195.803,515.974,225.0,0.60497070534,0.347757637499,0.938053539343
194.685,518.671,225.0,0.60497070534,0.347757637499,0.938053539343
193.996,521.699,225.0,0.60497070534,0.347757637499,0.938053539343
191.74,523.611,225.0,0.60497070534,0.347757637499,0.938053539343
190.129,525.13,225.0,0.60497070534,0.347757637499,0.938053539343
188.404,526.569,225.0,0.60497070534,0.347757637499,0.938053539343
186.74,528.075,225.0,0.60497070534,0.347757637499,0.938053539343
185.684,530.788,225.0,0.60497070534,0.347757637499,0.938053539343
183.827,533.246,225.0,0.60497070534,0.347757637499,0.938053539343
182.312,534.86,225.0,0.60497070534,0.347757637499,0.938053539343
180.846,536.548,225.0,0.60497070534,0.347757637499,0.938053539343
178.454,536.672,225.0,0.60497070534,0.347757637499,0.938053539343
180.063,537.262,225.0,0.60497070534,0.347757637499,0.938053539343
185.066,538.852,225.0,0.60497070534,0.347757637499,0.938053539343
