195.568,532.425,226.0,0.795439398097,0.473813528713,0.879504828594
199.013,532.139,226.0,0.795439398097,0.473813528713,0.879504828594
201.514,529.851,226.0,0.795439398097,0.473813528713,0.879504828594
203.616,527.019,226.0,0.795439398097,0.473813528713,0.879504828594
206.116,524.943,226.0,0.795439398097,0.473813528713,0.879504828594
209.044,523.425,226.0,0.795439398097,0.473813528713,0.879504828594
211.345,521.042,226.0,0.795439398097,0.473813528713,0.879504828594
213.59,518.543,226.0,0.795439398097,0.473813528713,0.879504828594
216.34,516.91,226.0,0.795439398097,0.473813528713,0.879504828594
218.889,514.829,226.0,0.795439398097,0.473813528713,0.879504828594
220.275,512.096,226.0,0.795439398097,0.473813528713,0.879504828594
220.542,509.02,226.0,0.795439398097,0.473813528713,0.879504828594
221.765,506.942,226.0,0.795439398097,0.473813528713,0.879504828594
221.805,503.678,226.0,0.795439398097,0.473813528713,0.879504828594
221.807,500.375,226.0,0.795439398097,0.473813528713,0.879504828594
221.811,497.066,226.0,0.795439398097,0.473813528713,0.879504828594
221.942,493.631,226.0,0.795439398097,0.473813528713,0.879504828594
220.222,492.033,226.0,0.795439398097,0.473813528713,0.879504828594
219.225,489.127,226.0,0.795439398097,0.473813528713,0.879504828594
217.728,487.093,226.0,0.795439398097,0.473813528713,0.879504828594
216.291,484.567,226.0,0.795439398097,0.473813528713,0.879504828594
214.783,481.486,226.0,0.795439398097,0.473813528713,0.879504828594
212.421,479.173,226.0,0.795439398097,0.473813528713,0.879504828594
210.079,476.843,226.0,0.795439398097,0.473813528713,0.879504828594
207.791,474.486,226.0,0.795439398097,0.473813528713,0.879504828594
205.679,472.056,226.0,0.795439398097,0.473813528713,0.879504828594
204.107,469.395,226.0,0.795439398097,0.473813528713,0.879504828594
202.648,466.436,226.0,0.795439398097,0.473813528713,0.879504828594
200.319,464.107,226.0,0.795439398097,0.473813528713,0.879504828594
198.362,461.611,226.0,0.795439398097,0.473813528713,0.879504828594
196.551,459.055,226.0,0.795439398097,0.473813528713,0.879504828594
195.426,456.212,226.0,0.795439398097,0.473813528713,0.879504828594
193.985,453.246,226.0,0.795439398097,0.473813528713,0.879504828594
192.546,450.543,226.0,0.795439398097,0.473813528713,0.879504828594
192.349,447.317,226.0,0.795439398097,0.473813528713,0.879504828594
191.088,444.528,226.0,0.795439398097,0.473813528713,0.879504828594
189.444,442.864,226.0,0.795439398097,0.473813528713,0.879504828594
189.613,439.412,226.0,0.795439398097,0.473813528713,0.879504828594
188.719,436.235,226.0,0.795439398097,0.473813528713,0.879504828594
188.129,433.036,226.0,0.795439398097,0.473813528713,0.879504828594
188.133,429.731,226.0,0.795439398097,0.473813528713,0.879504828594
188.132,426.427,226.0,0.795439398097,0.473813528713,0.879504828594
188.132,423.123,226.0,0.795439398097,0.473813528713,0.879504828594
188.132,419.819,226.0,0.795439398097,0.473813528713,0.879504828594
188.132,416.515,226.0,0.795439398097,0.473813528713,0.879504828594
188.133,413.211,226.0,0.795439398097,0.473813528713,0.879504828594
188.126,409.905,226.0,0.795439398097,0.473813528713,0.879504828594
188.134,406.603,226.0,0.795439398097,0.473813528713,0.879504828594
188.253,403.326,226.0,0.795439398097,0.473813528713,0.879504828594
189.653,400.356,226.0,0.795439398097,0.473813528713,0.879504828594
190.091,397.24,226.0,0.795439398097,0.473813528713,0.879504828594
190.962,394.297,226.0,0.795439398097,0.473813528713,0.879504828594
192.602,391.672,226.0,0.795439398097,0.473813528713,0.879504828594
192.533,388.34,226.0,0.795439398097,0.473813528713,0.879504828594
192.55,385.042,226.0,0.795439398097,0.473813528713,0.879504828594
193.593,382.168,226.0,0.795439398097,0.473813528713,0.879504828594
194.176,379.035,226.0,0.795439398097,0.473813528713,0.879504828594
195.434,375.96,226.0,0.795439398097,0.473813528713,0.879504828594
195.423,372.647,226.0,0.795439398097,0.473813528713,0.879504828594
196.923,369.965,226.0,0.795439398097,0.473813528713,0.879504828594
196.935,366.666,226.0,0.795439398097,0.473813528713,0.879504828594
197.364,363.539,226.0,0.795439398097,0.473813528713,0.879504828594
198.791,360.826,226.0,0.795439398097,0.473813528713,0.879504828594
198.365,357.346,226.0,0.795439398097,0.473813528713,0.879504828594
198.381,354.048,226.0,0.795439398097,0.473813528713,0.879504828594
198.381,350.744,226.0,0.795439398097,0.473813528713,0.879504828594
198.381,347.44,226.0,0.795439398097,0.473813528713,0.879504828594
198.381,344.136,226.0,0.795439398097,0.473813528713,0.879504828594
198.381,340.832,226.0,0.795439398097,0.473813528713,0.879504828594
198.381,337.528,226.0,0.795439398097,0.473813528713,0.879504828594
198.381,334.224,226.0,0.795439398097,0.473813528713,0.879504828594
198.381,330.919,226.0,0.795439398097,0.473813528713,0.879504828594
198.381,327.615,226.0,0.795439398097,0.473813528713,0.879504828594
198.381,324.311,226.0,0.795439398097,0.473813528713,0.879504828594
198.381,321.007,226.0,0.795439398097,0.473813528713,0.879504828594
198.381,317.703,226.0,0.795439398097,0.473813528713,0.879504828594
198.381,314.399,226.0,0.795439398097,0.473813528713,0.879504828594
198.382,311.094,226.0,0.795439398097,0.473813528713,0.879504828594
198.388,307.788,226.0,0.795439398097,0.473813528713,0.879504828594
198.355,304.497,226.0,0.795439398097,0.473813528713,0.879504828594
197.3,301.63,226.0,0.795439398097,0.473813528713,0.879504828594
196.907,298.489,226.0,0.795439398097,0.473813528713,0.879504828594
195.736,295.67,226.0,0.795439398097,0.473813528713,0.879504828594
195.48,292.472,226.0,0.795439398097,0.473813528713,0.879504828594
192.973,290.209,226.0,0.795439398097,0.473813528713,0.879504828594
191.886,287.386,226.0,0.795439398097,0.473813528713,0.879504828594
190.497,285.02,226.0,0.795439398097,0.473813528713,0.879504828594
187.64,283.595,226.0,0.795439398097,0.473813528713,0.879504828594
186.004,281.977,226.0,0.795439398097,0.473813528713,0.879504828594
182.534,282.147,226.0,0.795439398097,0.473813528713,0.879504828594
179.246,282.135,226.0,0.795439398097,0.473813528713,0.879504828594
175.904,282.054,226.0,0.795439398097,0.473813528713,0.879504828594
173.227,283.622,226.0,0.795439398097,0.473813528713,0.879504828594
172.054,285.721,226.0,0.795439398097,0.473813528713,0.879504828594
171.693,288.858,226.0,0.795439398097,0.473813528713,0.879504828594
168.937,291.012,226.0,0.795439398097,0.473813528713,0.879504828594
167.656,293.788,226.0,0.795439398097,0.473813528713,0.879504828594
166.259,296.587,226.0,0.795439398097,0.473813528713,0.879504828594
164.734,298.342,226.0,0.795439398097,0.473813528713,0.879504828594
163.147,300.025,226.0,0.795439398097,0.473813528713,0.879504828594
161.7,302.816,226.0,0.795439398097,0.473813528713,0.879504828594
161.508,306.044,226.0,0.795439398097,0.473813528713,0.879504828594
158.908,308.272,226.0,0.795439398097,0.473813528713,0.879504828594
157.65,311.059,226.0,0.795439398097,0.473813528713,0.879504828594
156.854,314.138,226.0,0.795439398097,0.473813528713,0.879504828594
155.928,317.21,226.0,0.795439398097,0.473813528713,0.879504828594
154.465,320.168,226.0,0.795439398097,0.473813528713,0.879504828594
154.423,323.452,226.0,0.795439398097,0.473813528713,0.879504828594
154.027,326.596,226.0,0.795439398097,0.473813528713,0.879504828594
152.835,329.407,226.0,0.795439398097,0.473813528713,0.879504828594
152.988,332.775,226.0,0.795439398097,0.473813528713,0.879504828594
152.993,336.08,226.0,0.795439398097,0.473813528713,0.879504828594
153.023,339.397,226.0,0.795439398097,0.473813528713,0.879504828594
152.926,342.661,226.0,0.795439398097,0.473813528713,0.879504828594
153.191,346.075,226.0,0.795439398097,0.473813528713,0.879504828594
151.322,348.605,226.0,0.795439398097,0.473813528713,0.879504828594
151.542,352.0,226.0,0.795439398097,0.473813528713,0.879504828594
151.529,355.299,226.0,0.795439398097,0.473813528713,0.879504828594
151.449,358.616,226.0,0.795439398097,0.473813528713,0.879504828594
152.236,361.792,226.0,0.795439398097,0.473813528713,0.879504828594
153.025,364.969,226.0,0.795439398097,0.473813528713,0.879504828594
152.96,368.283,226.0,0.795439398097,0.473813528713,0.879504828594
153.985,371.429,226.0,0.795439398097,0.473813528713,0.879504828594
154.593,374.609,226.0,0.795439398097,0.473813528713,0.879504828594
154.209,378.052,226.0,0.795439398097,0.473813528713,0.879504828594
156.076,380.586,226.0,0.795439398097,0.473813528713,0.879504828594
155.914,383.96,226.0,0.795439398097,0.473813528713,0.879504828594
155.855,387.274,226.0,0.795439398097,0.473813528713,0.879504828594
157.328,390.23,226.0,0.795439398097,0.473813528713,0.879504828594
157.373,393.526,226.0,0.795439398097,0.473813528713,0.879504828594
158.805,396.238,226.0,0.795439398097,0.473813528713,0.879504828594
159.583,399.364,226.0,0.795439398097,0.473813528713,0.879504828594
160.333,402.483,226.0,0.795439398097,0.473813528713,0.879504828594
162.043,405.343,226.0,0.795439398097,0.473813528713,0.879504828594
163.298,408.083,226.0,0.795439398097,0.473813528713,0.879504828594
164.112,411.251,226.0,0.795439398097,0.473813528713,0.879504828594
164.619,414.438,226.0,0.795439398097,0.473813528713,0.879504828594
166.183,417.128,226.0,0.795439398097,0.473813528713,0.879504828594
167.816,418.771,226.0,0.795439398097,0.473813528713,0.879504828594
168.316,421.948,226.0,0.795439398097,0.473813528713,0.879504828594
169.257,424.876,226.0,0.795439398097,0.473813528713,0.879504828594
169.937,427.907,226.0,0.795439398097,0.473813528713,0.879504828594
170.386,431.107,226.0,0.795439398097,0.473813528713,0.879504828594
172.051,432.756,226.0,0.795439398097,0.473813528713,0.879504828594
172.191,435.925,226.0,0.795439398097,0.473813528713,0.879504828594
173.48,437.793,226.0,0.795439398097,0.473813528713,0.879504828594
175.062,440.573,226.0,0.795439398097,0.473813528713,0.879504828594
174.697,444.031,226.0,0.795439398097,0.473813528713,0.879504828594
176.537,446.557,226.0,0.795439398097,0.473813528713,0.879504828594
177.334,449.013,226.0,0.795439398097,0.473813528713,0.879504828594
177.812,451.805,226.0,0.795439398097,0.473813528713,0.879504828594
179.428,454.434,226.0,0.795439398097,0.473813528713,0.879504828594
180.385,457.351,226.0,0.795439398097,0.473813528713,0.879504828594
180.677,460.597,226.0,0.795439398097,0.473813528713,0.879504828594
182.265,462.32,226.0,0.795439398097,0.473813528713,0.879504828594
182.556,465.498,226.0,0.795439398097,0.473813528713,0.879504828594
183.838,468.271,226.0,0.795439398097,0.473813528713,0.879504828594
185.205,471.007,226.0,0.795439398097,0.473813528713,0.879504828594
187.988,472.399,226.0,0.795439398097,0.473813528713,0.879504828594
188.207,475.51,226.0,0.795439398097,0.473813528713,0.879504828594
189.602,478.237,226.0,0.795439398097,0.473813528713,0.879504828594
191.017,481.218,226.0,0.795439398097,0.473813528713,0.879504828594
192.425,484.013,226.0,0.795439398097,0.473813528713,0.879504828594
193.972,485.755,226.0,0.795439398097,0.473813528713,0.879504828594
193.884,489.147,226.0,0.795439398097,0.473813528713,0.879504828594
195.596,490.739,226.0,0.795439398097,0.473813528713,0.879504828594
195.44,494.199,226.0,0.795439398097,0.473813528713,0.879504828594
195.453,497.49,226.0,0.795439398097,0.473813528713,0.879504828594
195.453,500.795,226.0,0.795439398097,0.473813528713,0.879504828594
195.453,504.099,226.0,0.795439398097,0.473813528713,0.879504828594
195.453,507.403,226.0,0.795439398097,0.473813528713,0.879504828594
195.453,510.707,226.0,0.795439398097,0.473813528713,0.879504828594
195.459,514.018,226.0,0.795439398097,0.473813528713,0.879504828594
195.575,517.437,226.0,0.795439398097,0.473813528713,0.879504828594
192.658,517.802,226.0,0.795439398097,0.473813528713,0.879504828594
190.847,519.129,226.0,0.795439398097,0.473813528713,0.879504828594
190.859,522.154,226.0,0.795439398097,0.473813528713,0.879504828594
192.175,526.39,226.0,0.795439398097,0.473813528713,0.879504828594
194.273,531.354,226.0,0.795439398097,0.473813528713,0.879504828594
