221.222,34.8487,226.0,0.60497070534,0.347757637499,0.938053539343
218.981,36.9979,226.0,0.60497070534,0.347757637499,0.938053539343
215.931,38.3526,226.0,0.60497070534,0.347757637499,0.938053539343
212.981,39.7546,226.0,0.60497070534,0.347757637499,0.938053539343
210.257,41.5792,226.0,0.60497070534,0.347757637499,0.938053539343
207.133,42.1613,226.0,0.60497070534,0.347757637499,0.938053539343
205.63,43.9407,226.0,0.60497070534,0.347757637499,0.938053539343
203.557,45.2826,226.0,0.60497070534,0.347757637499,0.938053539343
202.288,48.7265,226.0,0.60497070534,0.347757637499,0.938053539343
199.236,49.5437,226.0,0.60497070534,0.347757637499,0.938053539343
198.132,52.3303,226.0,0.60497070534,0.347757637499,0.938053539343
195.363,53.7525,226.0,0.60497070534,0.347757637499,0.938053539343
194.071,55.6986,226.0,0.60497070534,0.347757637499,0.938053539343
192.4,58.2766,226.0,0.60497070534,0.347757637499,0.938053539343
189.646,59.5596,226.0,0.60497070534,0.347757637499,0.938053539343
189.453,62.7164,226.0,0.60497070534,0.347757637499,0.938053539343
188.132,65.4506,226.0,0.60497070534,0.347757637499,0.938053539343
187.853,68.4498,226.0,0.60497070534,0.347757637499,0.938053539343
186.541,70.3229,226.0,0.60497070534,0.347757637499,0.938053539343
187.396,73.4881,226.0,0.60497070534,0.347757637499,0.938053539343
188.101,76.4908,226.0,0.60497070534,0.347757637499,0.938053539343
188.043,79.7911,226.0,0.60497070534,0.347757637499,0.938053539343
189.591,82.4331,226.0,0.60497070534,0.347757637499,0.938053539343
191.364,85.0988,226.0,0.60497070534,0.347757637499,0.938053539343
193.225,87.3358,226.0,0.60497070534,0.347757637499,0.938053539343
194.832,88.9288,226.0,0.60497070534,0.347757637499,0.938053539343
196.896,91.0747,226.0,0.60497070534,0.347757637499,0.938053539343
198.677,93.6459,226.0,0.60497070534,0.347757637499,0.938053539343
201.373,94.8314,226.0,0.60497070534,0.347757637499,0.938053539343
202.725,97.2954,226.0,0.60497070534,0.347757637499,0.938053539343
205.693,99.0326,226.0,0.60497070534,0.347757637499,0.938053539343
207.435,100.639,226.0,0.60497070534,0.347757637499,0.938053539343
209.523,103.327,226.0,0.60497070534,0.347757637499,0.938053539343
211.48,104.794,226.0,0.60497070534,0.347757637499,0.938053539343
213.044,106.535,226.0,0.60497070534,0.347757637499,0.938053539343
214.51,109.191,226.0,0.60497070534,0.347757637499,0.938053539343
214.463,112.486,226.0,0.60497070534,0.347757637499,0.938053539343
215.916,115.159,226.0,0.60497070534,0.347757637499,0.938053539343
215.955,118.418,226.0,0.60497070534,0.347757637499,0.938053539343
215.953,121.689,226.0,0.60497070534,0.347757637499,0.938053539343
215.932,124.99,226.0,0.60497070534,0.347757637499,0.938053539343
215.881,128.321,226.0,0.60497070534,0.347757637499,0.938053539343
218.59,129.6,226.0,0.60497070534,0.347757637499,0.938053539343
221.774,129.825,226.0,0.60497070534,0.347757637499,0.938053539343
223.225,131.597,226.0,0.60497070534,0.347757637499,0.938053539343
226.683,131.143,226.0,0.60497070534,0.347757637499,0.938053539343
228.924,128.588,226.0,0.60497070534,0.347757637499,0.938053539343
230.567,125.965,226.0,0.60497070534,0.347757637499,0.938053539343
232.556,123.42,226.0,0.60497070534,0.347757637499,0.938053539343
235.439,122.429,226.0,0.60497070534,0.347757637499,0.938053539343
236.578,119.574,226.0,0.60497070534,0.347757637499,0.938053539343
237.993,117.581,226.0,0.60497070534,0.347757637499,0.938053539343
239.383,114.697,226.0,0.60497070534,0.347757637499,0.938053539343
241.098,112.136,226.0,0.60497070534,0.347757637499,0.938053539343
242.305,109.362,226.0,0.60497070534,0.347757637499,0.938053539343
244.658,107.051,226.0,0.60497070534,0.347757637499,0.938053539343
246.92,104.677,226.0,0.60497070534,0.347757637499,0.938053539343
249.702,103.493,226.0,0.60497070534,0.347757637499,0.938053539343
251.945,100.976,226.0,0.60497070534,0.347757637499,0.938053539343
255.203,100.746,226.0,0.60497070534,0.347757637499,0.938053539343
256.84,99.1043,226.0,0.60497070534,0.347757637499,0.938053539343
260.133,99.2359,226.0,0.60497070534,0.347757637499,0.938053539343
263.204,98.0919,226.0,0.60497070534,0.347757637499,0.938053539343
266.482,97.551,226.0,0.60497070534,0.347757637499,0.938053539343
270.022,97.2538,226.0,0.60497070534,0.347757637499,0.938053539343
271.484,99.0562,226.0,0.60497070534,0.347757637499,0.938053539343
273.111,100.705,226.0,0.60497070534,0.347757637499,0.938053539343
274.626,102.472,226.0,0.60497070534,0.347757637499,0.938053539343
276.784,103.49,226.0,0.60497070534,0.347757637499,0.938053539343
279.508,105.283,226.0,0.60497070534,0.347757637499,0.938053539343
281.799,107.114,226.0,0.60497070534,0.347757637499,0.938053539343
284.287,107.88,226.0,0.60497070534,0.347757637499,0.938053539343
287.537,107.907,226.0,0.60497070534,0.347757637499,0.938053539343
290.775,107.814,226.0,0.60497070534,0.347757637499,0.938053539343
293.467,106.433,226.0,0.60497070534,0.347757637499,0.938053539343
296.471,105.051,226.0,0.60497070534,0.347757637499,0.938053539343
298.081,103.373,226.0,0.60497070534,0.347757637499,0.938053539343
298.557,100.576,226.0,0.60497070534,0.347757637499,0.938053539343
299.376,98.1201,226.0,0.60497070534,0.347757637499,0.938053539343
299.403,94.8727,226.0,0.60497070534,0.347757637499,0.938053539343
299.404,91.5985,226.0,0.60497070534,0.347757637499,0.938053539343
299.404,88.3239,226.0,0.60497070534,0.347757637499,0.938053539343
299.404,85.0491,226.0,0.60497070534,0.347757637499,0.938053539343
299.406,81.7739,226.0,0.60497070534,0.347757637499,0.938053539343
299.377,78.5057,226.0,0.60497070534,0.347757637499,0.938053539343
297.914,75.5777,226.0,0.60497070534,0.347757637499,0.938053539343
297.646,72.4177,226.0,0.60497070534,0.347757637499,0.938053539343
296.383,69.6724,226.0,0.60497070534,0.347757637499,0.938053539343
295.036,66.9316,226.0,0.60497070534,0.347757637499,0.938053539343
293.605,65.1148,226.0,0.60497070534,0.347757637499,0.938053539343
292.04,62.5156,226.0,0.60497070534,0.347757637499,0.938053539343
290.299,60.9882,226.0,0.60497070534,0.347757637499,0.938053539343
288.593,59.4735,226.0,0.60497070534,0.347757637499,0.938053539343
286.287,57.5402,226.0,0.60497070534,0.347757637499,0.938053539343
284.694,55.9321,226.0,0.60497070534,0.347757637499,0.938053539343
282.141,54.4677,226.0,0.60497070534,0.347757637499,0.938053539343
280.451,52.3768,226.0,0.60497070534,0.347757637499,0.938053539343
278.887,50.6261,226.0,0.60497070534,0.347757637499,0.938053539343
276.084,49.3533,226.0,0.60497070534,0.347757637499,0.938053539343
274.603,46.6471,226.0,0.60497070534,0.347757637499,0.938053539343
271.977,45.4816,226.0,0.60497070534,0.347757637499,0.938053539343
269.223,43.7445,226.0,0.60497070534,0.347757637499,0.938053539343
266.871,41.4699,226.0,0.60497070534,0.347757637499,0.938053539343
264.229,40.2821,226.0,0.60497070534,0.347757637499,0.938053539343
262.785,38.4418,226.0,0.60497070534,0.347757637499,0.938053539343
261.352,36.5891,226.0,0.60497070534,0.347757637499,0.938053539343
258.543,35.6623,226.0,0.60497070534,0.347757637499,0.938053539343
255.572,34.7278,226.0,0.60497070534,0.347757637499,0.938053539343
252.937,33.1839,226.0,0.60497070534,0.347757637499,0.938053539343
249.672,33.1606,226.0,0.60497070534,0.347757637499,0.938053539343
246.45,33.0329,226.0,0.60497070534,0.347757637499,0.938053539343
243.207,32.9563,226.0,0.60497070534,0.347757637499,0.938053539343
239.946,32.9242,226.0,0.60497070534,0.347757637499,0.938053539343
236.669,32.9295,226.0,0.60497070534,0.347757637499,0.938053539343
233.379,32.9656,226.0,0.60497070534,0.347757637499,0.938053539343
230.08,33.0255,226.0,0.60497070534,0.347757637499,0.938053539343
226.773,33.1026,226.0,0.60497070534,0.347757637499,0.938053539343
223.463,33.1898,226.0,0.60497070534,0.347757637499,0.938053539343
