193.559,531.152,227.0,0.60497070534,0.347757637499,0.938053539343
195.444,529.695,227.0,0.60497070534,0.347757637499,0.938053539343
197.715,527.379,227.0,0.60497070534,0.347757637499,0.938053539343
199.963,525.048,227.0,0.60497070534,0.347757637499,0.938053539343
202.435,522.808,227.0,0.60497070534,0.347757637499,0.938053539343
203.262,519.768,227.0,0.60497070534,0.347757637499,0.938053539343
205.71,518.603,227.0,0.60497070534,0.347757637499,0.938053539343
207.15,515.809,227.0,0.60497070534,0.347757637499,0.938053539343
208.712,514.207,227.0,0.60497070534,0.347757637499,0.938053539343
210.652,511.705,227.0,0.60497070534,0.347757637499,0.938053539343
211.762,509.009,227.0,0.60497070534,0.347757637499,0.938053539343
212.843,506.83,227.0,0.60497070534,0.347757637499,0.938053539343
214.445,505.177,227.0,0.60497070534,0.347757637499,0.938053539343
216.015,503.486,227.0,0.60497070534,0.347757637499,0.938053539343
217.131,500.672,227.0,0.60497070534,0.347757637499,0.938053539343
217.409,497.529,227.0,0.60497070534,0.347757637499,0.938053539343
217.414,494.279,227.0,0.60497070534,0.347757637499,0.938053539343
217.398,491.033,227.0,0.60497070534,0.347757637499,0.938053539343
216.905,487.984,227.0,0.60497070534,0.347757637499,0.938053539343
215.961,485.122,227.0,0.60497070534,0.347757637499,0.938053539343
214.264,482.573,227.0,0.60497070534,0.347757637499,0.938053539343
213.03,479.831,227.0,0.60497070534,0.347757637499,0.938053539343
210.549,477.606,227.0,0.60497070534,0.347757637499,0.938053539343
209.697,474.706,227.0,0.60497070534,0.347757637499,0.938053539343
207.174,472.499,227.0,0.60497070534,0.347757637499,0.938053539343
206.43,469.554,227.0,0.60497070534,0.347757637499,0.938053539343
203.418,467.549,227.0,0.60497070534,0.347757637499,0.938053539343
202.421,464.711,227.0,0.60497070534,0.347757637499,0.938053539343
201.166,461.986,227.0,0.60497070534,0.347757637499,0.938053539343
199.836,459.281,227.0,0.60497070534,0.347757637499,0.938053539343
198.451,457.431,227.0,0.60497070534,0.347757637499,0.938053539343
196.863,454.858,227.0,0.60497070534,0.347757637499,0.938053539343
195.414,452.206,227.0,0.60497070534,0.347757637499,0.938053539343
194.241,449.439,227.0,0.60497070534,0.347757637499,0.938053539343
193.033,446.687,227.0,0.60497070534,0.347757637499,0.938053539343
191.873,443.914,227.0,0.60497070534,0.347757637499,0.938053539343
191.236,440.925,227.0,0.60497070534,0.347757637499,0.938053539343
190.274,438.071,227.0,0.60497070534,0.347757637499,0.938053539343
189.711,435.052,227.0,0.60497070534,0.347757637499,0.938053539343
188.037,432.492,227.0,0.60497070534,0.347757637499,0.938053539343
188.103,429.212,227.0,0.60497070534,0.347757637499,0.938053539343
187.366,426.265,227.0,0.60497070534,0.347757637499,0.938053539343
186.576,423.339,227.0,0.60497070534,0.347757637499,0.938053539343
186.666,420.049,227.0,0.60497070534,0.347757637499,0.938053539343
186.668,416.796,227.0,0.60497070534,0.347757637499,0.938053539343
186.668,413.543,227.0,0.60497070534,0.347757637499,0.938053539343
186.668,410.29,227.0,0.60497070534,0.347757637499,0.938053539343
186.668,407.037,227.0,0.60497070534,0.347757637499,0.938053539343
186.668,403.785,227.0,0.60497070534,0.347757637499,0.938053539343
186.667,400.531,227.0,0.60497070534,0.347757637499,0.938053539343
186.599,397.251,227.0,0.60497070534,0.347757637499,0.938053539343
187.243,394.265,227.0,0.60497070534,0.347757637499,0.938053539343
188.27,391.437,227.0,0.60497070534,0.347757637499,0.938053539343
188.165,388.141,227.0,0.60497070534,0.347757637499,0.938053539343
189.0,385.234,227.0,0.60497070534,0.347757637499,0.938053539343
189.375,382.138,227.0,0.60497070534,0.347757637499,0.938053539343
190.579,379.379,227.0,0.60497070534,0.347757637499,0.938053539343
191.353,376.387,227.0,0.60497070534,0.347757637499,0.938053539343
192.578,373.436,227.0,0.60497070534,0.347757637499,0.938053539343
193.114,370.319,227.0,0.60497070534,0.347757637499,0.938053539343
193.938,367.239,227.0,0.60497070534,0.347757637499,0.938053539343
195.549,364.656,227.0,0.60497070534,0.347757637499,0.938053539343
196.454,361.779,227.0,0.60497070534,0.347757637499,0.938053539343
197.587,358.996,227.0,0.60497070534,0.347757637499,0.938053539343
198.307,356.049,227.0,0.60497070534,0.347757637499,0.938053539343
199.595,353.106,227.0,0.60497070534,0.347757637499,0.938053539343
199.838,349.91,227.0,0.60497070534,0.347757637499,0.938053539343
199.845,346.659,227.0,0.60497070534,0.347757637499,0.938053539343
199.845,343.406,227.0,0.60497070534,0.347757637499,0.938053539343
199.845,340.153,227.0,0.60497070534,0.347757637499,0.938053539343
199.845,336.9,227.0,0.60497070534,0.347757637499,0.938053539343
199.845,333.648,227.0,0.60497070534,0.347757637499,0.938053539343
199.845,330.395,227.0,0.60497070534,0.347757637499,0.938053539343
199.833,327.147,227.0,0.60497070534,0.347757637499,0.938053539343
199.428,324.062,227.0,0.60497070534,0.347757637499,0.938053539343
198.227,321.307,227.0,0.60497070534,0.347757637499,0.938053539343
198.466,317.955,227.0,0.60497070534,0.347757637499,0.938053539343
196.822,315.383,227.0,0.60497070534,0.347757637499,0.938053539343
196.917,312.092,227.0,0.60497070534,0.347757637499,0.938053539343
196.995,308.806,227.0,0.60497070534,0.347757637499,0.938053539343
195.204,306.295,227.0,0.60497070534,0.347757637499,0.938053539343
195.469,302.933,227.0,0.60497070534,0.347757637499,0.938053539343
195.447,299.689,227.0,0.60497070534,0.347757637499,0.938053539343
193.96,297.053,227.0,0.60497070534,0.347757637499,0.938053539343
193.965,293.798,227.0,0.60497070534,0.347757637499,0.938053539343
192.509,291.154,227.0,0.60497070534,0.347757637499,0.938053539343
191.232,288.176,227.0,0.60497070534,0.347757637499,0.938053539343
188.942,285.853,227.0,0.60497070534,0.347757637499,0.938053539343
186.639,283.554,227.0,0.60497070534,0.347757637499,0.938053539343
183.871,282.222,227.0,0.60497070534,0.347757637499,0.938053539343
182.172,280.682,227.0,0.60497070534,0.347757637499,0.938053539343
178.926,280.67,227.0,0.60497070534,0.347757637499,0.938053539343
175.689,280.687,227.0,0.60497070534,0.347757637499,0.938053539343
172.686,281.288,227.0,0.60497070534,0.347757637499,0.938053539343
170.443,283.718,227.0,0.60497070534,0.347757637499,0.938053539343
167.999,285.963,227.0,0.60497070534,0.347757637499,0.938053539343
167.682,289.079,227.0,0.60497070534,0.347757637499,0.938053539343
166.365,292.008,227.0,0.60497070534,0.347757637499,0.938053539343
164.987,294.979,227.0,0.60497070534,0.347757637499,0.938053539343
163.145,297.483,227.0,0.60497070534,0.347757637499,0.938053539343
162.478,300.46,227.0,0.60497070534,0.347757637499,0.938053539343
161.896,303.473,227.0,0.60497070534,0.347757637499,0.938053539343
160.222,306.031,227.0,0.60497070534,0.347757637499,0.938053539343
160.366,309.331,227.0,0.60497070534,0.347757637499,0.938053539343
159.822,312.463,227.0,0.60497070534,0.347757637499,0.938053539343
158.805,315.468,227.0,0.60497070534,0.347757637499,0.938053539343
158.85,318.735,227.0,0.60497070534,0.347757637499,0.938053539343
157.335,321.36,227.0,0.60497070534,0.347757637499,0.938053539343
156.306,324.186,227.0,0.60497070534,0.347757637499,0.938053539343
155.883,327.266,227.0,0.60497070534,0.347757637499,0.938053539343
155.408,330.408,227.0,0.60497070534,0.347757637499,0.938053539343
153.588,333.236,227.0,0.60497070534,0.347757637499,0.938053539343
152.995,336.348,227.0,0.60497070534,0.347757637499,0.938053539343
153.042,339.62,227.0,0.60497070534,0.347757637499,0.938053539343
151.496,342.233,227.0,0.60497070534,0.347757637499,0.938053539343
151.295,345.402,227.0,0.60497070534,0.347757637499,0.938053539343
150.082,348.152,227.0,0.60497070534,0.347757637499,0.938053539343
150.056,351.394,227.0,0.60497070534,0.347757637499,0.938053539343
150.053,354.648,227.0,0.60497070534,0.347757637499,0.938053539343
149.633,357.802,227.0,0.60497070534,0.347757637499,0.938053539343
148.576,360.805,227.0,0.60497070534,0.347757637499,0.938053539343
148.601,364.063,227.0,0.60497070534,0.347757637499,0.938053539343
148.602,367.316,227.0,0.60497070534,0.347757637499,0.938053539343
148.625,370.559,227.0,0.60497070534,0.347757637499,0.938053539343
148.432,373.892,227.0,0.60497070534,0.347757637499,0.938053539343
149.551,376.681,227.0,0.60497070534,0.347757637499,0.938053539343
150.043,379.73,227.0,0.60497070534,0.347757637499,0.938053539343
149.853,383.062,227.0,0.60497070534,0.347757637499,0.938053539343
151.284,385.721,227.0,0.60497070534,0.347757637499,0.938053539343
151.516,388.876,227.0,0.60497070534,0.347757637499,0.938053539343
152.37,391.983,227.0,0.60497070534,0.347757637499,0.938053539343
153.709,395.027,227.0,0.60497070534,0.347757637499,0.938053539343
154.481,398.151,227.0,0.60497070534,0.347757637499,0.938053539343
154.68,401.357,227.0,0.60497070534,0.347757637499,0.938053539343
155.995,404.293,227.0,0.60497070534,0.347757637499,0.938053539343
156.644,407.269,227.0,0.60497070534,0.347757637499,0.938053539343
157.701,410.076,227.0,0.60497070534,0.347757637499,0.938053539343
160.007,412.526,227.0,0.60497070534,0.347757637499,0.938053539343
160.232,415.917,227.0,0.60497070534,0.347757637499,0.938053539343
161.812,418.508,227.0,0.60497070534,0.347757637499,0.938053539343
163.225,421.175,227.0,0.60497070534,0.347757637499,0.938053539343
164.546,423.881,227.0,0.60497070534,0.347757637499,0.938053539343
165.764,426.632,227.0,0.60497070534,0.347757637499,0.938053539343
166.191,429.774,227.0,0.60497070534,0.347757637499,0.938053539343
167.51,432.771,227.0,0.60497070534,0.347757637499,0.938053539343
169.915,435.034,227.0,0.60497070534,0.347757637499,0.938053539343
170.45,438.068,227.0,0.60497070534,0.347757637499,0.938053539343
172.056,440.659,227.0,0.60497070534,0.347757637499,0.938053539343
173.514,443.319,227.0,0.60497070534,0.347757637499,0.938053539343
175.395,444.769,227.0,0.60497070534,0.347757637499,0.938053539343
176.449,448.026,227.0,0.60497070534,0.347757637499,0.938053539343
176.948,451.045,227.0,0.60497070534,0.347757637499,0.938053539343
178.153,453.78,227.0,0.60497070534,0.347757637499,0.938053539343
179.487,456.409,227.0,0.60497070534,0.347757637499,0.938053539343
181.038,458.287,227.0,0.60497070534,0.347757637499,0.938053539343
182.338,460.95,227.0,0.60497070534,0.347757637499,0.938053539343
183.697,463.654,227.0,0.60497070534,0.347757637499,0.938053539343
185.154,466.301,227.0,0.60497070534,0.347757637499,0.938053539343
186.796,468.85,227.0,0.60497070534,0.347757637499,0.938053539343
187.921,470.94,227.0,0.60497070534,0.347757637499,0.938053539343
189.225,473.509,227.0,0.60497070534,0.347757637499,0.938053539343
189.463,476.763,227.0,0.60497070534,0.347757637499,0.938053539343
191.155,478.17,227.0,0.60497070534,0.347757637499,0.938053539343
192.442,481.091,227.0,0.60497070534,0.347757637499,0.938053539343
193.532,483.887,227.0,0.60497070534,0.347757637499,0.938053539343
195.537,486.308,227.0,0.60497070534,0.347757637499,0.938053539343
196.138,489.312,227.0,0.60497070534,0.347757637499,0.938053539343
197.027,492.197,227.0,0.60497070534,0.347757637499,0.938053539343
196.92,495.494,227.0,0.60497070534,0.347757637499,0.938053539343
196.917,498.748,227.0,0.60497070534,0.347757637499,0.938053539343
196.917,502.001,227.0,0.60497070534,0.347757637499,0.938053539343
196.916,505.253,227.0,0.60497070534,0.347757637499,0.938053539343
196.919,508.506,227.0,0.60497070534,0.347757637499,0.938053539343
196.814,511.749,227.0,0.60497070534,0.347757637499,0.938053539343
196.503,514.973,227.0,0.60497070534,0.347757637499,0.938053539343
196.018,518.181,227.0,0.60497070534,0.347757637499,0.938053539343
195.389,521.375,227.0,0.60497070534,0.347757637499,0.938053539343
194.65,524.559,227.0,0.60497070534,0.347757637499,0.938053539343
193.832,527.736,227.0,0.60497070534,0.347757637499,0.938053539343
192.965,530.908,227.0,0.60497070534,0.347757637499,0.938053539343
