202.953,523.636,228.0,0.795439398097,0.473813528713,0.879504828594
204.207,520.471,228.0,0.795439398097,0.473813528713,0.879504828594
205.72,517.774,228.0,0.795439398097,0.473813528713,0.879504828594
207.129,515.015,228.0,0.795439398097,0.473813528713,0.879504828594
208.513,512.271,228.0,0.795439398097,0.473813528713,0.879504828594
210.149,510.475,228.0,0.795439398097,0.473813528713,0.879504828594
211.521,507.66,228.0,0.795439398097,0.473813528713,0.879504828594
211.749,504.414,228.0,0.795439398097,0.473813528713,0.879504828594
213.017,501.6,228.0,0.795439398097,0.473813528713,0.879504828594
213.556,498.789,228.0,0.795439398097,0.473813528713,0.879504828594
214.454,496.343,228.0,0.795439398097,0.473813528713,0.879504828594
214.487,493.032,228.0,0.795439398097,0.473813528713,0.879504828594
214.486,489.688,228.0,0.795439398097,0.473813528713,0.879504828594
214.486,486.345,228.0,0.795439398097,0.473813528713,0.879504828594
214.489,483.001,228.0,0.795439398097,0.473813528713,0.879504828594
214.454,479.666,228.0,0.795439398097,0.473813528713,0.879504828594
213.02,476.656,228.0,0.795439398097,0.473813528713,0.879504828594
211.555,473.925,228.0,0.795439398097,0.473813528713,0.879504828594
211.184,470.951,228.0,0.795439398097,0.473813528713,0.879504828594
210.291,468.508,228.0,0.795439398097,0.473813528713,0.879504828594
208.649,466.842,228.0,0.795439398097,0.473813528713,0.879504828594
207.163,464.092,228.0,0.795439398097,0.473813528713,0.879504828594
204.859,461.732,228.0,0.795439398097,0.473813528713,0.879504828594
203.563,459.281,228.0,0.795439398097,0.473813528713,0.879504828594
202.028,457.006,228.0,0.795439398097,0.473813528713,0.879504828594
200.889,454.169,228.0,0.795439398097,0.473813528713,0.879504828594
198.351,451.881,228.0,0.795439398097,0.473813528713,0.879504828594
197.875,449.014,228.0,0.795439398097,0.473813528713,0.879504828594
196.281,446.902,228.0,0.795439398097,0.473813528713,0.879504828594
194.737,444.637,228.0,0.795439398097,0.473813528713,0.879504828594
194.035,442.002,228.0,0.795439398097,0.473813528713,0.879504828594
192.671,438.983,228.0,0.795439398097,0.473813528713,0.879504828594
190.199,436.653,228.0,0.795439398097,0.473813528713,0.879504828594
189.71,433.508,228.0,0.795439398097,0.473813528713,0.879504828594
188.048,430.848,228.0,0.795439398097,0.473813528713,0.879504828594
188.264,427.342,228.0,0.795439398097,0.473813528713,0.879504828594
186.326,425.947,228.0,0.795439398097,0.473813528713,0.879504828594
186.716,422.239,228.0,0.795439398097,0.473813528713,0.879504828594
185.132,419.547,228.0,0.795439398097,0.473813528713,0.879504828594
185.237,416.159,228.0,0.795439398097,0.473813528713,0.879504828594
185.205,412.829,228.0,0.795439398097,0.473813528713,0.879504828594
185.204,409.487,228.0,0.795439398097,0.473813528713,0.879504828594
185.204,406.143,228.0,0.795439398097,0.473813528713,0.879504828594
185.204,402.8,228.0,0.795439398097,0.473813528713,0.879504828594
185.204,399.457,228.0,0.795439398097,0.473813528713,0.879504828594
185.204,396.113,228.0,0.795439398097,0.473813528713,0.879504828594
185.204,392.77,228.0,0.795439398097,0.473813528713,0.879504828594
185.204,389.427,228.0,0.795439398097,0.473813528713,0.879504828594
185.211,386.091,228.0,0.795439398097,0.473813528713,0.879504828594
185.228,382.765,228.0,0.795439398097,0.473813528713,0.879504828594
186.054,380.247,228.0,0.795439398097,0.473813528713,0.879504828594
186.679,377.529,228.0,0.795439398097,0.473813528713,0.879504828594
186.847,374.353,228.0,0.795439398097,0.473813528713,0.879504828594
188.088,372.255,228.0,0.795439398097,0.473813528713,0.879504828594
188.04,368.913,228.0,0.795439398097,0.473813528713,0.879504828594
189.731,366.269,228.0,0.795439398097,0.473813528713,0.879504828594
190.401,363.216,228.0,0.795439398097,0.473813528713,0.879504828594
192.205,360.428,228.0,0.795439398097,0.473813528713,0.879504828594
193.875,357.463,228.0,0.795439398097,0.473813528713,0.879504828594
194.85,354.499,228.0,0.795439398097,0.473813528713,0.879504828594
195.43,351.394,228.0,0.795439398097,0.473813528713,0.879504828594
195.24,347.972,228.0,0.795439398097,0.473813528713,0.879504828594
196.783,345.268,228.0,0.795439398097,0.473813528713,0.879504828594
196.895,341.971,228.0,0.795439398097,0.473813528713,0.879504828594
196.936,338.645,228.0,0.795439398097,0.473813528713,0.879504828594
196.921,335.295,228.0,0.795439398097,0.473813528713,0.879504828594
196.917,331.95,228.0,0.795439398097,0.473813528713,0.879504828594
196.916,328.607,228.0,0.795439398097,0.473813528713,0.879504828594
196.893,325.273,228.0,0.795439398097,0.473813528713,0.879504828594
196.081,322.267,228.0,0.795439398097,0.473813528713,0.879504828594
195.516,319.157,228.0,0.795439398097,0.473813528713,0.879504828594
194.373,316.287,228.0,0.795439398097,0.473813528713,0.879504828594
194.061,313.073,228.0,0.795439398097,0.473813528713,0.879504828594
192.445,310.4,228.0,0.795439398097,0.473813528713,0.879504828594
191.432,307.476,228.0,0.795439398097,0.473813528713,0.879504828594
191.091,304.277,228.0,0.795439398097,0.473813528713,0.879504828594
189.651,301.28,228.0,0.795439398097,0.473813528713,0.879504828594
188.173,298.276,228.0,0.795439398097,0.473813528713,0.879504828594
186.72,295.529,228.0,0.795439398097,0.473813528713,0.879504828594
185.296,292.69,228.0,0.795439398097,0.473813528713,0.879504828594
183.733,290.946,228.0,0.795439398097,0.473813528713,0.879504828594
181.988,289.262,228.0,0.795439398097,0.473813528713,0.879504828594
180.298,286.542,228.0,0.795439398097,0.473813528713,0.879504828594
178.565,285.019,228.0,0.795439398097,0.473813528713,0.879504828594
175.787,283.485,228.0,0.795439398097,0.473813528713,0.879504828594
172.379,283.602,228.0,0.795439398097,0.473813528713,0.879504828594
169.054,283.613,228.0,0.795439398097,0.473813528713,0.879504828594
166.47,285.969,228.0,0.795439398097,0.473813528713,0.879504828594
164.739,288.542,228.0,0.795439398097,0.473813528713,0.879504828594
162.373,290.424,228.0,0.795439398097,0.473813528713,0.879504828594
161.284,293.196,228.0,0.795439398097,0.473813528713,0.879504828594
158.838,295.518,228.0,0.795439398097,0.473813528713,0.879504828594
157.379,298.257,228.0,0.795439398097,0.473813528713,0.879504828594
156.049,301.043,228.0,0.795439398097,0.473813528713,0.879504828594
154.523,304.017,228.0,0.795439398097,0.473813528713,0.879504828594
152.968,306.72,228.0,0.795439398097,0.473813528713,0.879504828594
152.94,310.052,228.0,0.795439398097,0.473813528713,0.879504828594
151.512,312.804,228.0,0.795439398097,0.473813528713,0.879504828594
150.196,315.601,228.0,0.795439398097,0.473813528713,0.879504828594
150.024,318.881,228.0,0.795439398097,0.473813528713,0.879504828594
148.572,321.883,228.0,0.795439398097,0.473813528713,0.879504828594
148.68,325.266,228.0,0.795439398097,0.473813528713,0.879504828594
147.038,327.928,228.0,0.795439398097,0.473813528713,0.879504828594
147.16,331.322,228.0,0.795439398097,0.473813528713,0.879504828594
147.135,334.655,228.0,0.795439398097,0.473813528713,0.879504828594
147.107,337.995,228.0,0.795439398097,0.473813528713,0.879504828594
146.195,341.226,228.0,0.795439398097,0.473813528713,0.879504828594
145.66,344.504,228.0,0.795439398097,0.473813528713,0.879504828594
145.673,347.848,228.0,0.795439398097,0.473813528713,0.879504828594
145.673,351.192,228.0,0.795439398097,0.473813528713,0.879504828594
145.673,354.535,228.0,0.795439398097,0.473813528713,0.879504828594
145.673,357.878,228.0,0.795439398097,0.473813528713,0.879504828594
145.673,361.222,228.0,0.795439398097,0.473813528713,0.879504828594
145.673,364.565,228.0,0.795439398097,0.473813528713,0.879504828594
145.673,367.908,228.0,0.795439398097,0.473813528713,0.879504828594
145.673,371.251,228.0,0.795439398097,0.473813528713,0.879504828594
145.671,374.595,228.0,0.795439398097,0.473813528713,0.879504828594
145.582,377.975,228.0,0.795439398097,0.473813528713,0.879504828594
146.43,380.968,228.0,0.795439398097,0.473813528713,0.879504828594
147.085,384.04,228.0,0.795439398097,0.473813528713,0.879504828594
148.092,386.964,228.0,0.795439398097,0.473813528713,0.879504828594
148.534,390.13,228.0,0.795439398097,0.473813528713,0.879504828594
150.723,392.625,228.0,0.795439398097,0.473813528713,0.879504828594
151.475,395.861,228.0,0.795439398097,0.473813528713,0.879504828594
153.683,398.284,228.0,0.795439398097,0.473813528713,0.879504828594
154.382,401.341,228.0,0.795439398097,0.473813528713,0.879504828594
156.267,403.913,228.0,0.795439398097,0.473813528713,0.879504828594
158.547,406.55,228.0,0.795439398097,0.473813528713,0.879504828594
158.978,409.787,228.0,0.795439398097,0.473813528713,0.879504828594
161.414,412.193,228.0,0.795439398097,0.473813528713,0.879504828594
161.907,415.428,228.0,0.795439398097,0.473813528713,0.879504828594
164.709,416.851,228.0,0.795439398097,0.473813528713,0.879504828594
166.018,419.65,228.0,0.795439398097,0.473813528713,0.879504828594
168.038,422.236,228.0,0.795439398097,0.473813528713,0.879504828594
168.997,425.471,228.0,0.795439398097,0.473813528713,0.879504828594
171.227,428.035,228.0,0.795439398097,0.473813528713,0.879504828594
173.532,429.35,228.0,0.795439398097,0.473813528713,0.879504828594
175.611,431.898,228.0,0.795439398097,0.473813528713,0.879504828594
176.461,434.934,228.0,0.795439398097,0.473813528713,0.879504828594
178.381,437.642,228.0,0.795439398097,0.473813528713,0.879504828594
181.287,439.195,228.0,0.795439398097,0.473813528713,0.879504828594
183.059,442.069,228.0,0.795439398097,0.473813528713,0.879504828594
185.196,444.641,228.0,0.795439398097,0.473813528713,0.879504828594
186.704,447.359,228.0,0.795439398097,0.473813528713,0.879504828594
187.941,450.19,228.0,0.795439398097,0.473813528713,0.879504828594
189.038,453.078,228.0,0.795439398097,0.473813528713,0.879504828594
191.088,455.568,228.0,0.795439398097,0.473813528713,0.879504828594
192.423,458.53,228.0,0.795439398097,0.473813528713,0.879504828594
194.011,461.372,228.0,0.795439398097,0.473813528713,0.879504828594
194.97,464.53,228.0,0.795439398097,0.473813528713,0.879504828594
197.354,466.934,228.0,0.795439398097,0.473813528713,0.879504828594
198.248,469.912,228.0,0.795439398097,0.473813528713,0.879504828594
199.869,472.582,228.0,0.795439398097,0.473813528713,0.879504828594
201.284,475.34,228.0,0.795439398097,0.473813528713,0.879504828594
202.082,478.491,228.0,0.795439398097,0.473813528713,0.879504828594
202.674,481.736,228.0,0.795439398097,0.473813528713,0.879504828594
204.412,484.347,228.0,0.795439398097,0.473813528713,0.879504828594
205.721,487.403,228.0,0.795439398097,0.473813528713,0.879504828594
205.703,490.748,228.0,0.795439398097,0.473813528713,0.879504828594
205.701,494.091,228.0,0.795439398097,0.473813528713,0.879504828594
205.701,497.435,228.0,0.795439398097,0.473813528713,0.879504828594
205.702,500.778,228.0,0.795439398097,0.473813528713,0.879504828594
205.711,504.131,228.0,0.795439398097,0.473813528713,0.879504828594
205.762,507.53,228.0,0.795439398097,0.473813528713,0.879504828594
202.94,508.737,228.0,0.795439398097,0.473813528713,0.879504828594
201.64,512.093,228.0,0.795439398097,0.473813528713,0.879504828594
201.044,515.428,228.0,0.795439398097,0.473813528713,0.879504828594
200.949,518.747,228.0,0.795439398097,0.473813528713,0.879504828594
201.156,522.056,228.0,0.795439398097,0.473813528713,0.879504828594
