195.106,532.604,231.0,0.795439398097,0.473813528713,0.879504828594
197.906,531.329,231.0,0.795439398097,0.473813528713,0.879504828594
199.837,529.711,231.0,0.795439398097,0.473813528713,0.879504828594
202.211,527.368,231.0,0.795439398097,0.473813528713,0.879504828594
204.684,525.201,231.0,0.795439398097,0.473813528713,0.879504828594
206.512,523.695,231.0,0.795439398097,0.473813528713,0.879504828594
207.82,521.227,231.0,0.795439398097,0.473813528713,0.879504828594
210.07,518.783,231.0,0.795439398097,0.473813528713,0.879504828594
212.388,517.528,231.0,0.795439398097,0.473813528713,0.879504828594
212.867,513.762,231.0,0.795439398097,0.473813528713,0.879504828594
214.502,512.06,231.0,0.795439398097,0.473813528713,0.879504828594
216.092,510.29,231.0,0.795439398097,0.473813528713,0.879504828594
215.96,506.796,231.0,0.795439398097,0.473813528713,0.879504828594
215.952,503.428,231.0,0.795439398097,0.473813528713,0.879504828594
215.949,500.066,231.0,0.795439398097,0.473813528713,0.879504828594
215.914,496.74,231.0,0.795439398097,0.473813528713,0.879504828594
214.825,494.467,231.0,0.795439398097,0.473813528713,0.879504828594
214.456,491.48,231.0,0.795439398097,0.473813528713,0.879504828594
211.582,490.156,231.0,0.795439398097,0.473813528713,0.879504828594
210.421,487.171,231.0,0.795439398097,0.473813528713,0.879504828594
208.602,485.502,231.0,0.795439398097,0.473813528713,0.879504828594
206.111,483.193,231.0,0.795439398097,0.473813528713,0.879504828594
203.67,480.831,231.0,0.795439398097,0.473813528713,0.879504828594
202.641,477.839,231.0,0.795439398097,0.473813528713,0.879504828594
199.786,476.653,231.0,0.795439398097,0.473813528713,0.879504828594
198.364,473.796,231.0,0.795439398097,0.473813528713,0.879504828594
196.871,471.948,231.0,0.795439398097,0.473813528713,0.879504828594
195.326,470.126,231.0,0.795439398097,0.473813528713,0.879504828594
194.71,466.926,231.0,0.795439398097,0.473813528713,0.879504828594
193.959,463.665,231.0,0.795439398097,0.473813528713,0.879504828594
192.571,461.694,231.0,0.795439398097,0.473813528713,0.879504828594
192.623,458.334,231.0,0.795439398097,0.473813528713,0.879504828594
190.962,455.66,231.0,0.795439398097,0.473813528713,0.879504828594
190.746,452.32,231.0,0.795439398097,0.473813528713,0.879504828594
189.607,449.136,231.0,0.795439398097,0.473813528713,0.879504828594
189.638,445.759,231.0,0.795439398097,0.473813528713,0.879504828594
188.081,443.044,231.0,0.795439398097,0.473813528713,0.879504828594
188.125,439.665,231.0,0.795439398097,0.473813528713,0.879504828594
188.132,436.301,231.0,0.795439398097,0.473813528713,0.879504828594
188.132,432.94,231.0,0.795439398097,0.473813528713,0.879504828594
188.132,429.579,231.0,0.795439398097,0.473813528713,0.879504828594
188.132,426.218,231.0,0.795439398097,0.473813528713,0.879504828594
188.131,422.859,231.0,0.795439398097,0.473813528713,0.879504828594
188.182,419.447,231.0,0.795439398097,0.473813528713,0.879504828594
187.41,416.858,231.0,0.795439398097,0.473813528713,0.879504828594
186.823,414.084,231.0,0.795439398097,0.473813528713,0.879504828594
185.218,412.328,231.0,0.795439398097,0.473813528713,0.879504828594
185.188,408.986,231.0,0.795439398097,0.473813528713,0.879504828594
184.537,405.897,231.0,0.795439398097,0.473813528713,0.879504828594
183.763,402.857,231.0,0.795439398097,0.473813528713,0.879504828594
183.742,399.507,231.0,0.795439398097,0.473813528713,0.879504828594
183.706,396.111,231.0,0.795439398097,0.473813528713,0.879504828594
185.579,394.623,231.0,0.795439398097,0.473813528713,0.879504828594
185.025,390.708,231.0,0.795439398097,0.473813528713,0.879504828594
186.666,388.988,231.0,0.795439398097,0.473813528713,0.879504828594
187.069,386.03,231.0,0.795439398097,0.473813528713,0.879504828594
187.948,383.552,231.0,0.795439398097,0.473813528713,0.879504828594
189.773,382.136,231.0,0.795439398097,0.473813528713,0.879504828594
190.883,378.998,231.0,0.795439398097,0.473813528713,0.879504828594
191.117,375.744,231.0,0.795439398097,0.473813528713,0.879504828594
192.51,372.96,231.0,0.795439398097,0.473813528713,0.879504828594
194.019,370.224,231.0,0.795439398097,0.473813528713,0.879504828594
193.996,366.86,231.0,0.795439398097,0.473813528713,0.879504828594
193.845,363.345,231.0,0.795439398097,0.473813528713,0.879504828594
195.564,361.69,231.0,0.795439398097,0.473813528713,0.879504828594
196.596,358.708,231.0,0.795439398097,0.473813528713,0.879504828594
197.399,355.581,231.0,0.795439398097,0.473813528713,0.879504828594
198.384,352.464,231.0,0.795439398097,0.473813528713,0.879504828594
198.392,349.106,231.0,0.795439398097,0.473813528713,0.879504828594
198.407,345.752,231.0,0.795439398097,0.473813528713,0.879504828594
199.292,342.758,231.0,0.795439398097,0.473813528713,0.879504828594
199.83,339.62,231.0,0.795439398097,0.473813528713,0.879504828594
199.847,336.265,231.0,0.795439398097,0.473813528713,0.879504828594
198.937,333.119,231.0,0.795439398097,0.473813528713,0.879504828594
198.374,329.894,231.0,0.795439398097,0.473813528713,0.879504828594
197.689,326.815,231.0,0.795439398097,0.473813528713,0.879504828594
196.945,323.762,231.0,0.795439398097,0.473813528713,0.879504828594
196.974,320.389,231.0,0.795439398097,0.473813528713,0.879504828594
195.149,317.785,231.0,0.795439398097,0.473813528713,0.879504828594
195.433,314.306,231.0,0.795439398097,0.473813528713,0.879504828594
193.974,311.55,231.0,0.795439398097,0.473813528713,0.879504828594
193.993,308.181,231.0,0.795439398097,0.473813528713,0.879504828594
194.071,304.788,231.0,0.795439398097,0.473813528713,0.879504828594
192.316,302.155,231.0,0.795439398097,0.473813528713,0.879504828594
192.552,298.688,231.0,0.795439398097,0.473813528713,0.879504828594
192.546,295.324,231.0,0.795439398097,0.473813528713,0.879504828594
191.158,293.382,231.0,0.795439398097,0.473813528713,0.879504828594
189.572,290.676,231.0,0.795439398097,0.473813528713,0.879504828594
187.43,289.252,231.0,0.795439398097,0.473813528713,0.879504828594
186.325,286.402,231.0,0.795439398097,0.473813528713,0.879504828594
182.876,286.476,231.0,0.795439398097,0.473813528713,0.879504828594
180.845,285.145,231.0,0.795439398097,0.473813528713,0.879504828594
177.573,285.027,231.0,0.795439398097,0.473813528713,0.879504828594
174.481,286.194,231.0,0.795439398097,0.473813528713,0.879504828594
171.42,287.084,231.0,0.795439398097,0.473813528713,0.879504828594
168.435,288.202,231.0,0.795439398097,0.473813528713,0.879504828594
167.27,290.994,231.0,0.795439398097,0.473813528713,0.879504828594
164.511,292.641,231.0,0.795439398097,0.473813528713,0.879504828594
162.063,294.942,231.0,0.795439398097,0.473813528713,0.879504828594
160.521,297.923,231.0,0.795439398097,0.473813528713,0.879504828594
158.235,300.353,231.0,0.795439398097,0.473813528713,0.879504828594
155.902,302.751,231.0,0.795439398097,0.473813528713,0.879504828594
154.494,305.529,231.0,0.795439398097,0.473813528713,0.879504828594
151.945,307.833,231.0,0.795439398097,0.473813528713,0.879504828594
150.927,310.759,231.0,0.795439398097,0.473813528713,0.879504828594
148.781,313.448,231.0,0.795439398097,0.473813528713,0.879504828594
148.67,316.819,231.0,0.795439398097,0.473813528713,0.879504828594
146.382,319.234,231.0,0.795439398097,0.473813528713,0.879504828594
145.312,322.157,231.0,0.795439398097,0.473813528713,0.879504828594
144.327,325.158,231.0,0.795439398097,0.473813528713,0.879504828594
142.324,326.55,231.0,0.795439398097,0.473813528713,0.879504828594
142.798,330.339,231.0,0.795439398097,0.473813528713,0.879504828594
141.241,333.051,231.0,0.795439398097,0.473813528713,0.879504828594
141.296,336.434,231.0,0.795439398097,0.473813528713,0.879504828594
139.838,339.191,231.0,0.795439398097,0.473813528713,0.879504828594
139.954,342.579,231.0,0.795439398097,0.473813528713,0.879504828594
139.029,345.769,231.0,0.795439398097,0.473813528713,0.879504828594
138.337,349.025,231.0,0.795439398097,0.473813528713,0.879504828594
138.353,352.388,231.0,0.795439398097,0.473813528713,0.879504828594
138.407,355.772,231.0,0.795439398097,0.473813528713,0.879504828594
136.818,358.475,231.0,0.795439398097,0.473813528713,0.879504828594
136.746,361.836,231.0,0.795439398097,0.473813528713,0.879504828594
135.553,365.005,231.0,0.795439398097,0.473813528713,0.879504828594
135.422,368.35,231.0,0.795439398097,0.473813528713,0.879504828594
135.463,371.726,231.0,0.795439398097,0.473813528713,0.879504828594
134.959,374.877,231.0,0.795439398097,0.473813528713,0.879504828594
133.821,377.767,231.0,0.795439398097,0.473813528713,0.879504828594
133.956,381.183,231.0,0.795439398097,0.473813528713,0.879504828594
133.961,384.546,231.0,0.795439398097,0.473813528713,0.879504828594
133.961,387.907,231.0,0.795439398097,0.473813528713,0.879504828594
133.961,391.268,231.0,0.795439398097,0.473813528713,0.879504828594
133.962,394.628,231.0,0.795439398097,0.473813528713,0.879504828594
133.937,397.999,231.0,0.795439398097,0.473813528713,0.879504828594
135.433,400.741,231.0,0.795439398097,0.473813528713,0.879504828594
135.638,404.01,231.0,0.795439398097,0.473813528713,0.879504828594
137.728,406.648,231.0,0.795439398097,0.473813528713,0.879504828594
139.631,409.354,231.0,0.795439398097,0.473813528713,0.879504828594
141.947,411.886,231.0,0.795439398097,0.473813528713,0.879504828594
144.857,412.908,231.0,0.795439398097,0.473813528713,0.879504828594
147.146,415.467,231.0,0.795439398097,0.473813528713,0.879504828594
149.049,417.05,231.0,0.795439398097,0.473813528713,0.879504828594
152.043,418.929,231.0,0.795439398097,0.473813528713,0.879504828594
153.395,421.254,231.0,0.795439398097,0.473813528713,0.879504828594
155.23,422.749,231.0,0.795439398097,0.473813528713,0.879504828594
157.993,424.614,231.0,0.795439398097,0.473813528713,0.879504828594
159.332,427.123,231.0,0.795439398097,0.473813528713,0.879504828594
160.686,429.514,231.0,0.795439398097,0.473813528713,0.879504828594
163.294,430.687,231.0,0.795439398097,0.473813528713,0.879504828594
165.318,433.259,231.0,0.795439398097,0.473813528713,0.879504828594
166.563,435.907,231.0,0.795439398097,0.473813528713,0.879504828594
168.16,438.022,231.0,0.795439398097,0.473813528713,0.879504828594
169.139,440.979,231.0,0.795439398097,0.473813528713,0.879504828594
171.255,443.694,231.0,0.795439398097,0.473813528713,0.879504828594
172.263,446.624,231.0,0.795439398097,0.473813528713,0.879504828594
174.914,448.885,231.0,0.795439398097,0.473813528713,0.879504828594
176.119,451.737,231.0,0.795439398097,0.473813528713,0.879504828594
177.875,454.631,231.0,0.795439398097,0.473813528713,0.879504828594
178.94,457.56,231.0,0.795439398097,0.473813528713,0.879504828594
180.762,460.168,231.0,0.795439398097,0.473813528713,0.879504828594
182.288,462.896,231.0,0.795439398097,0.473813528713,0.879504828594
183.864,465.603,231.0,0.795439398097,0.473813528713,0.879504828594
184.453,468.69,231.0,0.795439398097,0.473813528713,0.879504828594
185.858,471.068,231.0,0.795439398097,0.473813528713,0.879504828594
188.067,473.234,231.0,0.795439398097,0.473813528713,0.879504828594
188.078,476.703,231.0,0.795439398097,0.473813528713,0.879504828594
189.679,479.381,231.0,0.795439398097,0.473813528713,0.879504828594
191.111,481.285,231.0,0.795439398097,0.473813528713,0.879504828594
191.388,484.532,231.0,0.795439398097,0.473813528713,0.879504828594
192.295,487.786,231.0,0.795439398097,0.473813528713,0.879504828594
194.117,489.217,231.0,0.795439398097,0.473813528713,0.879504828594
193.921,492.733,231.0,0.795439398097,0.473813528713,0.879504828594
195.512,495.437,231.0,0.795439398097,0.473813528713,0.879504828594
195.452,498.823,231.0,0.795439398097,0.473813528713,0.879504828594
196.838,501.609,231.0,0.795439398097,0.473813528713,0.879504828594
196.922,504.935,231.0,0.795439398097,0.473813528713,0.879504828594
196.915,508.296,231.0,0.795439398097,0.473813528713,0.879504828594
196.884,511.626,231.0,0.795439398097,0.473813528713,0.879504828594
195.373,513.476,231.0,0.795439398097,0.473813528713,0.879504828594
195.617,517.082,231.0,0.795439398097,0.473813528713,0.879504828594
193.868,518.707,231.0,0.795439398097,0.473813528713,0.879504828594
193.202,521.988,231.0,0.795439398097,0.473813528713,0.879504828594
191.088,523.444,231.0,0.795439398097,0.473813528713,0.879504828594
189.584,526.185,231.0,0.795439398097,0.473813528713,0.879504828594
187.101,527.99,231.0,0.795439398097,0.473813528713,0.879504828594
185.418,529.621,231.0,0.795439398097,0.473813528713,0.879504828594
183.525,531.088,231.0,0.795439398097,0.473813528713,0.879504828594
181.599,532.533,231.0,0.795439398097,0.473813528713,0.879504828594
180.17,534.831,231.0,0.795439398097,0.473813528713,0.879504828594
177.5,536.896,231.0,0.795439398097,0.473813528713,0.879504828594
176.605,539.329,231.0,0.795439398097,0.473813528713,0.879504828594
174.915,540.997,231.0,0.795439398097,0.473813528713,0.879504828594
174.81,544.253,231.0,0.795439398097,0.473813528713,0.879504828594
173.533,546.362,231.0,0.795439398097,0.473813528713,0.879504828594
173.712,548.724,231.0,0.795439398097,0.473813528713,0.879504828594
174.961,549.359,231.0,0.795439398097,0.473813528713,0.879504828594
177.145,548.54,231.0,0.795439398097,0.473813528713,0.879504828594
180.095,546.532,231.0,0.795439398097,0.473813528713,0.879504828594
183.639,543.6,231.0,0.795439398097,0.473813528713,0.879504828594
187.609,540.007,231.0,0.795439398097,0.473813528713,0.879504828594
191.834,536.018,231.0,0.795439398097,0.473813528713,0.879504828594
