196.095,539.732,232.0,0.60497070534,0.347757637499,0.938053539343
198.082,537.147,232.0,0.60497070534,0.347757637499,0.938053539343
200.265,534.701,232.0,0.60497070534,0.347757637499,0.938053539343
201.83,531.829,232.0,0.60497070534,0.347757637499,0.938053539343
204.241,529.541,232.0,0.60497070534,0.347757637499,0.938053539343
205.617,526.81,232.0,0.60497070534,0.347757637499,0.938053539343
206.891,524.036,232.0,0.60497070534,0.347757637499,0.938053539343
207.139,520.838,232.0,0.60497070534,0.347757637499,0.938053539343
208.69,518.179,232.0,0.60497070534,0.347757637499,0.938053539343
209.781,515.329,232.0,0.60497070534,0.347757637499,0.938053539343
210.082,512.15,232.0,0.60497070534,0.347757637499,0.938053539343
210.258,509.021,232.0,0.60497070534,0.347757637499,0.938053539343
211.516,506.977,232.0,0.60497070534,0.347757637499,0.938053539343
211.556,503.716,232.0,0.60497070534,0.347757637499,0.938053539343
211.557,500.418,232.0,0.60497070534,0.347757637499,0.938053539343
211.592,497.099,232.0,0.60497070534,0.347757637499,0.938053539343
210.093,494.421,232.0,0.60497070534,0.347757637499,0.938053539343
208.562,492.649,232.0,0.60497070534,0.347757637499,0.938053539343
207.053,490.912,232.0,0.60497070534,0.347757637499,0.938053539343
205.058,488.64,232.0,0.60497070534,0.347757637499,0.938053539343
203.436,487.052,232.0,0.60497070534,0.347757637499,0.938053539343
200.747,485.2,232.0,0.60497070534,0.347757637499,0.938053539343
199.544,482.625,232.0,0.60497070534,0.347757637499,0.938053539343
196.8,481.082,232.0,0.60497070534,0.347757637499,0.938053539343
194.263,479.11,232.0,0.60497070534,0.347757637499,0.938053539343
191.264,477.452,232.0,0.60497070534,0.347757637499,0.938053539343
189.781,475.449,232.0,0.60497070534,0.347757637499,0.938053539343
188.406,472.816,232.0,0.60497070534,0.347757637499,0.938053539343
187.164,470.046,232.0,0.60497070534,0.347757637499,0.938053539343
186.731,466.932,232.0,0.60497070534,0.347757637499,0.938053539343
185.247,463.992,232.0,0.60497070534,0.347757637499,0.938053539343
184.073,461.164,232.0,0.60497070534,0.347757637499,0.938053539343
183.732,458.002,232.0,0.60497070534,0.347757637499,0.938053539343
183.615,454.749,232.0,0.60497070534,0.347757637499,0.938053539343
182.284,452.0,232.0,0.60497070534,0.347757637499,0.938053539343
180.539,449.421,232.0,0.60497070534,0.347757637499,0.938053539343
180.807,446.009,232.0,0.60497070534,0.347757637499,0.938053539343
180.536,442.82,232.0,0.60497070534,0.347757637499,0.938053539343
179.366,440.003,232.0,0.60497070534,0.347757637499,0.938053539343
179.349,436.709,232.0,0.60497070534,0.347757637499,0.938053539343
179.347,433.408,232.0,0.60497070534,0.347757637499,0.938053539343
179.323,430.083,232.0,0.60497070534,0.347757637499,0.938053539343
179.29,426.749,232.0,0.60497070534,0.347757637499,0.938053539343
180.967,425.124,232.0,0.60497070534,0.347757637499,0.938053539343
180.819,421.675,232.0,0.60497070534,0.347757637499,0.938053539343
180.812,418.367,232.0,0.60497070534,0.347757637499,0.938053539343
180.807,415.067,232.0,0.60497070534,0.347757637499,0.938053539343
180.789,411.774,232.0,0.60497070534,0.347757637499,0.938053539343
180.07,408.77,232.0,0.60497070534,0.347757637499,0.938053539343
179.37,405.759,232.0,0.60497070534,0.347757637499,0.938053539343
179.348,402.466,232.0,0.60497070534,0.347757637499,0.938053539343
179.352,399.167,232.0,0.60497070534,0.347757637499,0.938053539343
179.364,395.871,232.0,0.60497070534,0.347757637499,0.938053539343
179.915,392.798,232.0,0.60497070534,0.347757637499,0.938053539343
180.808,389.867,232.0,0.60497070534,0.347757637499,0.938053539343
181.528,386.864,232.0,0.60497070534,0.347757637499,0.938053539343
182.713,384.053,232.0,0.60497070534,0.347757637499,0.938053539343
183.638,381.135,232.0,0.60497070534,0.347757637499,0.938053539343
185.236,378.493,232.0,0.60497070534,0.347757637499,0.938053539343
186.677,375.786,232.0,0.60497070534,0.347757637499,0.938053539343
188.305,374.11,232.0,0.60497070534,0.347757637499,0.938053539343
188.705,370.897,232.0,0.60497070534,0.347757637499,0.938053539343
189.897,368.08,232.0,0.60497070534,0.347757637499,0.938053539343
191.048,365.255,232.0,0.60497070534,0.347757637499,0.938053539343
191.504,362.142,232.0,0.60497070534,0.347757637499,0.938053539343
192.503,359.254,232.0,0.60497070534,0.347757637499,0.938053539343
192.455,355.946,232.0,0.60497070534,0.347757637499,0.938053539343
193.645,352.931,232.0,0.60497070534,0.347757637499,0.938053539343
195.308,349.998,232.0,0.60497070534,0.347757637499,0.938053539343
195.353,346.652,232.0,0.60497070534,0.347757637499,0.938053539343
196.893,344.889,232.0,0.60497070534,0.347757637499,0.938053539343
196.914,341.608,232.0,0.60497070534,0.347757637499,0.938053539343
196.932,338.294,232.0,0.60497070534,0.347757637499,0.938053539343
196.927,334.999,232.0,0.60497070534,0.347757637499,0.938053539343
196.759,331.865,232.0,0.60497070534,0.347757637499,0.938053539343
195.495,329.829,232.0,0.60497070534,0.347757637499,0.938053539343
195.462,326.565,232.0,0.60497070534,0.347757637499,0.938053539343
195.502,323.248,232.0,0.60497070534,0.347757637499,0.938053539343
194.023,320.561,232.0,0.60497070534,0.347757637499,0.938053539343
192.396,317.958,232.0,0.60497070534,0.347757637499,0.938053539343
191.242,315.858,232.0,0.60497070534,0.347757637499,0.938053539343
191.079,312.722,232.0,0.60497070534,0.347757637499,0.938053539343
189.263,311.236,232.0,0.60497070534,0.347757637499,0.938053539343
189.794,307.404,232.0,0.60497070534,0.347757637499,0.938053539343
188.091,305.806,232.0,0.60497070534,0.347757637499,0.938053539343
188.135,302.461,232.0,0.60497070534,0.347757637499,0.938053539343
188.205,299.128,232.0,0.60497070534,0.347757637499,0.938053539343
186.604,296.454,232.0,0.60497070534,0.347757637499,0.938053539343
185.962,293.872,232.0,0.60497070534,0.347757637499,0.938053539343
184.766,291.331,232.0,0.60497070534,0.347757637499,0.938053539343
182.302,290.079,232.0,0.60497070534,0.347757637499,0.938053539343
180.001,288.809,232.0,0.60497070534,0.347757637499,0.938053539343
178.566,285.58,232.0,0.60497070534,0.347757637499,0.938053539343
176.226,283.27,232.0,0.60497070534,0.347757637499,0.938053539343
174.697,280.371,232.0,0.60497070534,0.347757637499,0.938053539343
172.383,277.934,232.0,0.60497070534,0.347757637499,0.938053539343
169.169,277.751,232.0,0.60497070534,0.347757637499,0.938053539343
167.438,279.308,232.0,0.60497070534,0.347757637499,0.938053539343
165.127,280.951,232.0,0.60497070534,0.347757637499,0.938053539343
162.751,283.13,232.0,0.60497070534,0.347757637499,0.938053539343
160.8,285.534,232.0,0.60497070534,0.347757637499,0.938053539343
158.76,288.117,232.0,0.60497070534,0.347757637499,0.938053539343
157.24,291.052,232.0,0.60497070534,0.347757637499,0.938053539343
155.935,293.806,232.0,0.60497070534,0.347757637499,0.938053539343
154.502,296.518,232.0,0.60497070534,0.347757637499,0.938053539343
153.067,299.307,232.0,0.60497070534,0.347757637499,0.938053539343
151.076,300.616,232.0,0.60497070534,0.347757637499,0.938053539343
151.403,304.27,232.0,0.60497070534,0.347757637499,0.938053539343
150.066,307.023,232.0,0.60497070534,0.347757637499,0.938053539343
149.743,310.0,232.0,0.60497070534,0.347757637499,0.938053539343
148.633,312.199,232.0,0.60497070534,0.347757637499,0.938053539343
148.304,315.413,232.0,0.60497070534,0.347757637499,0.938053539343
147.137,318.519,232.0,0.60497070534,0.347757637499,0.938053539343
145.925,321.324,232.0,0.60497070534,0.347757637499,0.938053539343
145.675,324.523,232.0,0.60497070534,0.347757637499,0.938053539343
145.668,327.822,232.0,0.60497070534,0.347757637499,0.938053539343
145.467,331.076,232.0,0.60497070534,0.347757637499,0.938053539343
144.083,334.05,232.0,0.60497070534,0.347757637499,0.938053539343
144.223,337.386,232.0,0.60497070534,0.347757637499,0.938053539343
144.214,340.685,232.0,0.60497070534,0.347757637499,0.938053539343
142.714,343.364,232.0,0.60497070534,0.347757637499,0.938053539343
142.746,346.679,232.0,0.60497070534,0.347757637499,0.938053539343
142.727,349.972,232.0,0.60497070534,0.347757637499,0.938053539343
142.851,353.324,232.0,0.60497070534,0.347757637499,0.938053539343
141.216,355.942,232.0,0.60497070534,0.347757637499,0.938053539343
140.196,359.031,232.0,0.60497070534,0.347757637499,0.938053539343
139.736,362.205,232.0,0.60497070534,0.347757637499,0.938053539343
138.764,365.098,232.0,0.60497070534,0.347757637499,0.938053539343
138.421,368.257,232.0,0.60497070534,0.347757637499,0.938053539343
138.338,371.524,232.0,0.60497070534,0.347757637499,0.938053539343
138.352,374.831,232.0,0.60497070534,0.347757637499,0.938053539343
138.353,378.132,232.0,0.60497070534,0.347757637499,0.938053539343
138.353,381.434,232.0,0.60497070534,0.347757637499,0.938053539343
138.353,384.735,232.0,0.60497070534,0.347757637499,0.938053539343
138.334,388.044,232.0,0.60497070534,0.347757637499,0.938053539343
138.249,391.38,232.0,0.60497070534,0.347757637499,0.938053539343
139.832,394.026,232.0,0.60497070534,0.347757637499,0.938053539343
141.393,396.681,232.0,0.60497070534,0.347757637499,0.938053539343
141.807,399.812,232.0,0.60497070534,0.347757637499,0.938053539343
142.835,402.704,232.0,0.60497070534,0.347757637499,0.938053539343
145.026,405.347,232.0,0.60497070534,0.347757637499,0.938053539343
145.722,408.436,232.0,0.60497070534,0.347757637499,0.938053539343
147.408,411.295,232.0,0.60497070534,0.347757637499,0.938053539343
149.911,413.546,232.0,0.60497070534,0.347757637499,0.938053539343
150.905,416.445,232.0,0.60497070534,0.347757637499,0.938053539343
152.947,418.96,232.0,0.60497070534,0.347757637499,0.938053539343
155.117,420.14,232.0,0.60497070534,0.347757637499,0.938053539343
155.719,423.794,232.0,0.60497070534,0.347757637499,0.938053539343
157.382,426.463,232.0,0.60497070534,0.347757637499,0.938053539343
159.315,428.967,232.0,0.60497070534,0.347757637499,0.938053539343
161.687,431.295,232.0,0.60497070534,0.347757637499,0.938053539343
161.893,434.44,232.0,0.60497070534,0.347757637499,0.938053539343
163.043,436.59,232.0,0.60497070534,0.347757637499,0.938053539343
164.216,438.716,232.0,0.60497070534,0.347757637499,0.938053539343
164.693,441.539,232.0,0.60497070534,0.347757637499,0.938053539343
164.791,444.794,232.0,0.60497070534,0.347757637499,0.938053539343
166.181,447.52,232.0,0.60497070534,0.347757637499,0.938053539343
167.454,450.294,232.0,0.60497070534,0.347757637499,0.938053539343
167.614,453.528,232.0,0.60497070534,0.347757637499,0.938053539343
169.036,456.24,232.0,0.60497070534,0.347757637499,0.938053539343
169.058,459.56,232.0,0.60497070534,0.347757637499,0.938053539343
170.751,461.165,232.0,0.60497070534,0.347757637499,0.938053539343
171.526,463.691,232.0,0.60497070534,0.347757637499,0.938053539343
172.071,466.448,232.0,0.60497070534,0.347757637499,0.938053539343
173.619,468.201,232.0,0.60497070534,0.347757637499,0.938053539343
174.102,471.018,232.0,0.60497070534,0.347757637499,0.938053539343
174.768,473.651,232.0,0.60497070534,0.347757637499,0.938053539343
176.403,475.302,232.0,0.60497070534,0.347757637499,0.938053539343
177.783,478.123,232.0,0.60497070534,0.347757637499,0.938053539343
179.374,479.81,232.0,0.60497070534,0.347757637499,0.938053539343
180.914,481.667,232.0,0.60497070534,0.347757637499,0.938053539343
183.613,483.807,232.0,0.60497070534,0.347757637499,0.938053539343
184.704,486.613,232.0,0.60497070534,0.347757637499,0.938053539343
186.184,489.796,232.0,0.60497070534,0.347757637499,0.938053539343
188.102,491.236,232.0,0.60497070534,0.347757637499,0.938053539343
189.506,494.071,232.0,0.60497070534,0.347757637499,0.938053539343
191.08,495.761,232.0,0.60497070534,0.347757637499,0.938053539343
191.178,499.035,232.0,0.60497070534,0.347757637499,0.938053539343
192.756,501.68,232.0,0.60497070534,0.347757637499,0.938053539343
192.531,505.076,232.0,0.60497070534,0.347757637499,0.938053539343
192.536,508.39,232.0,0.60497070534,0.347757637499,0.938053539343
192.656,511.812,232.0,0.60497070534,0.347757637499,0.938053539343
191.073,513.528,232.0,0.60497070534,0.347757637499,0.938053539343
190.17,516.592,232.0,0.60497070534,0.347757637499,0.938053539343
189.654,519.798,232.0,0.60497070534,0.347757637499,0.938053539343
187.95,522.405,232.0,0.60497070534,0.347757637499,0.938053539343
186.693,525.442,232.0,0.60497070534,0.347757637499,0.938053539343
185.199,528.118,232.0,0.60497070534,0.347757637499,0.938053539343
183.827,530.849,232.0,0.60497070534,0.347757637499,0.938053539343
182.485,533.56,232.0,0.60497070534,0.347757637499,0.938053539343
180.854,535.387,232.0,0.60497070534,0.347757637499,0.938053539343
179.209,537.045,232.0,0.60497070534,0.347757637499,0.938053539343
179.302,540.439,232.0,0.60497070534,0.347757637499,0.938053539343
179.608,544.05,232.0,0.60497070534,0.347757637499,0.938053539343
177.867,545.613,232.0,0.60497070534,0.347757637499,0.938053539343
179.545,548.409,232.0,0.60497070534,0.347757637499,0.938053539343
182.135,549.054,232.0,0.60497070534,0.347757637499,0.938053539343
185.434,548.027,232.0,0.60497070534,0.347757637499,0.938053539343
189.239,545.805,232.0,0.60497070534,0.347757637499,0.938053539343
193.348,542.867,232.0,0.60497070534,0.347757637499,0.938053539343
