162.177,36.2416,233.0,0.795439398097,0.473813528713,0.879504828594
165.384,38.1925,233.0,0.795439398097,0.473813528713,0.879504828594
168.204,40.5375,233.0,0.795439398097,0.473813528713,0.879504828594
169.818,43.2088,233.0,0.795439398097,0.473813528713,0.879504828594
173.102,44.4961,233.0,0.795439398097,0.473813528713,0.879504828594
174.943,47.5366,233.0,0.795439398097,0.473813528713,0.879504828594
177.832,49.2987,233.0,0.795439398097,0.473813528713,0.879504828594
179.442,52.3367,233.0,0.795439398097,0.473813528713,0.879504828594
182.045,55.0107,233.0,0.795439398097,0.473813528713,0.879504828594
183.731,58.0581,233.0,0.795439398097,0.473813528713,0.879504828594
186.783,59.6303,233.0,0.795439398097,0.473813528713,0.879504828594
188.521,63.0328,233.0,0.795439398097,0.473813528713,0.879504828594
191.262,65.6001,233.0,0.795439398097,0.473813528713,0.879504828594
192.695,68.755,233.0,0.795439398097,0.473813528713,0.879504828594
195.494,71.3455,233.0,0.795439398097,0.473813528713,0.879504828594
198.137,74.0043,233.0,0.795439398097,0.473813528713,0.879504828594
200.381,76.9401,233.0,0.795439398097,0.473813528713,0.879504828594
202.714,79.8459,233.0,0.795439398097,0.473813528713,0.879504828594
204.42,81.9597,233.0,0.795439398097,0.473813528713,0.879504828594
205.281,85.4395,233.0,0.795439398097,0.473813528713,0.879504828594
205.757,88.9974,233.0,0.795439398097,0.473813528713,0.879504828594
208.344,91.8311,233.0,0.795439398097,0.473813528713,0.879504828594
209.211,95.326,233.0,0.795439398097,0.473813528713,0.879504828594
210.624,98.4944,233.0,0.795439398097,0.473813528713,0.879504828594
212.993,101.264,233.0,0.795439398097,0.473813528713,0.879504828594
214.479,104.398,233.0,0.795439398097,0.473813528713,0.879504828594
216.227,107.424,233.0,0.795439398097,0.473813528713,0.879504828594
215.973,111.28,233.0,0.795439398097,0.473813528713,0.879504828594
216.894,114.649,233.0,0.795439398097,0.473813528713,0.879504828594
217.413,118.184,233.0,0.795439398097,0.473813528713,0.879504828594
219.104,121.236,233.0,0.795439398097,0.473813528713,0.879504828594
220.295,124.431,233.0,0.795439398097,0.473813528713,0.879504828594
222.51,126.946,233.0,0.795439398097,0.473813528713,0.879504828594
225.492,129.35,233.0,0.795439398097,0.473813528713,0.879504828594
226.001,127.14,233.0,0.795439398097,0.473813528713,0.879504828594
227.569,124.937,233.0,0.795439398097,0.473813528713,0.879504828594
229.441,121.843,233.0,0.795439398097,0.473813528713,0.879504828594
231.836,119.694,233.0,0.795439398097,0.473813528713,0.879504828594
231.99,116.148,233.0,0.795439398097,0.473813528713,0.879504828594
233.481,112.927,233.0,0.795439398097,0.473813528713,0.879504828594
236.092,111.267,233.0,0.795439398097,0.473813528713,0.879504828594
237.802,108.08,233.0,0.795439398097,0.473813528713,0.879504828594
239.83,106.366,233.0,0.795439398097,0.473813528713,0.879504828594
241.629,103.919,233.0,0.795439398097,0.473813528713,0.879504828594
244.363,101.213,233.0,0.795439398097,0.473813528713,0.879504828594
247.602,99.9537,233.0,0.795439398097,0.473813528713,0.879504828594
250.409,97.6807,233.0,0.795439398097,0.473813528713,0.879504828594
253.35,95.8884,233.0,0.795439398097,0.473813528713,0.879504828594
257.052,97.7298,233.0,0.795439398097,0.473813528713,0.879504828594
260.435,99.1836,233.0,0.795439398097,0.473813528713,0.879504828594
264.214,99.1419,233.0,0.795439398097,0.473813528713,0.879504828594
267.892,99.4823,233.0,0.795439398097,0.473813528713,0.879504828594
268.586,103.04,233.0,0.795439398097,0.473813528713,0.879504828594
271.438,104.926,233.0,0.795439398097,0.473813528713,0.879504828594
273.84,106.96,233.0,0.795439398097,0.473813528713,0.879504828594
276.819,108.413,233.0,0.795439398097,0.473813528713,0.879504828594
279.666,110.754,233.0,0.795439398097,0.473813528713,0.879504828594
281.836,112.296,233.0,0.795439398097,0.473813528713,0.879504828594
285.39,112.779,233.0,0.795439398097,0.473813528713,0.879504828594
288.576,114.12,233.0,0.795439398097,0.473813528713,0.879504828594
292.491,113.754,233.0,0.795439398097,0.473813528713,0.879504828594
296.122,114.271,233.0,0.795439398097,0.473813528713,0.879504828594
299.653,115.248,233.0,0.795439398097,0.473813528713,0.879504828594
302.838,113.753,233.0,0.795439398097,0.473813528713,0.879504828594
304.686,111.366,233.0,0.795439398097,0.473813528713,0.879504828594
305.261,107.884,233.0,0.795439398097,0.473813528713,0.879504828594
305.259,104.134,233.0,0.795439398097,0.473813528713,0.879504828594
305.284,100.374,233.0,0.795439398097,0.473813528713,0.879504828594
303.658,97.3028,233.0,0.795439398097,0.473813528713,0.879504828594
303.274,93.6065,233.0,0.795439398097,0.473813528713,0.879504828594
302.247,90.1221,233.0,0.795439398097,0.473813528713,0.879504828594
299.515,87.5013,233.0,0.795439398097,0.473813528713,0.879504828594
297.922,84.411,233.0,0.795439398097,0.473813528713,0.879504828594
295.229,81.7749,233.0,0.795439398097,0.473813528713,0.879504828594
292.908,78.9251,233.0,0.795439398097,0.473813528713,0.879504828594
291.951,75.2134,233.0,0.795439398097,0.473813528713,0.879504828594
289.876,72.1033,233.0,0.795439398097,0.473813528713,0.879504828594
289.093,68.6877,233.0,0.795439398097,0.473813528713,0.879504828594
287.723,65.5044,233.0,0.795439398097,0.473813528713,0.879504828594
287.203,61.9692,233.0,0.795439398097,0.473813528713,0.879504828594
286.47,58.5118,233.0,0.795439398097,0.473813528713,0.879504828594
284.844,55.4741,233.0,0.795439398097,0.473813528713,0.879504828594
283.26,53.2291,233.0,0.795439398097,0.473813528713,0.879504828594
281.873,50.8706,233.0,0.795439398097,0.473813528713,0.879504828594
280.146,48.6398,233.0,0.795439398097,0.473813528713,0.879504828594
276.331,47.0958,233.0,0.795439398097,0.473813528713,0.879504828594
274.57,44.9571,233.0,0.795439398097,0.473813528713,0.879504828594
271.542,43.3843,233.0,0.795439398097,0.473813528713,0.879504828594
268.674,41.5679,233.0,0.795439398097,0.473813528713,0.879504828594
266.242,39.8776,233.0,0.795439398097,0.473813528713,0.879504828594
263.648,37.1302,233.0,0.795439398097,0.473813528713,0.879504828594
261.1,34.3068,233.0,0.795439398097,0.473813528713,0.879504828594
258.339,32.715,233.0,0.795439398097,0.473813528713,0.879504828594
256.34,29.6024,233.0,0.795439398097,0.473813528713,0.879504828594
253.01,28.3593,233.0,0.795439398097,0.473813528713,0.879504828594
251.286,25.9275,233.0,0.795439398097,0.473813528713,0.879504828594
248.403,23.4428,233.0,0.795439398097,0.473813528713,0.879504828594
246.845,20.3862,233.0,0.795439398097,0.473813528713,0.879504828594
245.15,18.2091,233.0,0.795439398097,0.473813528713,0.879504828594
242.469,17.1436,233.0,0.795439398097,0.473813528713,0.879504828594
238.75,17.1121,233.0,0.795439398097,0.473813528713,0.879504828594
234.982,17.13,233.0,0.795439398097,0.473813528713,0.879504828594
231.227,17.1411,233.0,0.795439398097,0.473813528713,0.879504828594
227.472,17.1527,233.0,0.795439398097,0.473813528713,0.879504828594
224.371,15.5807,233.0,0.795439398097,0.473813528713,0.879504828594
220.505,15.7484,233.0,0.795439398097,0.473813528713,0.879504828594
220.73,11.8237,233.0,0.795439398097,0.473813528713,0.879504828594
220.863,8.22721,233.0,0.795439398097,0.473813528713,0.879504828594
220.284,5.58167,233.0,0.795439398097,0.473813528713,0.879504828594
219.04,3.8257,233.0,0.795439398097,0.473813528713,0.879504828594
217.177,2.89796,233.0,0.795439398097,0.473813528713,0.879504828594
214.739,2.73709,233.0,0.795439398097,0.473813528713,0.879504828594
211.774,3.28175,233.0,0.795439398097,0.473813528713,0.879504828594
208.326,4.47058,233.0,0.795439398097,0.473813528713,0.879504828594
204.443,6.24224,233.0,0.795439398097,0.473813528713,0.879504828594
200.169,8.53537,233.0,0.795439398097,0.473813528713,0.879504828594
195.551,11.2886,233.0,0.795439398097,0.473813528713,0.879504828594
190.635,14.4407,233.0,0.795439398097,0.473813528713,0.879504828594
185.467,17.9301,233.0,0.795439398097,0.473813528713,0.879504828594
180.091,21.6956,233.0,0.795439398097,0.473813528713,0.879504828594
174.556,25.6759,233.0,0.795439398097,0.473813528713,0.879504828594
168.905,29.8095,233.0,0.795439398097,0.473813528713,0.879504828594
163.185,34.0352,233.0,0.795439398097,0.473813528713,0.879504828594
