179.068,24.4891,234.0,0.795439398097,0.473813528713,0.879504828594
177.412,26.6663,234.0,0.795439398097,0.473813528713,0.879504828594
174.632,28.8802,234.0,0.795439398097,0.473813528713,0.879504828594
171.957,30.6738,234.0,0.795439398097,0.473813528713,0.879504828594
171.327,33.9496,234.0,0.795439398097,0.473813528713,0.879504828594
170.673,37.2314,234.0,0.795439398097,0.473813528713,0.879504828594
169.044,40.1116,234.0,0.795439398097,0.473813528713,0.879504828594
169.101,43.6902,234.0,0.795439398097,0.473813528713,0.879504828594
169.097,47.2431,234.0,0.795439398097,0.473813528713,0.879504828594
169.098,50.7994,234.0,0.795439398097,0.473813528713,0.879504828594
170.813,53.7889,234.0,0.795439398097,0.473813528713,0.879504828594
174.157,54.2768,234.0,0.795439398097,0.473813528713,0.879504828594
177.117,56.2428,234.0,0.795439398097,0.473813528713,0.879504828594
179.834,58.4631,234.0,0.795439398097,0.473813528713,0.879504828594
182.984,60.0901,234.0,0.795439398097,0.473813528713,0.879504828594
185.404,62.7377,234.0,0.795439398097,0.473813528713,0.879504828594
187.937,65.2086,234.0,0.795439398097,0.473813528713,0.879504828594
190.779,66.8894,234.0,0.795439398097,0.473813528713,0.879504828594
192.49,69.6143,234.0,0.795439398097,0.473813528713,0.879504828594
194.811,72.3484,234.0,0.795439398097,0.473813528713,0.879504828594
197.561,73.7737,234.0,0.795439398097,0.473813528713,0.879504828594
199.921,75.7054,234.0,0.795439398097,0.473813528713,0.879504828594
201.334,78.7014,234.0,0.795439398097,0.473813528713,0.879504828594
203.865,81.2119,234.0,0.795439398097,0.473813528713,0.879504828594
205.652,84.0249,234.0,0.795439398097,0.473813528713,0.879504828594
207.19,86.935,234.0,0.795439398097,0.473813528713,0.879504828594
208.584,90.175,234.0,0.795439398097,0.473813528713,0.879504828594
208.65,93.7107,234.0,0.795439398097,0.473813528713,0.879504828594
209.403,96.9534,234.0,0.795439398097,0.473813528713,0.879504828594
210.081,100.227,234.0,0.795439398097,0.473813528713,0.879504828594
210.09,103.781,234.0,0.795439398097,0.473813528713,0.879504828594
210.141,107.284,234.0,0.795439398097,0.473813528713,0.879504828594
211.582,109.4,234.0,0.795439398097,0.473813528713,0.879504828594
213.596,111.194,234.0,0.795439398097,0.473813528713,0.879504828594
216.667,112.272,234.0,0.795439398097,0.473813528713,0.879504828594
220.237,112.404,234.0,0.795439398097,0.473813528713,0.879504828594
223.544,111.363,234.0,0.795439398097,0.473813528713,0.879504828594
227.002,110.913,234.0,0.795439398097,0.473813528713,0.879504828594
229.636,108.754,234.0,0.795439398097,0.473813528713,0.879504828594
232.08,106.241,234.0,0.795439398097,0.473813528713,0.879504828594
233.688,103.344,234.0,0.795439398097,0.473813528713,0.879504828594
236.881,101.521,234.0,0.795439398097,0.473813528713,0.879504828594
238.417,99.1053,234.0,0.795439398097,0.473813528713,0.879504828594
240.491,97.6616,234.0,0.795439398097,0.473813528713,0.879504828594
243.459,96.1611,234.0,0.795439398097,0.473813528713,0.879504828594
246.693,94.7314,234.0,0.795439398097,0.473813528713,0.879504828594
249.561,93.123,234.0,0.795439398097,0.473813528713,0.879504828594
253.152,92.8239,234.0,0.795439398097,0.473813528713,0.879504828594
256.555,91.7948,234.0,0.795439398097,0.473813528713,0.879504828594
260.061,91.6435,234.0,0.795439398097,0.473813528713,0.879504828594
263.096,90.3186,234.0,0.795439398097,0.473813528713,0.879504828594
265.991,91.8775,234.0,0.795439398097,0.473813528713,0.879504828594
269.582,91.7621,234.0,0.795439398097,0.473813528713,0.879504828594
273.02,92.3214,234.0,0.795439398097,0.473813528713,0.879504828594
276.491,93.2151,234.0,0.795439398097,0.473813528713,0.879504828594
279.585,94.1649,234.0,0.795439398097,0.473813528713,0.879504828594
281.75,95.9256,234.0,0.795439398097,0.473813528713,0.879504828594
283.455,97.7668,234.0,0.795439398097,0.473813528713,0.879504828594
286.4,99.4137,234.0,0.795439398097,0.473813528713,0.879504828594
289.53,100.445,234.0,0.795439398097,0.473813528713,0.879504828594
292.374,102.112,234.0,0.795439398097,0.473813528713,0.879504828594
295.043,101.172,234.0,0.795439398097,0.473813528713,0.879504828594
297.582,99.1989,234.0,0.795439398097,0.473813528713,0.879504828594
298.049,96.1475,234.0,0.795439398097,0.473813528713,0.879504828594
299.564,94.1066,234.0,0.795439398097,0.473813528713,0.879504828594
299.405,90.392,234.0,0.795439398097,0.473813528713,0.879504828594
299.371,86.869,234.0,0.795439398097,0.473813528713,0.879504828594
298.157,84.5303,234.0,0.795439398097,0.473813528713,0.879504828594
297.883,81.1668,234.0,0.795439398097,0.473813528713,0.879504828594
295.848,78.612,234.0,0.795439398097,0.473813528713,0.879504828594
293.242,76.5234,234.0,0.795439398097,0.473813528713,0.879504828594
291.458,73.5421,234.0,0.795439398097,0.473813528713,0.879504828594
288.903,71.0537,234.0,0.795439398097,0.473813528713,0.879504828594
286.583,68.3022,234.0,0.795439398097,0.473813528713,0.879504828594
285.916,64.9278,234.0,0.795439398097,0.473813528713,0.879504828594
283.457,62.1938,234.0,0.795439398097,0.473813528713,0.879504828594
282.599,58.9215,234.0,0.795439398097,0.473813528713,0.879504828594
281.149,55.9635,234.0,0.795439398097,0.473813528713,0.879504828594
279.67,53.0208,234.0,0.795439398097,0.473813528713,0.879504828594
278.21,50.0726,234.0,0.795439398097,0.473813528713,0.879504828594
277.102,47.0186,234.0,0.795439398097,0.473813528713,0.879504828594
274.195,44.5443,234.0,0.795439398097,0.473813528713,0.879504828594
271.217,43.2168,234.0,0.795439398097,0.473813528713,0.879504828594
268.272,41.7499,234.0,0.795439398097,0.473813528713,0.879504828594
265.32,40.2933,234.0,0.795439398097,0.473813528713,0.879504828594
262.234,39.165,234.0,0.795439398097,0.473813528713,0.879504828594
259.114,37.7221,234.0,0.795439398097,0.473813528713,0.879504828594
256.954,36.1717,234.0,0.795439398097,0.473813528713,0.879504828594
255.025,34.5775,234.0,0.795439398097,0.473813528713,0.879504828594
252.213,32.6118,234.0,0.795439398097,0.473813528713,0.879504828594
249.518,31.2593,234.0,0.795439398097,0.473813528713,0.879504828594
248.13,28.1007,234.0,0.795439398097,0.473813528713,0.879504828594
245.23,25.8192,234.0,0.795439398097,0.473813528713,0.879504828594
243.574,23.9283,234.0,0.795439398097,0.473813528713,0.879504828594
242.382,21.5629,234.0,0.795439398097,0.473813528713,0.879504828594
240.883,18.6779,234.0,0.795439398097,0.473813528713,0.879504828594
239.396,15.908,234.0,0.795439398097,0.473813528713,0.879504828594
235.649,15.6699,234.0,0.795439398097,0.473813528713,0.879504828594
232.089,15.666,234.0,0.795439398097,0.473813528713,0.879504828594
228.536,15.6636,234.0,0.795439398097,0.473813528713,0.879504828594
225.008,15.6362,234.0,0.795439398097,0.473813528713,0.879504828594
223.053,14.0353,234.0,0.795439398097,0.473813528713,0.879504828594
218.59,15.0051,234.0,0.795439398097,0.473813528713,0.879504828594
214.211,16.067,234.0,0.795439398097,0.473813528713,0.879504828594
210.095,17.0285,234.0,0.795439398097,0.473813528713,0.879504828594
206.218,17.8993,234.0,0.795439398097,0.473813528713,0.879504828594
202.554,18.6889,234.0,0.795439398097,0.473813528713,0.879504828594
199.079,19.4068,234.0,0.795439398097,0.473813528713,0.879504828594
195.767,20.0626,234.0,0.795439398097,0.473813528713,0.879504828594
192.594,20.6659,234.0,0.795439398097,0.473813528713,0.879504828594
189.533,21.2261,234.0,0.795439398097,0.473813528713,0.879504828594
186.56,21.753,234.0,0.795439398097,0.473813528713,0.879504828594
183.65,22.2559,234.0,0.795439398097,0.473813528713,0.879504828594
180.777,22.7445,234.0,0.795439398097,0.473813528713,0.879504828594
