183.74,463.586,239.0,0.795439398097,0.473813528713,0.879504828594
183.74,460.468,239.0,0.795439398097,0.473813528713,0.879504828594
183.74,457.349,239.0,0.795439398097,0.473813528713,0.879504828594
183.746,454.229,239.0,0.795439398097,0.473813528713,0.879504828594
183.886,451.053,239.0,0.795439398097,0.473813528713,0.879504828594
182.913,448.338,239.0,0.795439398097,0.473813528713,0.879504828594
181.923,445.63,239.0,0.795439398097,0.473813528713,0.879504828594
180.833,442.962,239.0,0.795439398097,0.473813528713,0.879504828594
180.898,439.768,239.0,0.795439398097,0.473813528713,0.879504828594
179.16,438.376,239.0,0.795439398097,0.473813528713,0.879504828594
179.619,434.942,239.0,0.795439398097,0.473813528713,0.879504828594
177.792,432.607,239.0,0.795439398097,0.473813528713,0.879504828594
177.543,429.593,239.0,0.795439398097,0.473813528713,0.879504828594
176.433,426.934,239.0,0.795439398097,0.473813528713,0.879504828594
176.484,423.759,239.0,0.795439398097,0.473813528713,0.879504828594
174.634,422.48,239.0,0.795439398097,0.473813528713,0.879504828594
175.087,418.974,239.0,0.795439398097,0.473813528713,0.879504828594
173.406,416.574,239.0,0.795439398097,0.473813528713,0.879504828594
173.213,413.532,239.0,0.795439398097,0.473813528713,0.879504828594
172.045,410.896,239.0,0.795439398097,0.473813528713,0.879504828594
170.444,409.376,239.0,0.795439398097,0.473813528713,0.879504828594
170.631,406.069,239.0,0.795439398097,0.473813528713,0.879504828594
170.566,403.017,239.0,0.795439398097,0.473813528713,0.879504828594
170.563,399.902,239.0,0.795439398097,0.473813528713,0.879504828594
170.563,396.784,239.0,0.795439398097,0.473813528713,0.879504828594
170.567,393.666,239.0,0.795439398097,0.473813528713,0.879504828594
170.819,390.592,239.0,0.795439398097,0.473813528713,0.879504828594
171.98,387.66,239.0,0.795439398097,0.473813528713,0.879504828594
173.321,384.838,239.0,0.795439398097,0.473813528713,0.879504828594
175.62,382.577,239.0,0.795439398097,0.473813528713,0.879504828594
176.276,379.381,239.0,0.795439398097,0.473813528713,0.879504828594
177.855,377.862,239.0,0.795439398097,0.473813528713,0.879504828594
179.473,376.366,239.0,0.795439398097,0.473813528713,0.879504828594
180.577,374.375,239.0,0.795439398097,0.473813528713,0.879504828594
182.294,371.883,239.0,0.795439398097,0.473813528713,0.879504828594
183.29,369.162,239.0,0.795439398097,0.473813528713,0.879504828594
184.621,367.066,239.0,0.795439398097,0.473813528713,0.879504828594
185.476,364.497,239.0,0.795439398097,0.473813528713,0.879504828594
186.74,361.783,239.0,0.795439398097,0.473813528713,0.879504828594
187.445,358.959,239.0,0.795439398097,0.473813528713,0.879504828594
188.018,356.079,239.0,0.795439398097,0.473813528713,0.879504828594
189.667,353.643,239.0,0.795439398097,0.473813528713,0.879504828594
189.603,350.499,239.0,0.795439398097,0.473813528713,0.879504828594
189.598,347.378,239.0,0.795439398097,0.473813528713,0.879504828594
189.609,344.263,239.0,0.795439398097,0.473813528713,0.879504828594
189.985,341.234,239.0,0.795439398097,0.473813528713,0.879504828594
191.1,338.379,239.0,0.795439398097,0.473813528713,0.879504828594
191.069,335.254,239.0,0.795439398097,0.473813528713,0.879504828594
191.06,332.133,239.0,0.795439398097,0.473813528713,0.879504828594
191.06,329.015,239.0,0.795439398097,0.473813528713,0.879504828594
191.055,325.9,239.0,0.795439398097,0.473813528713,0.879504828594
191.333,322.666,239.0,0.795439398097,0.473813528713,0.879504828594
189.615,320.26,239.0,0.795439398097,0.473813528713,0.879504828594
188.424,317.638,239.0,0.795439398097,0.473813528713,0.879504828594
188.108,314.668,239.0,0.795439398097,0.473813528713,0.879504828594
186.737,312.911,239.0,0.795439398097,0.473813528713,0.879504828594
185.696,310.25,239.0,0.795439398097,0.473813528713,0.879504828594
183.728,307.816,239.0,0.795439398097,0.473813528713,0.879504828594
182.68,305.646,239.0,0.795439398097,0.473813528713,0.879504828594
181.039,304.165,239.0,0.795439398097,0.473813528713,0.879504828594
179.414,302.672,239.0,0.795439398097,0.473813528713,0.879504828594
177.841,301.126,239.0,0.795439398097,0.473813528713,0.879504828594
176.423,299.527,239.0,0.795439398097,0.473813528713,0.879504828594
173.573,298.381,239.0,0.795439398097,0.473813528713,0.879504828594
171.107,296.818,239.0,0.795439398097,0.473813528713,0.879504828594
168.685,295.179,239.0,0.795439398097,0.473813528713,0.879504828594
166.163,294.638,239.0,0.795439398097,0.473813528713,0.879504828594
163.804,293.882,239.0,0.795439398097,0.473813528713,0.879504828594
160.73,293.839,239.0,0.795439398097,0.473813528713,0.879504828594
157.606,293.844,239.0,0.795439398097,0.473813528713,0.879504828594
154.487,293.844,239.0,0.795439398097,0.473813528713,0.879504828594
151.408,293.925,239.0,0.795439398097,0.473813528713,0.879504828594
148.764,295.241,239.0,0.795439398097,0.473813528713,0.879504828594
147.732,297.8,239.0,0.795439398097,0.473813528713,0.879504828594
145.337,299.745,239.0,0.795439398097,0.473813528713,0.879504828594
142.748,301.115,239.0,0.795439398097,0.473813528713,0.879504828594
141.2,302.7,239.0,0.795439398097,0.473813528713,0.879504828594
141.229,305.916,239.0,0.795439398097,0.473813528713,0.879504828594
139.647,308.51,239.0,0.795439398097,0.473813528713,0.879504828594
137.19,309.786,239.0,0.795439398097,0.473813528713,0.879504828594
136.885,313.087,239.0,0.795439398097,0.473813528713,0.879504828594
136.671,316.121,239.0,0.795439398097,0.473813528713,0.879504828594
135.422,318.722,239.0,0.795439398097,0.473813528713,0.879504828594
135.314,321.796,239.0,0.795439398097,0.473813528713,0.879504828594
133.933,324.341,239.0,0.795439398097,0.473813528713,0.879504828594
133.935,327.46,239.0,0.795439398097,0.473813528713,0.879504828594
133.961,330.589,239.0,0.795439398097,0.473813528713,0.879504828594
133.961,333.707,239.0,0.795439398097,0.473813528713,0.879504828594
133.96,336.825,239.0,0.795439398097,0.473813528713,0.879504828594
133.96,339.943,239.0,0.795439398097,0.473813528713,0.879504828594
133.961,343.061,239.0,0.795439398097,0.473813528713,0.879504828594
133.963,346.178,239.0,0.795439398097,0.473813528713,0.879504828594
133.946,349.303,239.0,0.795439398097,0.473813528713,0.879504828594
134.02,352.391,239.0,0.795439398097,0.473813528713,0.879504828594
134.047,355.497,239.0,0.795439398097,0.473813528713,0.879504828594
135.678,357.94,239.0,0.795439398097,0.473813528713,0.879504828594
135.423,361.163,239.0,0.795439398097,0.473813528713,0.879504828594
135.5,364.25,239.0,0.795439398097,0.473813528713,0.879504828594
136.889,366.786,239.0,0.795439398097,0.473813528713,0.879504828594
138.252,369.586,239.0,0.795439398097,0.473813528713,0.879504828594
139.053,372.4,239.0,0.795439398097,0.473813528713,0.879504828594
141.303,374.606,239.0,0.795439398097,0.473813528713,0.879504828594
141.668,377.307,239.0,0.795439398097,0.473813528713,0.879504828594
142.622,379.434,239.0,0.795439398097,0.473813528713,0.879504828594
144.248,381.856,239.0,0.795439398097,0.473813528713,0.879504828594
145.448,384.475,239.0,0.795439398097,0.473813528713,0.879504828594
147.092,386.914,239.0,0.795439398097,0.473813528713,0.879504828594
148.653,389.389,239.0,0.795439398097,0.473813528713,0.879504828594
150.049,391.922,239.0,0.795439398097,0.473813528713,0.879504828594
152.681,393.317,239.0,0.795439398097,0.473813528713,0.879504828594
153.864,395.753,239.0,0.795439398097,0.473813528713,0.879504828594
154.828,398.444,239.0,0.795439398097,0.473813528713,0.879504828594
157.245,400.558,239.0,0.795439398097,0.473813528713,0.879504828594
159.585,402.707,239.0,0.795439398097,0.473813528713,0.879504828594
160.525,405.436,239.0,0.795439398097,0.473813528713,0.879504828594
161.777,408.035,239.0,0.795439398097,0.473813528713,0.879504828594
164.174,410.164,239.0,0.795439398097,0.473813528713,0.879504828594
164.866,413.028,239.0,0.795439398097,0.473813528713,0.879504828594
166.223,415.817,239.0,0.795439398097,0.473813528713,0.879504828594
166.197,418.938,239.0,0.795439398097,0.473813528713,0.879504828594
166.739,421.831,239.0,0.795439398097,0.473813528713,0.879504828594
167.61,424.588,239.0,0.795439398097,0.473813528713,0.879504828594
167.633,427.697,239.0,0.795439398097,0.473813528713,0.879504828594
167.635,430.814,239.0,0.795439398097,0.473813528713,0.879504828594
167.636,433.931,239.0,0.795439398097,0.473813528713,0.879504828594
167.653,437.043,239.0,0.795439398097,0.473813528713,0.879504828594
168.608,439.765,239.0,0.795439398097,0.473813528713,0.879504828594
169.165,442.651,239.0,0.795439398097,0.473813528713,0.879504828594
169.061,445.806,239.0,0.795439398097,0.473813528713,0.879504828594
170.428,448.602,239.0,0.795439398097,0.473813528713,0.879504828594
170.579,451.681,239.0,0.795439398097,0.473813528713,0.879504828594
171.587,454.379,239.0,0.795439398097,0.473813528713,0.879504828594
172.051,457.283,239.0,0.795439398097,0.473813528713,0.879504828594
173.223,459.24,239.0,0.795439398097,0.473813528713,0.879504828594
173.427,462.18,239.0,0.795439398097,0.473813528713,0.879504828594
173.509,465.203,239.0,0.795439398097,0.473813528713,0.879504828594
176.007,467.017,239.0,0.795439398097,0.473813528713,0.879504828594
179.046,467.011,239.0,0.795439398097,0.473813528713,0.879504828594
182.166,465.89,239.0,0.795439398097,0.473813528713,0.879504828594
