199.699,2.79454,251.0,0.795439398097,0.473813528713,0.879504828594
195.927,3.19337,251.0,0.795439398097,0.473813528713,0.879504828594
192.368,4.49081,251.0,0.795439398097,0.473813528713,0.879504828594
188.463,4.3249,251.0,0.795439398097,0.473813528713,0.879504828594
184.602,4.34391,251.0,0.795439398097,0.473813528713,0.879504828594
180.736,4.34396,251.0,0.795439398097,0.473813528713,0.879504828594
176.87,4.34403,251.0,0.795439398097,0.473813528713,0.879504828594
173.005,4.3439,251.0,0.795439398097,0.473813528713,0.879504828594
169.139,4.34285,251.0,0.795439398097,0.473813528713,0.879504828594
165.283,4.44872,251.0,0.795439398097,0.473813528713,0.879504828594
162.067,6.57534,251.0,0.795439398097,0.473813528713,0.879504828594
159.524,9.3803,251.0,0.795439398097,0.473813528713,0.879504828594
158.387,12.0683,251.0,0.795439398097,0.473813528713,0.879504828594
158.065,15.5884,251.0,0.795439398097,0.473813528713,0.879504828594
157.957,19.5337,251.0,0.795439398097,0.473813528713,0.879504828594
159.523,22.821,251.0,0.795439398097,0.473813528713,0.879504828594
161.262,25.0673,251.0,0.795439398097,0.473813528713,0.879504828594
164.375,26.5416,251.0,0.795439398097,0.473813528713,0.879504828594
166.491,29.5232,251.0,0.795439398097,0.473813528713,0.879504828594
169.72,31.4926,251.0,0.795439398097,0.473813528713,0.879504828594
172.432,34.2647,251.0,0.795439398097,0.473813528713,0.879504828594
175.167,36.9991,251.0,0.795439398097,0.473813528713,0.879504828594
178.096,39.6139,251.0,0.795439398097,0.473813528713,0.879504828594
180.041,41.7273,251.0,0.795439398097,0.473813528713,0.879504828594
183.081,44.4217,251.0,0.795439398097,0.473813528713,0.879504828594
184.407,47.7948,251.0,0.795439398097,0.473813528713,0.879504828594
186.542,49.5178,251.0,0.795439398097,0.473813528713,0.879504828594
188.938,50.9886,251.0,0.795439398097,0.473813528713,0.879504828594
189.563,54.2004,251.0,0.795439398097,0.473813528713,0.879504828594
192.683,56.1507,251.0,0.795439398097,0.473813528713,0.879504828594
195.445,58.833,251.0,0.795439398097,0.473813528713,0.879504828594
198.125,61.7215,251.0,0.795439398097,0.473813528713,0.879504828594
201.534,63.0867,251.0,0.795439398097,0.473813528713,0.879504828594
203.075,66.3574,251.0,0.795439398097,0.473813528713,0.879504828594
204.665,69.5666,251.0,0.795439398097,0.473813528713,0.879504828594
205.016,73.2872,251.0,0.795439398097,0.473813528713,0.879504828594
207.872,75.9696,251.0,0.795439398097,0.473813528713,0.879504828594
208.392,79.62,251.0,0.795439398097,0.473813528713,0.879504828594
209.282,83.1175,251.0,0.795439398097,0.473813528713,0.879504828594
211.02,86.2703,251.0,0.795439398097,0.473813528713,0.879504828594
211.152,89.9639,251.0,0.795439398097,0.473813528713,0.879504828594
212.519,92.4794,251.0,0.795439398097,0.473813528713,0.879504828594
213.884,95.7265,251.0,0.795439398097,0.473813528713,0.879504828594
215.72,97.9083,251.0,0.795439398097,0.473813528713,0.879504828594
218.275,99.2193,251.0,0.795439398097,0.473813528713,0.879504828594
222.096,99.1948,251.0,0.795439398097,0.473813528713,0.879504828594
225.564,97.5014,251.0,0.795439398097,0.473813528713,0.879504828594
229.467,97.6652,251.0,0.795439398097,0.473813528713,0.879504828594
233.289,97.4806,251.0,0.795439398097,0.473813528713,0.879504828594
236.791,95.9377,251.0,0.795439398097,0.473813528713,0.879504828594
240.705,96.1417,251.0,0.795439398097,0.473813528713,0.879504828594
244.569,96.1357,251.0,0.795439398097,0.473813528713,0.879504828594
248.433,96.139,251.0,0.795439398097,0.473813528713,0.879504828594
252.082,96.6629,251.0,0.795439398097,0.473813528713,0.879504828594
255.363,98.072,251.0,0.795439398097,0.473813528713,0.879504828594
259.385,97.6956,251.0,0.795439398097,0.473813528713,0.879504828594
263.278,97.6653,251.0,0.795439398097,0.473813528713,0.879504828594
267.012,97.7976,251.0,0.795439398097,0.473813528713,0.879504828594
269.469,99.2027,251.0,0.795439398097,0.473813528713,0.879504828594
273.408,98.9827,251.0,0.795439398097,0.473813528713,0.879504828594
276.492,100.861,251.0,0.795439398097,0.473813528713,0.879504828594
280.379,100.809,251.0,0.795439398097,0.473813528713,0.879504828594
284.247,100.803,251.0,0.795439398097,0.473813528713,0.879504828594
288.113,100.803,251.0,0.795439398097,0.473813528713,0.879504828594
291.979,100.803,251.0,0.795439398097,0.473813528713,0.879504828594
295.837,100.795,251.0,0.795439398097,0.473813528713,0.879504828594
299.722,100.815,251.0,0.795439398097,0.473813528713,0.879504828594
301.995,99.2227,251.0,0.795439398097,0.473813528713,0.879504828594
302.757,96.1186,251.0,0.795439398097,0.473813528713,0.879504828594
302.753,92.248,251.0,0.795439398097,0.473813528713,0.879504828594
302.756,88.3862,251.0,0.795439398097,0.473813528713,0.879504828594
302.714,84.5632,251.0,0.795439398097,0.473813528713,0.879504828594
301.243,82.1683,251.0,0.795439398097,0.473813528713,0.879504828594
299.075,80.3507,251.0,0.795439398097,0.473813528713,0.879504828594
297.468,76.6038,251.0,0.795439398097,0.473813528713,0.879504828594
294.952,73.8348,251.0,0.795439398097,0.473813528713,0.879504828594
292.799,70.8858,251.0,0.795439398097,0.473813528713,0.879504828594
291.244,68.0581,251.0,0.795439398097,0.473813528713,0.879504828594
288.367,65.7502,251.0,0.795439398097,0.473813528713,0.879504828594
286.48,62.5052,251.0,0.795439398097,0.473813528713,0.879504828594
283.471,59.8977,251.0,0.795439398097,0.473813528713,0.879504828594
282.66,56.3609,251.0,0.795439398097,0.473813528713,0.879504828594
281.067,53.06,251.0,0.795439398097,0.473813528713,0.879504828594
279.439,50.8707,251.0,0.795439398097,0.473813528713,0.879504828594
279.392,47.031,251.0,0.795439398097,0.473813528713,0.879504828594
279.385,43.1726,251.0,0.795439398097,0.473813528713,0.879504828594
277.879,39.9304,251.0,0.795439398097,0.473813528713,0.879504828594
277.865,36.0706,251.0,0.795439398097,0.473813528713,0.879504828594
277.864,32.2055,251.0,0.795439398097,0.473813528713,0.879504828594
277.863,28.34,251.0,0.795439398097,0.473813528713,0.879504828594
277.865,24.4737,251.0,0.795439398097,0.473813528713,0.879504828594
277.976,20.5546,251.0,0.795439398097,0.473813528713,0.879504828594
276.416,17.2333,251.0,0.795439398097,0.473813528713,0.879504828594
274.653,15.1771,251.0,0.795439398097,0.473813528713,0.879504828594
272.435,13.5281,251.0,0.795439398097,0.473813528713,0.879504828594
268.575,13.5102,251.0,0.795439398097,0.473813528713,0.879504828594
265.032,13.0932,251.0,0.795439398097,0.473813528713,0.879504828594
261.44,12.6417,251.0,0.795439398097,0.473813528713,0.879504828594
257.801,12.1577,251.0,0.795439398097,0.473813528713,0.879504828594
254.118,11.6434,251.0,0.795439398097,0.473813528713,0.879504828594
250.394,11.1008,251.0,0.795439398097,0.473813528713,0.879504828594
246.632,10.5321,251.0,0.795439398097,0.473813528713,0.879504828594
242.836,9.93927,251.0,0.795439398097,0.473813528713,0.879504828594
239.007,9.3245,251.0,0.795439398097,0.473813528713,0.879504828594
235.15,8.68984,251.0,0.795439398097,0.473813528713,0.879504828594
231.267,8.03739,251.0,0.795439398097,0.473813528713,0.879504828594
227.361,7.36924,251.0,0.795439398097,0.473813528713,0.879504828594
223.436,6.68749,251.0,0.795439398097,0.473813528713,0.879504828594
219.494,5.99423,251.0,0.795439398097,0.473813528713,0.879504828594
215.538,5.29156,251.0,0.795439398097,0.473813528713,0.879504828594
211.572,4.58156,251.0,0.795439398097,0.473813528713,0.879504828594
207.598,3.86632,251.0,0.795439398097,0.473813528713,0.879504828594
203.62,3.14795,251.0,0.795439398097,0.473813528713,0.879504828594
