193.41,1.6002,257.0,0.795439398097,0.473813528713,0.879504828594
189.602,2.7847,257.0,0.795439398097,0.473813528713,0.879504828594
185.546,3.80737,257.0,0.795439398097,0.473813528713,0.879504828594
181.418,4.46424,257.0,0.795439398097,0.473813528713,0.879504828594
177.099,4.73591,257.0,0.795439398097,0.473813528713,0.879504828594
172.926,5.80955,257.0,0.795439398097,0.473813528713,0.879504828594
168.64,5.90071,257.0,0.795439398097,0.473813528713,0.879504828594
164.343,5.8998,257.0,0.795439398097,0.473813528713,0.879504828594
160.044,5.89872,257.0,0.795439398097,0.473813528713,0.879504828594
155.735,5.88746,257.0,0.795439398097,0.473813528713,0.879504828594
151.382,5.8322,257.0,0.795439398097,0.473813528713,0.879504828594
150.288,9.03541,257.0,0.795439398097,0.473813528713,0.879504828594
150.284,13.3354,257.0,0.795439398097,0.473813528713,0.879504828594
150.735,17.4397,257.0,0.795439398097,0.473813528713,0.879504828594
154.011,20.2839,257.0,0.795439398097,0.473813528713,0.879504828594
157.647,22.5106,257.0,0.795439398097,0.473813528713,0.879504828594
160.944,25.1585,257.0,0.795439398097,0.473813528713,0.879504828594
164.355,27.6972,257.0,0.795439398097,0.473813528713,0.879504828594
168.326,29.0663,257.0,0.795439398097,0.473813528713,0.879504828594
171.969,30.7375,257.0,0.795439398097,0.473813528713,0.879504828594
176.094,31.6812,257.0,0.795439398097,0.473813528713,0.879504828594
179.538,33.8755,257.0,0.795439398097,0.473813528713,0.879504828594
182.587,36.7936,257.0,0.795439398097,0.473813528713,0.879504828594
186.1,38.9374,257.0,0.795439398097,0.473813528713,0.879504828594
188.36,42.3059,257.0,0.795439398097,0.473813528713,0.879504828594
191.629,45.1294,257.0,0.795439398097,0.473813528713,0.879504828594
193.89,47.9856,257.0,0.795439398097,0.473813528713,0.879504828594
196.015,51.0445,257.0,0.795439398097,0.473813528713,0.879504828594
198.326,53.8455,257.0,0.795439398097,0.473813528713,0.879504828594
200.129,57.381,257.0,0.795439398097,0.473813528713,0.879504828594
201.164,61.4946,257.0,0.795439398097,0.473813528713,0.879504828594
203.176,64.9926,257.0,0.795439398097,0.473813528713,0.879504828594
204.926,68.5656,257.0,0.795439398097,0.473813528713,0.879504828594
208.112,71.5441,257.0,0.795439398097,0.473813528713,0.879504828594
210.994,74.6578,257.0,0.795439398097,0.473813528713,0.879504828594
213.669,77.2099,257.0,0.795439398097,0.473813528713,0.879504828594
217.282,79.0583,257.0,0.795439398097,0.473813528713,0.879504828594
220.993,80.4655,257.0,0.795439398097,0.473813528713,0.879504828594
224.59,82.1431,257.0,0.795439398097,0.473813528713,0.879504828594
228.517,83.7502,257.0,0.795439398097,0.473813528713,0.879504828594
232.751,84.1569,257.0,0.795439398097,0.473813528713,0.879504828594
236.875,85.2569,257.0,0.795439398097,0.473813528713,0.879504828594
241.007,85.642,257.0,0.795439398097,0.473813528713,0.879504828594
244.83,86.7849,257.0,0.795439398097,0.473813528713,0.879504828594
249.09,86.4543,257.0,0.795439398097,0.473813528713,0.879504828594
253.216,85.1582,257.0,0.795439398097,0.473813528713,0.879504828594
257.343,83.9256,257.0,0.795439398097,0.473813528713,0.879504828594
261.656,83.6973,257.0,0.795439398097,0.473813528713,0.879504828594
266.047,83.7948,257.0,0.795439398097,0.473813528713,0.879504828594
268.214,80.9369,257.0,0.795439398097,0.473813528713,0.879504828594
268.659,76.7996,257.0,0.795439398097,0.473813528713,0.879504828594
271.292,73.3432,257.0,0.795439398097,0.473813528713,0.879504828594
271.647,69.2028,257.0,0.795439398097,0.473813528713,0.879504828594
271.627,64.8967,257.0,0.795439398097,0.473813528713,0.879504828594
273.306,61.2948,257.0,0.795439398097,0.473813528713,0.879504828594
273.201,56.9541,257.0,0.795439398097,0.473813528713,0.879504828594
273.196,52.6546,257.0,0.795439398097,0.473813528713,0.879504828594
273.196,48.3565,257.0,0.795439398097,0.473813528713,0.879504828594
273.233,44.0961,257.0,0.795439398097,0.473813528713,0.879504828594
273.553,40.119,257.0,0.795439398097,0.473813528713,0.879504828594
274.752,37.0208,257.0,0.795439398097,0.473813528713,0.879504828594
276.411,33.411,257.0,0.795439398097,0.473813528713,0.879504828594
276.307,29.07,257.0,0.795439398097,0.473813528713,0.879504828594
276.308,24.7733,257.0,0.795439398097,0.473813528713,0.879504828594
276.32,20.4639,257.0,0.795439398097,0.473813528713,0.879504828594
275.733,16.7523,257.0,0.795439398097,0.473813528713,0.879504828594
274.578,13.6289,257.0,0.795439398097,0.473813528713,0.879504828594
270.739,12.1897,257.0,0.795439398097,0.473813528713,0.879504828594
268.145,10.407,257.0,0.795439398097,0.473813528713,0.879504828594
264.283,9.20296,257.0,0.795439398097,0.473813528713,0.879504828594
261.668,7.50886,257.0,0.795439398097,0.473813528713,0.879504828594
257.698,7.15529,257.0,0.795439398097,0.473813528713,0.879504828594
253.695,6.76387,257.0,0.795439398097,0.473813528713,0.879504828594
249.629,6.36879,257.0,0.795439398097,0.473813528713,0.879504828594
245.506,5.97033,257.0,0.795439398097,0.473813528713,0.879504828594
241.328,5.56876,257.0,0.795439398097,0.473813528713,0.879504828594
237.102,5.16435,257.0,0.795439398097,0.473813528713,0.879504828594
232.832,4.75737,257.0,0.795439398097,0.473813528713,0.879504828594
228.522,4.34809,257.0,0.795439398097,0.473813528713,0.879504828594
224.177,3.93677,257.0,0.795439398097,0.473813528713,0.879504828594
219.802,3.5237,257.0,0.795439398097,0.473813528713,0.879504828594
215.402,3.10914,257.0,0.795439398097,0.473813528713,0.879504828594
210.98,2.69336,257.0,0.795439398097,0.473813528713,0.879504828594
206.542,2.27664,257.0,0.795439398097,0.473813528713,0.879504828594
202.093,1.85924,257.0,0.795439398097,0.473813528713,0.879504828594
197.636,1.44143,257.0,0.795439398097,0.473813528713,0.879504828594
