250.723,632.068,69.0,0.60497070534,0.347757637499,0.938053539343
250.904,634.905,69.0,0.60497070534,0.347757637499,0.938053539343
249.618,637.134,69.0,0.60497070534,0.347757637499,0.938053539343
249.763,639.957,69.0,0.60497070534,0.347757637499,0.938053539343
249.772,642.723,69.0,0.60497070534,0.347757637499,0.938053539343
249.764,645.486,69.0,0.60497070534,0.347757637499,0.938053539343
250.308,648.172,69.0,0.60497070534,0.347757637499,0.938053539343
250.709,650.909,69.0,0.60497070534,0.347757637499,0.938053539343
251.531,653.392,69.0,0.60497070534,0.347757637499,0.938053539343
253.119,655.736,69.0,0.60497070534,0.347757637499,0.938053539343
254.684,657.95,69.0,0.60497070534,0.347757637499,0.938053539343
256.681,659.875,69.0,0.60497070534,0.347757637499,0.938053539343
257.813,662.42,69.0,0.60497070534,0.347757637499,0.938053539343
259.487,664.575,69.0,0.60497070534,0.347757637499,0.938053539343
260.782,666.997,69.0,0.60497070534,0.347757637499,0.938053539343
262.827,668.876,69.0,0.60497070534,0.347757637499,0.938053539343
264.927,670.645,69.0,0.60497070534,0.347757637499,0.938053539343
267.152,672.225,69.0,0.60497070534,0.347757637499,0.938053539343
269.531,673.59,69.0,0.60497070534,0.347757637499,0.938053539343
271.422,675.669,69.0,0.60497070534,0.347757637499,0.938053539343
273.712,676.788,69.0,0.60497070534,0.347757637499,0.938053539343
276.141,678.043,69.0,0.60497070534,0.347757637499,0.938053539343
278.903,678.029,69.0,0.60497070534,0.347757637499,0.938053539343
281.666,678.028,69.0,0.60497070534,0.347757637499,0.938053539343
284.424,678.009,69.0,0.60497070534,0.347757637499,0.938053539343
287.201,678.081,69.0,0.60497070534,0.347757637499,0.938053539343
289.691,676.977,69.0,0.60497070534,0.347757637499,0.938053539343
292.749,677.354,69.0,0.60497070534,0.347757637499,0.938053539343
294.192,676.005,69.0,0.60497070534,0.347757637499,0.938053539343
295.188,674.239,69.0,0.60497070534,0.347757637499,0.938053539343
295.171,671.46,69.0,0.60497070534,0.347757637499,0.938053539343
295.174,668.703,69.0,0.60497070534,0.347757637499,0.938053539343
295.187,665.936,69.0,0.60497070534,0.347757637499,0.938053539343
295.228,663.157,69.0,0.60497070534,0.347757637499,0.938053539343
294.173,660.833,69.0,0.60497070534,0.347757637499,0.938053539343
293.241,658.424,69.0,0.60497070534,0.347757637499,0.938053539343
292.154,656.854,69.0,0.60497070534,0.347757637499,0.938053539343
290.804,654.472,69.0,0.60497070534,0.347757637499,0.938053539343
289.719,652.193,69.0,0.60497070534,0.347757637499,0.938053539343
287.698,650.269,69.0,0.60497070534,0.347757637499,0.938053539343
285.645,648.357,69.0,0.60497070534,0.347757637499,0.938053539343
284.466,646.083,69.0,0.60497070534,0.347757637499,0.938053539343
282.543,644.117,69.0,0.60497070534,0.347757637499,0.938053539343
280.573,642.171,69.0,0.60497070534,0.347757637499,0.938053539343
278.628,640.213,69.0,0.60497070534,0.347757637499,0.938053539343
276.822,638.172,69.0,0.60497070534,0.347757637499,0.938053539343
275.078,636.767,69.0,0.60497070534,0.347757637499,0.938053539343
273.196,634.668,69.0,0.60497070534,0.347757637499,0.938053539343
270.937,633.455,69.0,0.60497070534,0.347757637499,0.938053539343
268.515,632.634,69.0,0.60497070534,0.347757637499,0.938053539343
265.757,632.625,69.0,0.60497070534,0.347757637499,0.938053539343
262.994,632.627,69.0,0.60497070534,0.347757637499,0.938053539343
260.237,632.572,69.0,0.60497070534,0.347757637499,0.938053539343
257.504,632.247,69.0,0.60497070534,0.347757637499,0.938053539343
254.79,631.71,69.0,0.60497070534,0.347757637499,0.938053539343
252.088,631.046,69.0,0.60497070534,0.347757637499,0.938053539343
