258.154,626.14,76.0,0.60497070534,0.347757637499,0.938053539343
255.672,627.024,76.0,0.60497070534,0.347757637499,0.938053539343
253.539,628.86,76.0,0.60497070534,0.347757637499,0.938053539343
251.561,630.826,76.0,0.60497070534,0.347757637499,0.938053539343
249.648,632.825,76.0,0.60497070534,0.347757637499,0.938053539343
248.253,635.306,76.0,0.60497070534,0.347757637499,0.938053539343
245.919,636.448,76.0,0.60497070534,0.347757637499,0.938053539343
245.98,639.306,76.0,0.60497070534,0.347757637499,0.938053539343
244.96,641.071,76.0,0.60497070534,0.347757637499,0.938053539343
244.948,643.844,76.0,0.60497070534,0.347757637499,0.938053539343
244.943,646.625,76.0,0.60497070534,0.347757637499,0.938053539343
244.944,649.41,76.0,0.60497070534,0.347757637499,0.938053539343
244.95,652.193,76.0,0.60497070534,0.347757637499,0.938053539343
244.997,654.958,76.0,0.60497070534,0.347757637499,0.938053539343
246.587,657.176,76.0,0.60497070534,0.347757637499,0.938053539343
247.335,659.933,76.0,0.60497070534,0.347757637499,0.938053539343
249.089,662.064,76.0,0.60497070534,0.347757637499,0.938053539343
250.576,664.396,76.0,0.60497070534,0.347757637499,0.938053539343
252.981,665.767,76.0,0.60497070534,0.347757637499,0.938053539343
255.311,667.241,76.0,0.60497070534,0.347757637499,0.938053539343
257.35,669.135,76.0,0.60497070534,0.347757637499,0.938053539343
258.783,671.498,76.0,0.60497070534,0.347757637499,0.938053539343
260.279,673.173,76.0,0.60497070534,0.347757637499,0.938053539343
261.167,675.072,76.0,0.60497070534,0.347757637499,0.938053539343
262.918,676.253,76.0,0.60497070534,0.347757637499,0.938053539343
264.815,678.333,76.0,0.60497070534,0.347757637499,0.938053539343
267.44,679.27,76.0,0.60497070534,0.347757637499,0.938053539343
269.923,679.963,76.0,0.60497070534,0.347757637499,0.938053539343
272.579,680.822,76.0,0.60497070534,0.347757637499,0.938053539343
275.347,680.911,76.0,0.60497070534,0.347757637499,0.938053539343
278.128,680.928,76.0,0.60497070534,0.347757637499,0.938053539343
280.914,680.924,76.0,0.60497070534,0.347757637499,0.938053539343
283.698,680.91,76.0,0.60497070534,0.347757637499,0.938053539343
286.332,679.98,76.0,0.60497070534,0.347757637499,0.938053539343
289.165,680.08,76.0,0.60497070534,0.347757637499,0.938053539343
291.492,678.973,76.0,0.60497070534,0.347757637499,0.938053539343
293.865,677.974,76.0,0.60497070534,0.347757637499,0.938053539343
296.503,677.329,76.0,0.60497070534,0.347757637499,0.938053539343
299.257,677.159,76.0,0.60497070534,0.347757637499,0.938053539343
301.785,676.11,76.0,0.60497070534,0.347757637499,0.938053539343
304.201,675.122,76.0,0.60497070534,0.347757637499,0.938053539343
304.819,673.006,76.0,0.60497070534,0.347757637499,0.938053539343
305.984,670.698,76.0,0.60497070534,0.347757637499,0.938053539343
305.765,667.835,76.0,0.60497070534,0.347757637499,0.938053539343
305.158,665.201,76.0,0.60497070534,0.347757637499,0.938053539343
304.802,662.509,76.0,0.60497070534,0.347757637499,0.938053539343
303.951,660.076,76.0,0.60497070534,0.347757637499,0.938053539343
302.901,657.725,76.0,0.60497070534,0.347757637499,0.938053539343
300.962,655.743,76.0,0.60497070534,0.347757637499,0.938053539343
299.604,653.52,76.0,0.60497070534,0.347757637499,0.938053539343
297.656,651.541,76.0,0.60497070534,0.347757637499,0.938053539343
295.592,649.61,76.0,0.60497070534,0.347757637499,0.938053539343
294.458,647.294,76.0,0.60497070534,0.347757637499,0.938053539343
292.464,645.337,76.0,0.60497070534,0.347757637499,0.938053539343
291.246,643.026,76.0,0.60497070534,0.347757637499,0.938053539343
288.759,641.952,76.0,0.60497070534,0.347757637499,0.938053539343
287.642,639.56,76.0,0.60497070534,0.347757637499,0.938053539343
285.306,638.393,76.0,0.60497070534,0.347757637499,0.938053539343
283.423,636.22,76.0,0.60497070534,0.347757637499,0.938053539343
281.132,635.024,76.0,0.60497070534,0.347757637499,0.938053539343
278.456,634.735,76.0,0.60497070534,0.347757637499,0.938053539343
275.585,634.745,76.0,0.60497070534,0.347757637499,0.938053539343
272.858,634.244,76.0,0.60497070534,0.347757637499,0.938053539343
270.252,633.311,76.0,0.60497070534,0.347757637499,0.938053539343
267.745,632.023,76.0,0.60497070534,0.347757637499,0.938053539343
265.315,630.46,76.0,0.60497070534,0.347757637499,0.938053539343
262.94,628.7,76.0,0.60497070534,0.347757637499,0.938053539343
260.598,626.822,76.0,0.60497070534,0.347757637499,0.938053539343
