256.639,628.808,82.0,0.60497070534,0.347757637499,0.938053539343
255.349,630.152,82.0,0.60497070534,0.347757637499,0.938053539343
253.438,631.88,82.0,0.60497070534,0.347757637499,0.938053539343
251.629,633.662,82.0,0.60497070534,0.347757637499,0.938053539343
249.836,635.451,82.0,0.60497070534,0.347757637499,0.938053539343
248.104,637.278,82.0,0.60497070534,0.347757637499,0.938053539343
246.918,639.34,82.0,0.60497070534,0.347757637499,0.938053539343
245.935,640.884,82.0,0.60497070534,0.347757637499,0.938053539343
245.908,643.391,82.0,0.60497070534,0.347757637499,0.938053539343
245.909,645.925,82.0,0.60497070534,0.347757637499,0.938053539343
245.909,648.458,82.0,0.60497070534,0.347757637499,0.938053539343
245.909,650.991,82.0,0.60497070534,0.347757637499,0.938053539343
245.875,653.532,82.0,0.60497070534,0.347757637499,0.938053539343
246.878,655.828,82.0,0.60497070534,0.347757637499,0.938053539343
246.872,658.355,82.0,0.60497070534,0.347757637499,0.938053539343
246.856,661.039,82.0,0.60497070534,0.347757637499,0.938053539343
247.689,663.39,82.0,0.60497070534,0.347757637499,0.938053539343
248.807,665.464,82.0,0.60497070534,0.347757637499,0.938053539343
248.802,668.0,82.0,0.60497070534,0.347757637499,0.938053539343
248.638,670.6,82.0,0.60497070534,0.347757637499,0.938053539343
249.83,672.636,82.0,0.60497070534,0.347757637499,0.938053539343
250.159,675.197,82.0,0.60497070534,0.347757637499,0.938053539343
251.786,677.134,82.0,0.60497070534,0.347757637499,0.938053539343
253.557,678.971,82.0,0.60497070534,0.347757637499,0.938053539343
255.637,680.065,82.0,0.60497070534,0.347757637499,0.938053539343
257.833,680.88,82.0,0.60497070534,0.347757637499,0.938053539343
259.838,682.154,82.0,0.60497070534,0.347757637499,0.938053539343
262.425,682.023,82.0,0.60497070534,0.347757637499,0.938053539343
265.006,681.906,82.0,0.60497070534,0.347757637499,0.938053539343
267.546,681.891,82.0,0.60497070534,0.347757637499,0.938053539343
270.077,681.893,82.0,0.60497070534,0.347757637499,0.938053539343
272.611,681.892,82.0,0.60497070534,0.347757637499,0.938053539343
275.144,681.892,82.0,0.60497070534,0.347757637499,0.938053539343
277.677,681.892,82.0,0.60497070534,0.347757637499,0.938053539343
280.21,681.893,82.0,0.60497070534,0.347757637499,0.938053539343
282.743,681.894,82.0,0.60497070534,0.347757637499,0.938053539343
285.324,682.01,82.0,0.60497070534,0.347757637499,0.938053539343
287.415,680.942,82.0,0.60497070534,0.347757637499,0.938053539343
289.785,680.55,82.0,0.60497070534,0.347757637499,0.938053539343
292.093,680.0,82.0,0.60497070534,0.347757637499,0.938053539343
294.015,678.374,82.0,0.60497070534,0.347757637499,0.938053539343
296.621,678.097,82.0,0.60497070534,0.347757637499,0.938053539343
298.81,677.131,82.0,0.60497070534,0.347757637499,0.938053539343
300.119,675.928,82.0,0.60497070534,0.347757637499,0.938053539343
300.565,673.521,82.0,0.60497070534,0.347757637499,0.938053539343
302.35,671.676,82.0,0.60497070534,0.347757637499,0.938053539343
302.902,669.248,82.0,0.60497070534,0.347757637499,0.938053539343
302.904,666.716,82.0,0.60497070534,0.347757637499,0.938053539343
302.904,664.183,82.0,0.60497070534,0.347757637499,0.938053539343
302.904,661.65,82.0,0.60497070534,0.347757637499,0.938053539343
302.911,659.114,82.0,0.60497070534,0.347757637499,0.938053539343
302.929,656.574,82.0,0.60497070534,0.347757637499,0.938053539343
301.864,654.482,82.0,0.60497070534,0.347757637499,0.938053539343
301.166,652.238,82.0,0.60497070534,0.347757637499,0.938053539343
300.095,650.147,82.0,0.60497070534,0.347757637499,0.938053539343
299.604,647.704,82.0,0.60497070534,0.347757637499,0.938053539343
298.068,645.752,82.0,0.60497070534,0.347757637499,0.938053539343
296.672,643.796,82.0,0.60497070534,0.347757637499,0.938053539343
295.114,641.908,82.0,0.60497070534,0.347757637499,0.938053539343
294.514,639.623,82.0,0.60497070534,0.347757637499,0.938053539343
292.68,637.85,82.0,0.60497070534,0.347757637499,0.938053539343
290.883,636.063,82.0,0.60497070534,0.347757637499,0.938053539343
289.084,634.29,82.0,0.60497070534,0.347757637499,0.938053539343
287.243,632.617,82.0,0.60497070534,0.347757637499,0.938053539343
285.045,631.685,82.0,0.60497070534,0.347757637499,0.938053539343
283.534,630.693,82.0,0.60497070534,0.347757637499,0.938053539343
281.226,629.747,82.0,0.60497070534,0.347757637499,0.938053539343
279.124,628.712,82.0,0.60497070534,0.347757637499,0.938053539343
276.556,628.795,82.0,0.60497070534,0.347757637499,0.938053539343
274.454,627.733,82.0,0.60497070534,0.347757637499,0.938053539343
271.52,627.786,82.0,0.60497070534,0.347757637499,0.938053539343
272.74,627.804,82.0,0.60497070534,0.347757637499,0.938053539343
273.796,627.934,82.0,0.60497070534,0.347757637499,0.938053539343
272.555,628.196,82.0,0.60497070534,0.347757637499,0.938053539343
269.529,628.561,82.0,0.60497070534,0.347757637499,0.938053539343
265.228,628.998,82.0,0.60497070534,0.347757637499,0.938053539343
260.162,629.479,82.0,0.60497070534,0.347757637499,0.938053539343
