259.164,625.624,84.0,0.60497070534,0.347757637499,0.938053539343
256.924,627.381,84.0,0.60497070534,0.347757637499,0.938053539343
254.743,629.334,84.0,0.60497070534,0.347757637499,0.938053539343
253.615,631.72,84.0,0.60497070534,0.347757637499,0.938053539343
251.919,633.985,84.0,0.60497070534,0.347757637499,0.938053539343
250.706,636.572,84.0,0.60497070534,0.347757637499,0.938053539343
249.826,639.286,84.0,0.60497070534,0.347757637499,0.938053539343
248.822,641.903,84.0,0.60497070534,0.347757637499,0.938053539343
247.827,644.521,84.0,0.60497070534,0.347757637499,0.938053539343
246.865,647.147,84.0,0.60497070534,0.347757637499,0.938053539343
246.875,650.002,84.0,0.60497070534,0.347757637499,0.938053539343
246.865,652.856,84.0,0.60497070534,0.347757637499,0.938053539343
247.815,655.553,84.0,0.60497070534,0.347757637499,0.938053539343
248.532,658.221,84.0,0.60497070534,0.347757637499,0.938053539343
249.893,660.732,84.0,0.60497070534,0.347757637499,0.938053539343
252.159,662.29,84.0,0.60497070534,0.347757637499,0.938053539343
253.697,664.677,84.0,0.60497070534,0.347757637499,0.938053539343
255.817,666.595,84.0,0.60497070534,0.347757637499,0.938053539343
258.221,668.082,84.0,0.60497070534,0.347757637499,0.938053539343
260.2,670.135,84.0,0.60497070534,0.347757637499,0.938053539343
262.772,671.274,84.0,0.60497070534,0.347757637499,0.938053539343
265.469,671.913,84.0,0.60497070534,0.347757637499,0.938053539343
268.241,672.261,84.0,0.60497070534,0.347757637499,0.938053539343
270.862,673.242,84.0,0.60497070534,0.347757637499,0.938053539343
273.558,673.904,84.0,0.60497070534,0.347757637499,0.938053539343
276.118,675.145,84.0,0.60497070534,0.347757637499,0.938053539343
278.902,675.654,84.0,0.60497070534,0.347757637499,0.938053539343
281.455,677.017,84.0,0.60497070534,0.347757637499,0.938053539343
284.084,677.572,84.0,0.60497070534,0.347757637499,0.938053539343
286.746,678.033,84.0,0.60497070534,0.347757637499,0.938053539343
289.601,678.03,84.0,0.60497070534,0.347757637499,0.938053539343
292.451,678.02,84.0,0.60497070534,0.347757637499,0.938053539343
295.311,678.041,84.0,0.60497070534,0.347757637499,0.938053539343
298.144,677.992,84.0,0.60497070534,0.347757637499,0.938053539343
300.727,677.185,84.0,0.60497070534,0.347757637499,0.938053539343
302.02,675.635,84.0,0.60497070534,0.347757637499,0.938053539343
303.098,672.99,84.0,0.60497070534,0.347757637499,0.938053539343
304.899,670.885,84.0,0.60497070534,0.347757637499,0.938053539343
305.786,668.4,84.0,0.60497070534,0.347757637499,0.938053539343
305.801,665.561,84.0,0.60497070534,0.347757637499,0.938053539343
305.559,662.75,84.0,0.60497070534,0.347757637499,0.938053539343
304.891,659.979,84.0,0.60497070534,0.347757637499,0.938053539343
303.91,657.536,84.0,0.60497070534,0.347757637499,0.938053539343
302.932,655.088,84.0,0.60497070534,0.347757637499,0.938053539343
301.842,652.691,84.0,0.60497070534,0.347757637499,0.938053539343
300.194,650.37,84.0,0.60497070534,0.347757637499,0.938053539343
298.274,648.289,84.0,0.60497070534,0.347757637499,0.938053539343
296.261,646.269,84.0,0.60497070534,0.347757637499,0.938053539343
294.244,644.251,84.0,0.60497070534,0.347757637499,0.938053539343
292.226,642.235,84.0,0.60497070534,0.347757637499,0.938053539343
290.274,640.127,84.0,0.60497070534,0.347757637499,0.938053539343
287.841,638.688,84.0,0.60497070534,0.347757637499,0.938053539343
285.556,637.052,84.0,0.60497070534,0.347757637499,0.938053539343
283.196,635.551,84.0,0.60497070534,0.347757637499,0.938053539343
281.393,634.429,84.0,0.60497070534,0.347757637499,0.938053539343
278.98,633.189,84.0,0.60497070534,0.347757637499,0.938053539343
277.381,631.729,84.0,0.60497070534,0.347757637499,0.938053539343
274.979,630.678,84.0,0.60497070534,0.347757637499,0.938053539343
272.017,630.801,84.0,0.60497070534,0.347757637499,0.938053539343
269.241,630.219,84.0,0.60497070534,0.347757637499,0.938053539343
266.611,629.09,84.0,0.60497070534,0.347757637499,0.938053539343
264.085,627.569,84.0,0.60497070534,0.347757637499,0.938053539343
261.621,625.814,84.0,0.60497070534,0.347757637499,0.938053539343
