253.807,627.668,92.0,0.795439398097,0.473813528713,0.879504828594
251.764,628.719,92.0,0.795439398097,0.473813528713,0.879504828594
250.106,630.325,92.0,0.795439398097,0.473813528713,0.879504828594
248.974,632.291,92.0,0.795439398097,0.473813528713,0.879504828594
247.878,634.346,92.0,0.795439398097,0.473813528713,0.879504828594
247.499,636.58,92.0,0.795439398097,0.473813528713,0.879504828594
245.995,638.348,92.0,0.795439398097,0.473813528713,0.879504828594
244.781,640.146,92.0,0.795439398097,0.473813528713,0.879504828594
244.815,642.461,92.0,0.795439398097,0.473813528713,0.879504828594
243.969,644.419,92.0,0.795439398097,0.473813528713,0.879504828594
243.094,646.564,92.0,0.795439398097,0.473813528713,0.879504828594
242.483,648.641,92.0,0.795439398097,0.473813528713,0.879504828594
242.015,650.75,92.0,0.795439398097,0.473813528713,0.879504828594
242.035,653.06,92.0,0.795439398097,0.473813528713,0.879504828594
242.047,655.366,92.0,0.795439398097,0.473813528713,0.879504828594
242.056,657.665,92.0,0.795439398097,0.473813528713,0.879504828594
242.095,659.96,92.0,0.795439398097,0.473813528713,0.879504828594
242.922,662.128,92.0,0.795439398097,0.473813528713,0.879504828594
243.01,664.415,92.0,0.795439398097,0.473813528713,0.879504828594
242.974,666.731,92.0,0.795439398097,0.473813528713,0.879504828594
244.048,668.58,92.0,0.795439398097,0.473813528713,0.879504828594
244.566,670.316,92.0,0.795439398097,0.473813528713,0.879504828594
245.817,672.027,92.0,0.795439398097,0.473813528713,0.879504828594
247.368,673.723,92.0,0.795439398097,0.473813528713,0.879504828594
248.795,675.475,92.0,0.795439398097,0.473813528713,0.879504828594
250.287,676.526,92.0,0.795439398097,0.473813528713,0.879504828594
252.373,676.992,92.0,0.795439398097,0.473813528713,0.879504828594
254.154,678.223,92.0,0.795439398097,0.473813528713,0.879504828594
256.546,678.03,92.0,0.795439398097,0.473813528713,0.879504828594
258.61,679.032,92.0,0.795439398097,0.473813528713,0.879504828594
260.922,678.988,92.0,0.795439398097,0.473813528713,0.879504828594
263.208,679.03,92.0,0.795439398097,0.473813528713,0.879504828594
265.455,679.162,92.0,0.795439398097,0.473813528713,0.879504828594
267.437,679.931,92.0,0.795439398097,0.473813528713,0.879504828594
269.719,679.978,92.0,0.795439398097,0.473813528713,0.879504828594
272.029,679.96,92.0,0.795439398097,0.473813528713,0.879504828594
274.33,679.961,92.0,0.795439398097,0.473813528713,0.879504828594
276.632,679.96,92.0,0.795439398097,0.473813528713,0.879504828594
278.933,679.96,92.0,0.795439398097,0.473813528713,0.879504828594
281.235,679.96,92.0,0.795439398097,0.473813528713,0.879504828594
283.536,679.96,92.0,0.795439398097,0.473813528713,0.879504828594
285.836,679.954,92.0,0.795439398097,0.473813528713,0.879504828594
288.079,679.701,92.0,0.795439398097,0.473813528713,0.879504828594
290.206,678.975,92.0,0.795439398097,0.473813528713,0.879504828594
292.149,678.112,92.0,0.795439398097,0.473813528713,0.879504828594
294.367,677.911,92.0,0.795439398097,0.473813528713,0.879504828594
296.3,677.02,92.0,0.795439398097,0.473813528713,0.879504828594
297.854,675.215,92.0,0.795439398097,0.473813528713,0.879504828594
299.839,674.442,92.0,0.795439398097,0.473813528713,0.879504828594
301.685,673.245,92.0,0.795439398097,0.473813528713,0.879504828594
301.976,671.252,92.0,0.795439398097,0.473813528713,0.879504828594
302.848,669.843,92.0,0.795439398097,0.473813528713,0.879504828594
303.748,667.781,92.0,0.795439398097,0.473813528713,0.879504828594
303.87,665.503,92.0,0.795439398097,0.473813528713,0.879504828594
303.851,663.221,92.0,0.795439398097,0.473813528713,0.879504828594
303.139,661.634,92.0,0.795439398097,0.473813528713,0.879504828594
303.141,659.43,92.0,0.795439398097,0.473813528713,0.879504828594
301.926,657.667,92.0,0.795439398097,0.473813528713,0.879504828594
300.964,655.759,92.0,0.795439398097,0.473813528713,0.879504828594
299.948,654.512,92.0,0.795439398097,0.473813528713,0.879504828594
298.959,652.563,92.0,0.795439398097,0.473813528713,0.879504828594
298.607,650.403,92.0,0.795439398097,0.473813528713,0.879504828594
296.622,648.923,92.0,0.795439398097,0.473813528713,0.879504828594
296.176,646.806,92.0,0.795439398097,0.473813528713,0.879504828594
294.923,645.024,92.0,0.795439398097,0.473813528713,0.879504828594
294.092,643.067,92.0,0.795439398097,0.473813528713,0.879504828594
293.181,641.142,92.0,0.795439398097,0.473813528713,0.879504828594
291.484,639.544,92.0,0.795439398097,0.473813528713,0.879504828594
290.357,637.71,92.0,0.795439398097,0.473813528713,0.879504828594
288.74,636.102,92.0,0.795439398097,0.473813528713,0.879504828594
287.736,634.586,92.0,0.795439398097,0.473813528713,0.879504828594
286.795,632.852,92.0,0.795439398097,0.473813528713,0.879504828594
284.971,631.621,92.0,0.795439398097,0.473813528713,0.879504828594
282.67,630.936,92.0,0.795439398097,0.473813528713,0.879504828594
281.52,629.703,92.0,0.795439398097,0.473813528713,0.879504828594
279.984,627.89,92.0,0.795439398097,0.473813528713,0.879504828594
278.026,627.04,92.0,0.795439398097,0.473813528713,0.879504828594
275.842,626.804,92.0,0.795439398097,0.473813528713,0.879504828594
274.62,625.726,92.0,0.795439398097,0.473813528713,0.879504828594
272.183,625.86,92.0,0.795439398097,0.473813528713,0.879504828594
269.88,625.862,92.0,0.795439398097,0.473813528713,0.879504828594
267.577,625.863,92.0,0.795439398097,0.473813528713,0.879504828594
265.273,625.863,92.0,0.795439398097,0.473813528713,0.879504828594
262.562,625.864,92.0,0.795439398097,0.473813528713,0.879504828594
263.929,625.878,92.0,0.795439398097,0.473813528713,0.879504828594
263.84,626.03,92.0,0.795439398097,0.473813528713,0.879504828594
261.175,626.301,92.0,0.795439398097,0.473813528713,0.879504828594
256.965,626.645,92.0,0.795439398097,0.473813528713,0.879504828594
