263.05,619.947,94.0,0.60497070534,0.347757637499,0.938053539343
261.934,621.668,94.0,0.60497070534,0.347757637499,0.938053539343
259.318,622.048,94.0,0.60497070534,0.347757637499,0.938053539343
257.594,623.85,94.0,0.60497070534,0.347757637499,0.938053539343
255.828,625.53,94.0,0.60497070534,0.347757637499,0.938053539343
253.907,626.817,94.0,0.60497070534,0.347757637499,0.938053539343
252.691,628.647,94.0,0.60497070534,0.347757637499,0.938053539343
251.139,630.524,94.0,0.60497070534,0.347757637499,0.938053539343
250.264,632.866,94.0,0.60497070534,0.347757637499,0.938053539343
248.684,634.73,94.0,0.60497070534,0.347757637499,0.938053539343
247.524,636.934,94.0,0.60497070534,0.347757637499,0.938053539343
246.003,638.928,94.0,0.60497070534,0.347757637499,0.938053539343
245.46,641.254,94.0,0.60497070534,0.347757637499,0.938053539343
244.843,643.571,94.0,0.60497070534,0.347757637499,0.938053539343
244.019,645.856,94.0,0.60497070534,0.347757637499,0.938053539343
242.969,647.883,94.0,0.60497070534,0.347757637499,0.938053539343
242.065,649.973,94.0,0.60497070534,0.347757637499,0.938053539343
241.838,652.435,94.0,0.60497070534,0.347757637499,0.938053539343
241.085,654.778,94.0,0.60497070534,0.347757637499,0.938053539343
241.083,657.244,94.0,0.60497070534,0.347757637499,0.938053539343
241.079,659.708,94.0,0.60497070534,0.347757637499,0.938053539343
241.079,662.174,94.0,0.60497070534,0.347757637499,0.938053539343
241.079,664.64,94.0,0.60497070534,0.347757637499,0.938053539343
241.076,667.107,94.0,0.60497070534,0.347757637499,0.938053539343
241.075,669.575,94.0,0.60497070534,0.347757637499,0.938053539343
240.996,672.119,94.0,0.60497070534,0.347757637499,0.938053539343
241.956,673.63,94.0,0.60497070534,0.347757637499,0.938053539343
243.67,674.698,94.0,0.60497070534,0.347757637499,0.938053539343
245.719,676.045,94.0,0.60497070534,0.347757637499,0.938053539343
247.92,677.159,94.0,0.60497070534,0.347757637499,0.938053539343
249.973,678.148,94.0,0.60497070534,0.347757637499,0.938053539343
252.096,678.976,94.0,0.60497070534,0.347757637499,0.938053539343
254.554,678.994,94.0,0.60497070534,0.347757637499,0.938053539343
257.02,678.994,94.0,0.60497070534,0.347757637499,0.938053539343
259.485,678.994,94.0,0.60497070534,0.347757637499,0.938053539343
261.95,678.996,94.0,0.60497070534,0.347757637499,0.938053539343
264.416,678.997,94.0,0.60497070534,0.347757637499,0.938053539343
266.878,679.013,94.0,0.60497070534,0.347757637499,0.938053539343
269.214,679.56,94.0,0.60497070534,0.347757637499,0.938053539343
271.587,679.953,94.0,0.60497070534,0.347757637499,0.938053539343
274.045,679.93,94.0,0.60497070534,0.347757637499,0.938053539343
276.532,680.027,94.0,0.60497070534,0.347757637499,0.938053539343
278.852,679.408,94.0,0.60497070534,0.347757637499,0.938053539343
281.22,679.0,94.0,0.60497070534,0.347757637499,0.938053539343
283.577,678.529,94.0,0.60497070534,0.347757637499,0.938053539343
285.9,677.956,94.0,0.60497070534,0.347757637499,0.938053539343
288.353,677.797,94.0,0.60497070534,0.347757637499,0.938053539343
290.69,677.014,94.0,0.60497070534,0.347757637499,0.938053539343
293.162,677.113,94.0,0.60497070534,0.347757637499,0.938053539343
295.578,676.611,94.0,0.60497070534,0.347757637499,0.938053539343
297.533,675.17,94.0,0.60497070534,0.347757637499,0.938053539343
298.995,674.193,94.0,0.60497070534,0.347757637499,0.938053539343
300.129,672.853,94.0,0.60497070534,0.347757637499,0.938053539343
300.757,670.587,94.0,0.60497070534,0.347757637499,0.938053539343
301.241,668.232,94.0,0.60497070534,0.347757637499,0.938053539343
302.921,666.378,94.0,0.60497070534,0.347757637499,0.938053539343
302.907,663.906,94.0,0.60497070534,0.347757637499,0.938053539343
302.904,661.439,94.0,0.60497070534,0.347757637499,0.938053539343
302.903,658.974,94.0,0.60497070534,0.347757637499,0.938053539343
302.893,656.513,94.0,0.60497070534,0.347757637499,0.938053539343
302.316,654.284,94.0,0.60497070534,0.347757637499,0.938053539343
301.763,651.982,94.0,0.60497070534,0.347757637499,0.938053539343
300.044,650.121,94.0,0.60497070534,0.347757637499,0.938053539343
299.355,647.826,94.0,0.60497070534,0.347757637499,0.938053539343
298.742,645.541,94.0,0.60497070534,0.347757637499,0.938053539343
298.043,643.232,94.0,0.60497070534,0.347757637499,0.938053539343
296.995,641.797,94.0,0.60497070534,0.347757637499,0.938053539343
296.37,639.542,94.0,0.60497070534,0.347757637499,0.938053539343
295.202,637.558,94.0,0.60497070534,0.347757637499,0.938053539343
294.211,635.502,94.0,0.60497070534,0.347757637499,0.938053539343
293.011,633.353,94.0,0.60497070534,0.347757637499,0.938053539343
291.261,631.621,94.0,0.60497070534,0.347757637499,0.938053539343
290.281,629.567,94.0,0.60497070534,0.347757637499,0.938053539343
288.475,627.816,94.0,0.60497070534,0.347757637499,0.938053539343
286.474,626.766,94.0,0.60497070534,0.347757637499,0.938053539343
285.16,625.198,94.0,0.60497070534,0.347757637499,0.938053539343
283.106,623.907,94.0,0.60497070534,0.347757637499,0.938053539343
280.834,623.015,94.0,0.60497070534,0.347757637499,0.938053539343
278.476,622.738,94.0,0.60497070534,0.347757637499,0.938053539343
276.31,622.016,94.0,0.60497070534,0.347757637499,0.938053539343
273.851,622.001,94.0,0.60497070534,0.347757637499,0.938053539343
271.38,621.97,94.0,0.60497070534,0.347757637499,0.938053539343
269.141,622.943,94.0,0.60497070534,0.347757637499,0.938053539343
266.889,623.039,94.0,0.60497070534,0.347757637499,0.938053539343
264.509,621.845,94.0,0.60497070534,0.347757637499,0.938053539343
