314.049,429.254,149.0,0.695669217653,0.0525743237531,0.70305049722
312.381,430.781,149.0,0.695669217653,0.0525743237531,0.70305049722
311.495,432.406,149.0,0.695669217653,0.0525743237531,0.70305049722
311.436,434.869,149.0,0.695669217653,0.0525743237531,0.70305049722
311.409,437.4,149.0,0.695669217653,0.0525743237531,0.70305049722
312.787,439.351,149.0,0.695669217653,0.0525743237531,0.70305049722
314.541,441.145,149.0,0.695669217653,0.0525743237531,0.70305049722
316.7,442.418,149.0,0.695669217653,0.0525743237531,0.70305049722
318.834,443.353,149.0,0.695669217653,0.0525743237531,0.70305049722
321.429,443.343,149.0,0.695669217653,0.0525743237531,0.70305049722
321.936,441.328,149.0,0.695669217653,0.0525743237531,0.70305049722
321.966,438.841,149.0,0.695669217653,0.0525743237531,0.70305049722
323.181,436.855,149.0,0.695669217653,0.0525743237531,0.70305049722
323.709,435.157,149.0,0.695669217653,0.0525743237531,0.70305049722
322.469,433.318,149.0,0.695669217653,0.0525743237531,0.70305049722
319.965,431.378,149.0,0.695669217653,0.0525743237531,0.70305049722
316.703,429.378,149.0,0.695669217653,0.0525743237531,0.70305049722
