308.825,418.699,152.0,0.695669217653,0.0525743237531,0.70305049722
306.596,419.169,152.0,0.695669217653,0.0525743237531,0.70305049722
304.352,419.606,152.0,0.695669217653,0.0525743237531,0.70305049722
302.647,421.343,152.0,0.695669217653,0.0525743237531,0.70305049722
300.423,421.771,152.0,0.695669217653,0.0525743237531,0.70305049722
298.461,423.045,152.0,0.695669217653,0.0525743237531,0.70305049722
298.062,425.169,152.0,0.695669217653,0.0525743237531,0.70305049722
296.4,426.91,152.0,0.695669217653,0.0525743237531,0.70305049722
296.676,429.449,152.0,0.695669217653,0.0525743237531,0.70305049722
295.49,431.382,152.0,0.695669217653,0.0525743237531,0.70305049722
295.693,433.887,152.0,0.695669217653,0.0525743237531,0.70305049722
295.626,436.287,152.0,0.695669217653,0.0525743237531,0.70305049722
296.128,438.482,152.0,0.695669217653,0.0525743237531,0.70305049722
296.6,440.672,152.0,0.695669217653,0.0525743237531,0.70305049722
297.84,442.037,152.0,0.695669217653,0.0525743237531,0.70305049722
300.014,443.294,152.0,0.695669217653,0.0525743237531,0.70305049722
302.199,444.358,152.0,0.695669217653,0.0525743237531,0.70305049722
304.333,445.491,152.0,0.695669217653,0.0525743237531,0.70305049722
306.57,446.459,152.0,0.695669217653,0.0525743237531,0.70305049722
308.472,447.769,152.0,0.695669217653,0.0525743237531,0.70305049722
310.821,448.234,152.0,0.695669217653,0.0525743237531,0.70305049722
313.157,448.572,152.0,0.695669217653,0.0525743237531,0.70305049722
315.394,449.024,152.0,0.695669217653,0.0525743237531,0.70305049722
317.646,449.439,152.0,0.695669217653,0.0525743237531,0.70305049722
320.067,449.442,152.0,0.695669217653,0.0525743237531,0.70305049722
322.466,449.417,152.0,0.695669217653,0.0525743237531,0.70305049722
323.943,448.464,152.0,0.695669217653,0.0525743237531,0.70305049722
326.255,447.936,152.0,0.695669217653,0.0525743237531,0.70305049722
326.574,445.619,152.0,0.695669217653,0.0525743237531,0.70305049722
328.406,443.949,152.0,0.695669217653,0.0525743237531,0.70305049722
328.994,441.766,152.0,0.695669217653,0.0525743237531,0.70305049722
328.794,439.429,152.0,0.695669217653,0.0525743237531,0.70305049722
327.245,437.643,152.0,0.695669217653,0.0525743237531,0.70305049722
326.084,435.543,152.0,0.695669217653,0.0525743237531,0.70305049722
324.552,434.323,152.0,0.695669217653,0.0525743237531,0.70305049722
323.291,432.376,152.0,0.695669217653,0.0525743237531,0.70305049722
321.581,430.661,152.0,0.695669217653,0.0525743237531,0.70305049722
320.383,428.584,152.0,0.695669217653,0.0525743237531,0.70305049722
319.325,426.587,152.0,0.695669217653,0.0525743237531,0.70305049722
318.154,424.646,152.0,0.695669217653,0.0525743237531,0.70305049722
316.067,423.143,152.0,0.695669217653,0.0525743237531,0.70305049722
314.132,421.631,152.0,0.695669217653,0.0525743237531,0.70305049722
312.307,420.113,152.0,0.695669217653,0.0525743237531,0.70305049722
310.546,418.591,152.0,0.695669217653,0.0525743237531,0.70305049722
