334.538,421.54,165.0,0.695669217653,0.0525743237531,0.70305049722
334.407,419.132,165.0,0.695669217653,0.0525743237531,0.70305049722
332.427,417.782,165.0,0.695669217653,0.0525743237531,0.70305049722
331.101,415.584,165.0,0.695669217653,0.0525743237531,0.70305049722
328.982,414.251,165.0,0.695669217653,0.0525743237531,0.70305049722
327.789,412.174,165.0,0.695669217653,0.0525743237531,0.70305049722
326.737,409.859,165.0,0.695669217653,0.0525743237531,0.70305049722
325.427,407.765,165.0,0.695669217653,0.0525743237531,0.70305049722
324.6,405.528,165.0,0.695669217653,0.0525743237531,0.70305049722
322.823,403.688,165.0,0.695669217653,0.0525743237531,0.70305049722
322.239,401.565,165.0,0.695669217653,0.0525743237531,0.70305049722
319.659,400.692,165.0,0.695669217653,0.0525743237531,0.70305049722
317.64,399.38,165.0,0.695669217653,0.0525743237531,0.70305049722
315.832,400.14,165.0,0.695669217653,0.0525743237531,0.70305049722
314.35,402.204,165.0,0.695669217653,0.0525743237531,0.70305049722
312.805,404.223,165.0,0.695669217653,0.0525743237531,0.70305049722
310.873,405.992,165.0,0.695669217653,0.0525743237531,0.70305049722
310.735,408.613,165.0,0.695669217653,0.0525743237531,0.70305049722
308.63,409.126,165.0,0.695669217653,0.0525743237531,0.70305049722
307.631,411.621,165.0,0.695669217653,0.0525743237531,0.70305049722
306.02,413.571,165.0,0.695669217653,0.0525743237531,0.70305049722
304.437,415.587,165.0,0.695669217653,0.0525743237531,0.70305049722
302.871,417.624,165.0,0.695669217653,0.0525743237531,0.70305049722
301.155,419.558,165.0,0.695669217653,0.0525743237531,0.70305049722
300.932,422.141,165.0,0.695669217653,0.0525743237531,0.70305049722
298.723,423.409,165.0,0.695669217653,0.0525743237531,0.70305049722
297.426,425.619,165.0,0.695669217653,0.0525743237531,0.70305049722
296.147,427.835,165.0,0.695669217653,0.0525743237531,0.70305049722
294.832,430.017,165.0,0.695669217653,0.0525743237531,0.70305049722
293.822,432.167,165.0,0.695669217653,0.0525743237531,0.70305049722
292.942,434.556,165.0,0.695669217653,0.0525743237531,0.70305049722
292.122,436.793,165.0,0.695669217653,0.0525743237531,0.70305049722
292.114,439.366,165.0,0.695669217653,0.0525743237531,0.70305049722
292.103,441.949,165.0,0.695669217653,0.0525743237531,0.70305049722
292.062,444.544,165.0,0.695669217653,0.0525743237531,0.70305049722
292.998,446.734,165.0,0.695669217653,0.0525743237531,0.70305049722
292.932,449.351,165.0,0.695669217653,0.0525743237531,0.70305049722
294.878,450.713,165.0,0.695669217653,0.0525743237531,0.70305049722
295.158,453.332,165.0,0.695669217653,0.0525743237531,0.70305049722
296.542,455.373,165.0,0.695669217653,0.0525743237531,0.70305049722
297.619,457.507,165.0,0.695669217653,0.0525743237531,0.70305049722
298.199,459.845,165.0,0.695669217653,0.0525743237531,0.70305049722
299.25,461.986,165.0,0.695669217653,0.0525743237531,0.70305049722
301.186,463.745,165.0,0.695669217653,0.0525743237531,0.70305049722
302.48,466.033,165.0,0.695669217653,0.0525743237531,0.70305049722
304.838,466.703,165.0,0.695669217653,0.0525743237531,0.70305049722
306.147,468.737,165.0,0.695669217653,0.0525743237531,0.70305049722
308.43,469.348,165.0,0.695669217653,0.0525743237531,0.70305049722
310.578,469.972,165.0,0.695669217653,0.0525743237531,0.70305049722
312.563,470.439,165.0,0.695669217653,0.0525743237531,0.70305049722
314.819,471.415,165.0,0.695669217653,0.0525743237531,0.70305049722
317.237,470.998,165.0,0.695669217653,0.0525743237531,0.70305049722
319.248,469.63,165.0,0.695669217653,0.0525743237531,0.70305049722
321.344,468.466,165.0,0.695669217653,0.0525743237531,0.70305049722
323.166,466.661,165.0,0.695669217653,0.0525743237531,0.70305049722
325.097,464.99,165.0,0.695669217653,0.0525743237531,0.70305049722
327.203,463.549,165.0,0.695669217653,0.0525743237531,0.70305049722
328.415,461.224,165.0,0.695669217653,0.0525743237531,0.70305049722
329.886,459.845,165.0,0.695669217653,0.0525743237531,0.70305049722
331.764,458.048,165.0,0.695669217653,0.0525743237531,0.70305049722
333.212,455.969,165.0,0.695669217653,0.0525743237531,0.70305049722
335.183,454.487,165.0,0.695669217653,0.0525743237531,0.70305049722
335.849,452.169,165.0,0.695669217653,0.0525743237531,0.70305049722
337.827,450.81,165.0,0.695669217653,0.0525743237531,0.70305049722
338.673,448.552,165.0,0.695669217653,0.0525743237531,0.70305049722
340.432,446.703,165.0,0.695669217653,0.0525743237531,0.70305049722
341.765,444.679,165.0,0.695669217653,0.0525743237531,0.70305049722
342.234,442.295,165.0,0.695669217653,0.0525743237531,0.70305049722
343.779,440.249,165.0,0.695669217653,0.0525743237531,0.70305049722
344.907,437.929,165.0,0.695669217653,0.0525743237531,0.70305049722
345.715,435.69,165.0,0.695669217653,0.0525743237531,0.70305049722
345.694,433.102,165.0,0.695669217653,0.0525743237531,0.70305049722
346.655,430.929,165.0,0.695669217653,0.0525743237531,0.70305049722
347.645,429.29,165.0,0.695669217653,0.0525743237531,0.70305049722
346.881,427.589,165.0,0.695669217653,0.0525743237531,0.70305049722
344.753,425.839,165.0,0.695669217653,0.0525743237531,0.70305049722
341.651,424.054,165.0,0.695669217653,0.0525743237531,0.70305049722
337.964,422.248,165.0,0.695669217653,0.0525743237531,0.70305049722
