318.185,397.042,167.0,0.0925607658483,0.595458957474,0.298407700428
316.305,398.228,167.0,0.0925607658483,0.595458957474,0.298407700428
314.712,399.81,167.0,0.0925607658483,0.595458957474,0.298407700428
313.216,401.465,167.0,0.0925607658483,0.595458957474,0.298407700428
311.337,402.643,167.0,0.0925607658483,0.595458957474,0.298407700428
309.986,404.255,167.0,0.0925607658483,0.595458957474,0.298407700428
308.325,405.553,167.0,0.0925607658483,0.595458957474,0.298407700428
306.651,406.992,167.0,0.0925607658483,0.595458957474,0.298407700428
305.424,408.798,167.0,0.0925607658483,0.595458957474,0.298407700428
304.509,410.835,167.0,0.0925607658483,0.595458957474,0.298407700428
302.946,412.403,167.0,0.0925607658483,0.595458957474,0.298407700428
301.872,414.324,167.0,0.0925607658483,0.595458957474,0.298407700428
300.372,415.932,167.0,0.0925607658483,0.595458957474,0.298407700428
299.03,417.592,167.0,0.0925607658483,0.595458957474,0.298407700428
298.519,419.587,167.0,0.0925607658483,0.595458957474,0.298407700428
297.325,421.468,167.0,0.0925607658483,0.595458957474,0.298407700428
296.456,423.328,167.0,0.0925607658483,0.595458957474,0.298407700428
295.542,425.164,167.0,0.0925607658483,0.595458957474,0.298407700428
295.212,427.243,167.0,0.0925607658483,0.595458957474,0.298407700428
294.821,429.296,167.0,0.0925607658483,0.595458957474,0.298407700428
293.917,431.136,167.0,0.0925607658483,0.595458957474,0.298407700428
293.666,433.246,167.0,0.0925607658483,0.595458957474,0.298407700428
293.864,435.546,167.0,0.0925607658483,0.595458957474,0.298407700428
292.399,437.22,167.0,0.0925607658483,0.595458957474,0.298407700428
292.06,439.382,167.0,0.0925607658483,0.595458957474,0.298407700428
292.118,441.612,167.0,0.0925607658483,0.595458957474,0.298407700428
291.534,443.689,167.0,0.0925607658483,0.595458957474,0.298407700428
291.147,445.813,167.0,0.0925607658483,0.595458957474,0.298407700428
291.178,448.035,167.0,0.0925607658483,0.595458957474,0.298407700428
291.171,450.248,167.0,0.0925607658483,0.595458957474,0.298407700428
291.181,452.466,167.0,0.0925607658483,0.595458957474,0.298407700428
291.18,454.68,167.0,0.0925607658483,0.595458957474,0.298407700428
291.179,456.896,167.0,0.0925607658483,0.595458957474,0.298407700428
291.139,459.129,167.0,0.0925607658483,0.595458957474,0.298407700428
292.577,460.802,167.0,0.0925607658483,0.595458957474,0.298407700428
292.98,462.95,167.0,0.0925607658483,0.595458957474,0.298407700428
293.828,464.816,167.0,0.0925607658483,0.595458957474,0.298407700428
294.968,466.558,167.0,0.0925607658483,0.595458957474,0.298407700428
295.74,468.454,167.0,0.0925607658483,0.595458957474,0.298407700428
297.398,469.984,167.0,0.0925607658483,0.595458957474,0.298407700428
299.375,471.176,167.0,0.0925607658483,0.595458957474,0.298407700428
300.164,472.96,167.0,0.0925607658483,0.595458957474,0.298407700428
302.301,473.341,167.0,0.0925607658483,0.595458957474,0.298407700428
304.115,474.314,167.0,0.0925607658483,0.595458957474,0.298407700428
306.339,474.292,167.0,0.0925607658483,0.595458957474,0.298407700428
308.558,474.288,167.0,0.0925607658483,0.595458957474,0.298407700428
310.776,474.3,167.0,0.0925607658483,0.595458957474,0.298407700428
312.927,474.032,167.0,0.0925607658483,0.595458957474,0.298407700428
314.896,472.975,167.0,0.0925607658483,0.595458957474,0.298407700428
316.837,471.869,167.0,0.0925607658483,0.595458957474,0.298407700428
319.045,471.702,167.0,0.0925607658483,0.595458957474,0.298407700428
320.58,470.263,167.0,0.0925607658483,0.595458957474,0.298407700428
322.677,469.218,167.0,0.0925607658483,0.595458957474,0.298407700428
323.272,467.274,167.0,0.0925607658483,0.595458957474,0.298407700428
325.166,465.858,167.0,0.0925607658483,0.595458957474,0.298407700428
326.665,464.267,167.0,0.0925607658483,0.595458957474,0.298407700428
328.254,462.736,167.0,0.0925607658483,0.595458957474,0.298407700428
330.277,461.707,167.0,0.0925607658483,0.595458957474,0.298407700428
331.013,459.778,167.0,0.0925607658483,0.595458957474,0.298407700428
332.669,458.247,167.0,0.0925607658483,0.595458957474,0.298407700428
334.336,456.748,167.0,0.0925607658483,0.595458957474,0.298407700428
335.857,455.152,167.0,0.0925607658483,0.595458957474,0.298407700428
336.865,453.183,167.0,0.0925607658483,0.595458957474,0.298407700428
338.444,451.624,167.0,0.0925607658483,0.595458957474,0.298407700428
340.116,450.103,167.0,0.0925607658483,0.595458957474,0.298407700428
341.003,448.275,167.0,0.0925607658483,0.595458957474,0.298407700428
342.15,447.049,167.0,0.0925607658483,0.595458957474,0.298407700428
342.439,444.911,167.0,0.0925607658483,0.595458957474,0.298407700428
342.922,442.917,167.0,0.0925607658483,0.595458957474,0.298407700428
343.849,441.087,167.0,0.0925607658483,0.595458957474,0.298407700428
344.762,439.25,167.0,0.0925607658483,0.595458957474,0.298407700428
344.748,437.029,167.0,0.0925607658483,0.595458957474,0.298407700428
344.75,434.815,167.0,0.0925607658483,0.595458957474,0.298407700428
344.751,432.6,167.0,0.0925607658483,0.595458957474,0.298407700428
344.751,430.385,167.0,0.0925607658483,0.595458957474,0.298407700428
344.296,428.619,167.0,0.0925607658483,0.595458957474,0.298407700428
343.557,426.853,167.0,0.0925607658483,0.595458957474,0.298407700428
343.044,424.805,167.0,0.0925607658483,0.595458957474,0.298407700428
342.114,422.972,167.0,0.0925607658483,0.595458957474,0.298407700428
341.28,421.05,167.0,0.0925607658483,0.595458957474,0.298407700428
340.352,419.786,167.0,0.0925607658483,0.595458957474,0.298407700428
338.808,418.142,167.0,0.0925607658483,0.595458957474,0.298407700428
337.521,417.164,167.0,0.0925607658483,0.595458957474,0.298407700428
336.123,416.342,167.0,0.0925607658483,0.595458957474,0.298407700428
335.191,414.575,167.0,0.0925607658483,0.595458957474,0.298407700428
334.065,413.354,167.0,0.0925607658483,0.595458957474,0.298407700428
332.391,411.853,167.0,0.0925607658483,0.595458957474,0.298407700428
330.734,410.342,167.0,0.0925607658483,0.595458957474,0.298407700428
329.79,409.034,167.0,0.0925607658483,0.595458957474,0.298407700428
328.94,407.686,167.0,0.0925607658483,0.595458957474,0.298407700428
327.432,406.059,167.0,0.0925607658483,0.595458957474,0.298407700428
326.996,404.001,167.0,0.0925607658483,0.595458957474,0.298407700428
326.297,402.482,167.0,0.0925607658483,0.595458957474,0.298407700428
325.359,401.22,167.0,0.0925607658483,0.595458957474,0.298407700428
324.198,399.462,167.0,0.0925607658483,0.595458957474,0.298407700428
322.122,398.428,167.0,0.0925607658483,0.595458957474,0.298407700428
320.211,397.469,167.0,0.0925607658483,0.595458957474,0.298407700428
