306.414,489.697,178.0,0.0925607658483,0.595458957474,0.298407700428
308.07,487.956,178.0,0.0925607658483,0.595458957474,0.298407700428
309.737,486.243,178.0,0.0925607658483,0.595458957474,0.298407700428
311.738,485.312,178.0,0.0925607658483,0.595458957474,0.298407700428
312.962,483.246,178.0,0.0925607658483,0.595458957474,0.298407700428
314.731,481.936,178.0,0.0925607658483,0.595458957474,0.298407700428
316.241,480.412,178.0,0.0925607658483,0.595458957474,0.298407700428
317.703,478.413,178.0,0.0925607658483,0.595458957474,0.298407700428
319.206,477.037,178.0,0.0925607658483,0.595458957474,0.298407700428
320.74,475.19,178.0,0.0925607658483,0.595458957474,0.298407700428
322.414,473.527,178.0,0.0925607658483,0.595458957474,0.298407700428
324.238,471.911,178.0,0.0925607658483,0.595458957474,0.298407700428
325.098,469.89,178.0,0.0925607658483,0.595458957474,0.298407700428
327.087,468.337,178.0,0.0925607658483,0.595458957474,0.298407700428
327.284,466.042,178.0,0.0925607658483,0.595458957474,0.298407700428
328.996,464.375,178.0,0.0925607658483,0.595458957474,0.298407700428
330.555,462.489,178.0,0.0925607658483,0.595458957474,0.298407700428
330.708,460.134,178.0,0.0925607658483,0.595458957474,0.298407700428
332.41,458.464,178.0,0.0925607658483,0.595458957474,0.298407700428
333.367,456.484,178.0,0.0925607658483,0.595458957474,0.298407700428
335.011,454.645,178.0,0.0925607658483,0.595458957474,0.298407700428
335.55,452.55,178.0,0.0925607658483,0.595458957474,0.298407700428
337.736,451.33,178.0,0.0925607658483,0.595458957474,0.298407700428
337.743,448.952,178.0,0.0925607658483,0.595458957474,0.298407700428
339.291,447.216,178.0,0.0925607658483,0.595458957474,0.298407700428
339.979,445.078,178.0,0.0925607658483,0.595458957474,0.298407700428
341.284,443.089,178.0,0.0925607658483,0.595458957474,0.298407700428
342.197,441.025,178.0,0.0925607658483,0.595458957474,0.298407700428
343.126,439.662,178.0,0.0925607658483,0.595458957474,0.298407700428
343.049,437.21,178.0,0.0925607658483,0.595458957474,0.298407700428
343.025,434.842,178.0,0.0925607658483,0.595458957474,0.298407700428
342.87,432.531,178.0,0.0925607658483,0.595458957474,0.298407700428
342.162,430.461,178.0,0.0925607658483,0.595458957474,0.298407700428
340.972,429.159,178.0,0.0925607658483,0.595458957474,0.298407700428
340.092,427.098,178.0,0.0925607658483,0.595458957474,0.298407700428
338.839,424.964,178.0,0.0925607658483,0.595458957474,0.298407700428
336.905,423.994,178.0,0.0925607658483,0.595458957474,0.298407700428
336.392,421.943,178.0,0.0925607658483,0.595458957474,0.298407700428
335.107,420.338,178.0,0.0925607658483,0.595458957474,0.298407700428
333.372,418.681,178.0,0.0925607658483,0.595458957474,0.298407700428
332.224,416.617,178.0,0.0925607658483,0.595458957474,0.298407700428
330.529,414.951,178.0,0.0925607658483,0.595458957474,0.298407700428
328.945,413.238,178.0,0.0925607658483,0.595458957474,0.298407700428
328.15,411.685,178.0,0.0925607658483,0.595458957474,0.298407700428
326.477,410.009,178.0,0.0925607658483,0.595458957474,0.298407700428
325.456,408.06,178.0,0.0925607658483,0.595458957474,0.298407700428
323.159,407.343,178.0,0.0925607658483,0.595458957474,0.298407700428
321.19,406.394,178.0,0.0925607658483,0.595458957474,0.298407700428
319.188,405.489,178.0,0.0925607658483,0.595458957474,0.298407700428
316.794,405.533,178.0,0.0925607658483,0.595458957474,0.298407700428
314.417,405.535,178.0,0.0925607658483,0.595458957474,0.298407700428
312.03,405.509,178.0,0.0925607658483,0.595458957474,0.298407700428
310.219,406.876,178.0,0.0925607658483,0.595458957474,0.298407700428
308.005,407.268,178.0,0.0925607658483,0.595458957474,0.298407700428
306.408,409.145,178.0,0.0925607658483,0.595458957474,0.298407700428
304.358,409.935,178.0,0.0925607658483,0.595458957474,0.298407700428
302.694,411.647,178.0,0.0925607658483,0.595458957474,0.298407700428
300.675,412.809,178.0,0.0925607658483,0.595458957474,0.298407700428
299.609,415.005,178.0,0.0925607658483,0.595458957474,0.298407700428
297.602,416.303,178.0,0.0925607658483,0.595458957474,0.298407700428
296.057,418.037,178.0,0.0925607658483,0.595458957474,0.298407700428
294.149,418.67,178.0,0.0925607658483,0.595458957474,0.298407700428
292.99,420.455,178.0,0.0925607658483,0.595458957474,0.298407700428
292.138,422.48,178.0,0.0925607658483,0.595458957474,0.298407700428
290.324,424.103,178.0,0.0925607658483,0.595458957474,0.298407700428
289.8,426.262,178.0,0.0925607658483,0.595458957474,0.298407700428
289.593,428.539,178.0,0.0925607658483,0.595458957474,0.298407700428
288.691,430.696,178.0,0.0925607658483,0.595458957474,0.298407700428
288.614,433.055,178.0,0.0925607658483,0.595458957474,0.298407700428
288.589,435.426,178.0,0.0925607658483,0.595458957474,0.298407700428
288.601,437.805,178.0,0.0925607658483,0.595458957474,0.298407700428
288.6,440.181,178.0,0.0925607658483,0.595458957474,0.298407700428
288.6,442.558,178.0,0.0925607658483,0.595458957474,0.298407700428
288.602,444.933,178.0,0.0925607658483,0.595458957474,0.298407700428
288.613,447.306,178.0,0.0925607658483,0.595458957474,0.298407700428
288.74,449.629,178.0,0.0925607658483,0.595458957474,0.298407700428
289.686,451.614,178.0,0.0925607658483,0.595458957474,0.298407700428
289.496,454.069,178.0,0.0925607658483,0.595458957474,0.298407700428
289.47,456.457,178.0,0.0925607658483,0.595458957474,0.298407700428
290.333,458.476,178.0,0.0925607658483,0.595458957474,0.298407700428
290.366,460.839,178.0,0.0925607658483,0.595458957474,0.298407700428
290.356,463.219,178.0,0.0925607658483,0.595458957474,0.298407700428
290.356,465.596,178.0,0.0925607658483,0.595458957474,0.298407700428
290.357,467.972,178.0,0.0925607658483,0.595458957474,0.298407700428
290.357,470.349,178.0,0.0925607658483,0.595458957474,0.298407700428
290.357,472.725,178.0,0.0925607658483,0.595458957474,0.298407700428
290.357,475.102,178.0,0.0925607658483,0.595458957474,0.298407700428
290.357,477.478,178.0,0.0925607658483,0.595458957474,0.298407700428
290.356,479.855,178.0,0.0925607658483,0.595458957474,0.298407700428
290.364,482.228,178.0,0.0925607658483,0.595458957474,0.298407700428
290.932,484.37,178.0,0.0925607658483,0.595458957474,0.298407700428
292.102,486.262,178.0,0.0925607658483,0.595458957474,0.298407700428
293.815,487.929,178.0,0.0925607658483,0.595458957474,0.298407700428
295.414,489.642,178.0,0.0925607658483,0.595458957474,0.298407700428
297.314,491.151,178.0,0.0925607658483,0.595458957474,0.298407700428
299.452,491.815,178.0,0.0925607658483,0.595458957474,0.298407700428
301.73,491.446,178.0,0.0925607658483,0.595458957474,0.298407700428
304.091,490.446,178.0,0.0925607658483,0.595458957474,0.298407700428
