276.918,505.649,185.0,0.695669217653,0.0525743237531,0.70305049722
279.899,505.649,185.0,0.695669217653,0.0525743237531,0.70305049722
282.845,505.504,185.0,0.695669217653,0.0525743237531,0.70305049722
285.647,504.759,185.0,0.695669217653,0.0525743237531,0.70305049722
288.35,503.946,185.0,0.695669217653,0.0525743237531,0.70305049722
290.371,503.007,185.0,0.695669217653,0.0525743237531,0.70305049722
292.912,501.579,185.0,0.695669217653,0.0525743237531,0.70305049722
295.257,499.872,185.0,0.695669217653,0.0525743237531,0.70305049722
297.623,498.145,185.0,0.695669217653,0.0525743237531,0.70305049722
300.118,496.838,185.0,0.695669217653,0.0525743237531,0.70305049722
302.329,495.037,185.0,0.695669217653,0.0525743237531,0.70305049722
305.144,494.077,185.0,0.695669217653,0.0525743237531,0.70305049722
306.601,492.092,185.0,0.695669217653,0.0525743237531,0.70305049722
308.906,490.525,185.0,0.695669217653,0.0525743237531,0.70305049722
310.596,488.785,185.0,0.695669217653,0.0525743237531,0.70305049722
313.12,487.084,185.0,0.695669217653,0.0525743237531,0.70305049722
315.291,485.102,185.0,0.695669217653,0.0525743237531,0.70305049722
317.395,482.993,185.0,0.695669217653,0.0525743237531,0.70305049722
319.132,480.648,185.0,0.695669217653,0.0525743237531,0.70305049722
321.144,479.0,185.0,0.695669217653,0.0525743237531,0.70305049722
322.85,476.668,185.0,0.695669217653,0.0525743237531,0.70305049722
323.713,474.044,185.0,0.695669217653,0.0525743237531,0.70305049722
324.593,471.425,185.0,0.695669217653,0.0525743237531,0.70305049722
326.356,469.533,185.0,0.695669217653,0.0525743237531,0.70305049722
326.593,466.652,185.0,0.695669217653,0.0525743237531,0.70305049722
328.147,464.315,185.0,0.695669217653,0.0525743237531,0.70305049722
329.674,461.966,185.0,0.695669217653,0.0525743237531,0.70305049722
329.893,459.076,185.0,0.695669217653,0.0525743237531,0.70305049722
331.54,456.63,185.0,0.695669217653,0.0525743237531,0.70305049722
333.438,454.425,185.0,0.695669217653,0.0525743237531,0.70305049722
334.54,451.901,185.0,0.695669217653,0.0525743237531,0.70305049722
335.941,449.5,185.0,0.695669217653,0.0525743237531,0.70305049722
336.924,446.926,185.0,0.695669217653,0.0525743237531,0.70305049722
337.758,444.29,185.0,0.695669217653,0.0525743237531,0.70305049722
338.65,441.679,185.0,0.695669217653,0.0525743237531,0.70305049722
339.405,439.016,185.0,0.695669217653,0.0525743237531,0.70305049722
340.415,436.291,185.0,0.695669217653,0.0525743237531,0.70305049722
340.414,433.309,185.0,0.695669217653,0.0525743237531,0.70305049722
340.415,430.328,185.0,0.695669217653,0.0525743237531,0.70305049722
340.129,427.385,185.0,0.695669217653,0.0525743237531,0.70305049722
338.645,424.942,185.0,0.695669217653,0.0525743237531,0.70305049722
337.09,422.74,185.0,0.695669217653,0.0525743237531,0.70305049722
335.15,420.795,185.0,0.695669217653,0.0525743237531,0.70305049722
332.767,419.687,185.0,0.695669217653,0.0525743237531,0.70305049722
330.956,417.841,185.0,0.695669217653,0.0525743237531,0.70305049722
328.777,415.875,185.0,0.695669217653,0.0525743237531,0.70305049722
326.333,414.816,185.0,0.695669217653,0.0525743237531,0.70305049722
324.56,412.547,185.0,0.695669217653,0.0525743237531,0.70305049722
322.187,411.083,185.0,0.695669217653,0.0525743237531,0.70305049722
320.048,408.966,185.0,0.695669217653,0.0525743237531,0.70305049722
318.286,407.047,185.0,0.695669217653,0.0525743237531,0.70305049722
316.774,404.678,185.0,0.695669217653,0.0525743237531,0.70305049722
314.452,403.59,185.0,0.695669217653,0.0525743237531,0.70305049722
312.01,402.627,185.0,0.695669217653,0.0525743237531,0.70305049722
309.357,402.192,185.0,0.695669217653,0.0525743237531,0.70305049722
307.03,403.781,185.0,0.695669217653,0.0525743237531,0.70305049722
305.468,406.287,185.0,0.695669217653,0.0525743237531,0.70305049722
304.06,408.694,185.0,0.695669217653,0.0525743237531,0.70305049722
301.38,410.17,185.0,0.695669217653,0.0525743237531,0.70305049722
299.978,412.588,185.0,0.695669217653,0.0525743237531,0.70305049722
298.054,414.982,185.0,0.695669217653,0.0525743237531,0.70305049722
296.274,416.524,185.0,0.695669217653,0.0525743237531,0.70305049722
294.701,418.832,185.0,0.695669217653,0.0525743237531,0.70305049722
292.451,420.881,185.0,0.695669217653,0.0525743237531,0.70305049722
291.239,423.36,185.0,0.695669217653,0.0525743237531,0.70305049722
288.946,425.39,185.0,0.695669217653,0.0525743237531,0.70305049722
286.836,427.5,185.0,0.695669217653,0.0525743237531,0.70305049722
285.086,429.241,185.0,0.695669217653,0.0525743237531,0.70305049722
283.25,431.308,185.0,0.695669217653,0.0525743237531,0.70305049722
281.785,433.473,185.0,0.695669217653,0.0525743237531,0.70305049722
280.684,436.16,185.0,0.695669217653,0.0525743237531,0.70305049722
279.801,438.775,185.0,0.695669217653,0.0525743237531,0.70305049722
279.896,441.746,185.0,0.695669217653,0.0525743237531,0.70305049722
280.65,444.548,185.0,0.695669217653,0.0525743237531,0.70305049722
281.471,447.328,185.0,0.695669217653,0.0525743237531,0.70305049722
282.124,450.053,185.0,0.695669217653,0.0525743237531,0.70305049722
283.28,452.725,185.0,0.695669217653,0.0525743237531,0.70305049722
284.316,455.314,185.0,0.695669217653,0.0525743237531,0.70305049722
286.287,457.594,185.0,0.695669217653,0.0525743237531,0.70305049722
287.011,460.277,185.0,0.695669217653,0.0525743237531,0.70305049722
288.603,462.599,185.0,0.695669217653,0.0525743237531,0.70305049722
289.629,465.163,185.0,0.695669217653,0.0525743237531,0.70305049722
289.293,468.123,185.0,0.695669217653,0.0525743237531,0.70305049722
288.608,470.818,185.0,0.695669217653,0.0525743237531,0.70305049722
287.456,473.549,185.0,0.695669217653,0.0525743237531,0.70305049722
285.163,474.8,185.0,0.695669217653,0.0525743237531,0.70305049722
283.371,477.432,185.0,0.695669217653,0.0525743237531,0.70305049722
281.569,479.307,185.0,0.695669217653,0.0525743237531,0.70305049722
279.976,481.786,185.0,0.695669217653,0.0525743237531,0.70305049722
277.395,483.4,185.0,0.695669217653,0.0525743237531,0.70305049722
275.934,485.686,185.0,0.695669217653,0.0525743237531,0.70305049722
273.455,487.344,185.0,0.695669217653,0.0525743237531,0.70305049722
272.041,489.746,185.0,0.695669217653,0.0525743237531,0.70305049722
269.91,491.845,185.0,0.695669217653,0.0525743237531,0.70305049722
267.825,493.962,185.0,0.695669217653,0.0525743237531,0.70305049722
266.655,496.459,185.0,0.695669217653,0.0525743237531,0.70305049722
266.746,499.385,185.0,0.695669217653,0.0525743237531,0.70305049722
268.073,501.725,185.0,0.695669217653,0.0525743237531,0.70305049722
270.553,503.515,185.0,0.695669217653,0.0525743237531,0.70305049722
273.726,504.974,185.0,0.695669217653,0.0525743237531,0.70305049722
