280.28,504.403,188.0,0.695669217653,0.0525743237531,0.70305049722
282.899,502.996,188.0,0.695669217653,0.0525743237531,0.70305049722
285.681,502.431,188.0,0.695669217653,0.0525743237531,0.70305049722
288.239,501.355,188.0,0.695669217653,0.0525743237531,0.70305049722
290.831,500.378,188.0,0.695669217653,0.0525743237531,0.70305049722
293.436,499.43,188.0,0.695669217653,0.0525743237531,0.70305049722
296.199,498.862,188.0,0.695669217653,0.0525743237531,0.70305049722
299.104,498.639,188.0,0.695669217653,0.0525743237531,0.70305049722
301.323,496.777,188.0,0.695669217653,0.0525743237531,0.70305049722
304.227,496.187,188.0,0.695669217653,0.0525743237531,0.70305049722
306.661,494.791,188.0,0.695669217653,0.0525743237531,0.70305049722
309.023,493.258,188.0,0.695669217653,0.0525743237531,0.70305049722
311.263,491.279,188.0,0.695669217653,0.0525743237531,0.70305049722
313.445,489.206,188.0,0.695669217653,0.0525743237531,0.70305049722
315.761,488.336,188.0,0.695669217653,0.0525743237531,0.70305049722
316.92,486.251,188.0,0.695669217653,0.0525743237531,0.70305049722
319.074,484.104,188.0,0.695669217653,0.0525743237531,0.70305049722
320.547,481.716,188.0,0.695669217653,0.0525743237531,0.70305049722
321.051,478.927,188.0,0.695669217653,0.0525743237531,0.70305049722
322.105,476.366,188.0,0.695669217653,0.0525743237531,0.70305049722
321.915,473.29,188.0,0.695669217653,0.0525743237531,0.70305049722
323.768,471.059,188.0,0.695669217653,0.0525743237531,0.70305049722
324.023,468.12,188.0,0.695669217653,0.0525743237531,0.70305049722
324.605,465.254,188.0,0.695669217653,0.0525743237531,0.70305049722
326.247,462.789,188.0,0.695669217653,0.0525743237531,0.70305049722
327.869,460.326,188.0,0.695669217653,0.0525743237531,0.70305049722
329.218,457.859,188.0,0.695669217653,0.0525743237531,0.70305049722
331.507,455.814,188.0,0.695669217653,0.0525743237531,0.70305049722
332.348,453.338,188.0,0.695669217653,0.0525743237531,0.70305049722
334.607,451.371,188.0,0.695669217653,0.0525743237531,0.70305049722
336.546,449.069,188.0,0.695669217653,0.0525743237531,0.70305049722
337.954,446.652,188.0,0.695669217653,0.0525743237531,0.70305049722
339.524,444.314,188.0,0.695669217653,0.0525743237531,0.70305049722
341.93,442.883,188.0,0.695669217653,0.0525743237531,0.70305049722
342.171,439.92,188.0,0.695669217653,0.0525743237531,0.70305049722
342.17,436.922,188.0,0.695669217653,0.0525743237531,0.70305049722
342.162,433.926,188.0,0.695669217653,0.0525743237531,0.70305049722
341.308,431.133,188.0,0.695669217653,0.0525743237531,0.70305049722
340.39,428.507,188.0,0.695669217653,0.0525743237531,0.70305049722
338.791,426.624,188.0,0.695669217653,0.0525743237531,0.70305049722
337.353,424.293,188.0,0.695669217653,0.0525743237531,0.70305049722
334.611,423.124,188.0,0.695669217653,0.0525743237531,0.70305049722
333.167,420.847,188.0,0.695669217653,0.0525743237531,0.70305049722
330.777,419.951,188.0,0.695669217653,0.0525743237531,0.70305049722
329.628,417.39,188.0,0.695669217653,0.0525743237531,0.70305049722
327.031,415.703,188.0,0.695669217653,0.0525743237531,0.70305049722
324.906,413.591,188.0,0.695669217653,0.0525743237531,0.70305049722
322.5,412.161,188.0,0.695669217653,0.0525743237531,0.70305049722
320.4,409.996,188.0,0.695669217653,0.0525743237531,0.70305049722
317.854,408.732,188.0,0.695669217653,0.0525743237531,0.70305049722
316.016,406.512,188.0,0.695669217653,0.0525743237531,0.70305049722
313.474,405.528,188.0,0.695669217653,0.0525743237531,0.70305049722
311.758,403.719,188.0,0.695669217653,0.0525743237531,0.70305049722
309.094,402.665,188.0,0.695669217653,0.0525743237531,0.70305049722
306.618,404.217,188.0,0.695669217653,0.0525743237531,0.70305049722
304.478,406.319,188.0,0.695669217653,0.0525743237531,0.70305049722
302.905,408.832,188.0,0.695669217653,0.0525743237531,0.70305049722
301.157,411.22,188.0,0.695669217653,0.0525743237531,0.70305049722
299.135,413.409,188.0,0.695669217653,0.0525743237531,0.70305049722
297.027,415.536,188.0,0.695669217653,0.0525743237531,0.70305049722
294.685,417.377,188.0,0.695669217653,0.0525743237531,0.70305049722
292.953,419.653,188.0,0.695669217653,0.0525743237531,0.70305049722
290.409,421.248,188.0,0.695669217653,0.0525743237531,0.70305049722
289.595,423.895,188.0,0.695669217653,0.0525743237531,0.70305049722
287.546,426.068,188.0,0.695669217653,0.0525743237531,0.70305049722
285.876,428.521,188.0,0.695669217653,0.0525743237531,0.70305049722
283.614,430.565,188.0,0.695669217653,0.0525743237531,0.70305049722
282.381,433.052,188.0,0.695669217653,0.0525743237531,0.70305049722
281.401,435.632,188.0,0.695669217653,0.0525743237531,0.70305049722
281.665,438.801,188.0,0.695669217653,0.0525743237531,0.70305049722
280.69,440.828,188.0,0.695669217653,0.0525743237531,0.70305049722
280.605,443.867,188.0,0.695669217653,0.0525743237531,0.70305049722
282.533,446.072,188.0,0.695669217653,0.0525743237531,0.70305049722
283.15,449.042,188.0,0.695669217653,0.0525743237531,0.70305049722
285.097,451.263,188.0,0.695669217653,0.0525743237531,0.70305049722
286.005,453.312,188.0,0.695669217653,0.0525743237531,0.70305049722
286.897,455.972,188.0,0.695669217653,0.0525743237531,0.70305049722
288.16,458.622,188.0,0.695669217653,0.0525743237531,0.70305049722
289.77,461.118,188.0,0.695669217653,0.0525743237531,0.70305049722
290.364,463.861,188.0,0.695669217653,0.0525743237531,0.70305049722
290.356,466.862,188.0,0.695669217653,0.0525743237531,0.70305049722
290.292,469.843,188.0,0.695669217653,0.0525743237531,0.70305049722
289.306,472.575,188.0,0.695669217653,0.0525743237531,0.70305049722
287.007,474.601,188.0,0.695669217653,0.0525743237531,0.70305049722
285.958,476.671,188.0,0.695669217653,0.0525743237531,0.70305049722
283.525,478.08,188.0,0.695669217653,0.0525743237531,0.70305049722
281.976,480.638,188.0,0.695669217653,0.0525743237531,0.70305049722
279.768,482.174,188.0,0.695669217653,0.0525743237531,0.70305049722
278.092,484.527,188.0,0.695669217653,0.0525743237531,0.70305049722
276.304,486.268,188.0,0.695669217653,0.0525743237531,0.70305049722
274.218,488.402,188.0,0.695669217653,0.0525743237531,0.70305049722
272.77,490.818,188.0,0.695669217653,0.0525743237531,0.70305049722
270.246,492.211,188.0,0.695669217653,0.0525743237531,0.70305049722
268.811,494.64,188.0,0.695669217653,0.0525743237531,0.70305049722
267.481,497.242,188.0,0.695669217653,0.0525743237531,0.70305049722
266.605,499.355,188.0,0.695669217653,0.0525743237531,0.70305049722
268.187,502.443,188.0,0.695669217653,0.0525743237531,0.70305049722
270.639,504.118,188.0,0.695669217653,0.0525743237531,0.70305049722
273.711,504.783,188.0,0.695669217653,0.0525743237531,0.70305049722
277.156,504.842,188.0,0.695669217653,0.0525743237531,0.70305049722
