261.035,509.476,189.0,0.695669217653,0.0525743237531,0.70305049722
264.15,509.033,189.0,0.695669217653,0.0525743237531,0.70305049722
267.017,507.756,189.0,0.695669217653,0.0525743237531,0.70305049722
269.932,506.174,189.0,0.695669217653,0.0525743237531,0.70305049722
273.108,505.247,189.0,0.695669217653,0.0525743237531,0.70305049722
276.069,503.91,189.0,0.695669217653,0.0525743237531,0.70305049722
278.309,502.834,189.0,0.695669217653,0.0525743237531,0.70305049722
281.601,502.127,189.0,0.695669217653,0.0525743237531,0.70305049722
284.792,501.548,189.0,0.695669217653,0.0525743237531,0.70305049722
287.695,500.442,189.0,0.695669217653,0.0525743237531,0.70305049722
290.665,499.115,189.0,0.695669217653,0.0525743237531,0.70305049722
293.75,498.614,189.0,0.695669217653,0.0525743237531,0.70305049722
296.62,497.582,189.0,0.695669217653,0.0525743237531,0.70305049722
299.731,497.148,189.0,0.695669217653,0.0525743237531,0.70305049722
302.414,495.257,189.0,0.695669217653,0.0525743237531,0.70305049722
305.688,495.206,189.0,0.695669217653,0.0525743237531,0.70305049722
308.214,493.343,189.0,0.695669217653,0.0525743237531,0.70305049722
310.748,491.482,189.0,0.695669217653,0.0525743237531,0.70305049722
313.908,490.446,189.0,0.695669217653,0.0525743237531,0.70305049722
316.377,488.256,189.0,0.695669217653,0.0525743237531,0.70305049722
319.11,486.677,189.0,0.695669217653,0.0525743237531,0.70305049722
320.73,484.012,189.0,0.695669217653,0.0525743237531,0.70305049722
321.91,481.1,189.0,0.695669217653,0.0525743237531,0.70305049722
322.921,478.21,189.0,0.695669217653,0.0525743237531,0.70305049722
323.679,475.075,189.0,0.695669217653,0.0525743237531,0.70305049722
325.483,472.378,189.0,0.695669217653,0.0525743237531,0.70305049722
326.414,469.459,189.0,0.695669217653,0.0525743237531,0.70305049722
327.189,466.341,189.0,0.695669217653,0.0525743237531,0.70305049722
328.172,463.432,189.0,0.695669217653,0.0525743237531,0.70305049722
329.987,460.729,189.0,0.695669217653,0.0525743237531,0.70305049722
331.364,457.709,189.0,0.695669217653,0.0525743237531,0.70305049722
333.238,455.04,189.0,0.695669217653,0.0525743237531,0.70305049722
334.526,451.843,189.0,0.695669217653,0.0525743237531,0.70305049722
336.136,449.774,189.0,0.695669217653,0.0525743237531,0.70305049722
338.677,447.577,189.0,0.695669217653,0.0525743237531,0.70305049722
340.483,445.056,189.0,0.695669217653,0.0525743237531,0.70305049722
341.744,442.767,189.0,0.695669217653,0.0525743237531,0.70305049722
343.953,440.384,189.0,0.695669217653,0.0525743237531,0.70305049722
344.816,437.281,189.0,0.695669217653,0.0525743237531,0.70305049722
344.804,433.98,189.0,0.695669217653,0.0525743237531,0.70305049722
344.655,430.744,189.0,0.695669217653,0.0525743237531,0.70305049722
342.206,428.461,189.0,0.695669217653,0.0525743237531,0.70305049722
340.49,426.102,189.0,0.695669217653,0.0525743237531,0.70305049722
338.408,423.928,189.0,0.695669217653,0.0525743237531,0.70305049722
335.785,422.073,189.0,0.695669217653,0.0525743237531,0.70305049722
333.786,420.215,189.0,0.695669217653,0.0525743237531,0.70305049722
331.5,417.829,189.0,0.695669217653,0.0525743237531,0.70305049722
328.953,416.017,189.0,0.695669217653,0.0525743237531,0.70305049722
326.36,414.314,189.0,0.695669217653,0.0525743237531,0.70305049722
324.214,412.57,189.0,0.695669217653,0.0525743237531,0.70305049722
322.258,410.315,189.0,0.695669217653,0.0525743237531,0.70305049722
320.959,408.119,189.0,0.695669217653,0.0525743237531,0.70305049722
319.314,405.947,189.0,0.695669217653,0.0525743237531,0.70305049722
316.656,404.631,189.0,0.695669217653,0.0525743237531,0.70305049722
313.712,403.774,189.0,0.695669217653,0.0525743237531,0.70305049722
310.422,403.816,189.0,0.695669217653,0.0525743237531,0.70305049722
307.469,404.985,189.0,0.695669217653,0.0525743237531,0.70305049722
304.593,406.386,189.0,0.695669217653,0.0525743237531,0.70305049722
302.858,408.862,189.0,0.695669217653,0.0525743237531,0.70305049722
300.395,410.577,189.0,0.695669217653,0.0525743237531,0.70305049722
298.442,413.354,189.0,0.695669217653,0.0525743237531,0.70305049722
296.583,415.373,189.0,0.695669217653,0.0525743237531,0.70305049722
294.752,417.48,189.0,0.695669217653,0.0525743237531,0.70305049722
293.098,420.238,189.0,0.695669217653,0.0525743237531,0.70305049722
290.817,422.605,189.0,0.695669217653,0.0525743237531,0.70305049722
288.475,424.923,189.0,0.695669217653,0.0525743237531,0.70305049722
286.249,427.347,189.0,0.695669217653,0.0525743237531,0.70305049722
284.156,429.389,189.0,0.695669217653,0.0525743237531,0.70305049722
281.688,431.664,189.0,0.695669217653,0.0525743237531,0.70305049722
280.536,434.645,189.0,0.695669217653,0.0525743237531,0.70305049722
279.856,437.636,189.0,0.695669217653,0.0525743237531,0.70305049722
280.616,440.608,189.0,0.695669217653,0.0525743237531,0.70305049722
282.359,443.185,189.0,0.695669217653,0.0525743237531,0.70305049722
282.961,446.337,189.0,0.695669217653,0.0525743237531,0.70305049722
284.189,449.336,189.0,0.695669217653,0.0525743237531,0.70305049722
285.974,451.89,189.0,0.695669217653,0.0525743237531,0.70305049722
287.701,454.634,189.0,0.695669217653,0.0525743237531,0.70305049722
288.638,457.547,189.0,0.695669217653,0.0525743237531,0.70305049722
289.363,460.778,189.0,0.695669217653,0.0525743237531,0.70305049722
290.353,463.082,189.0,0.695669217653,0.0525743237531,0.70305049722
291.249,465.998,189.0,0.695669217653,0.0525743237531,0.70305049722
291.907,469.142,189.0,0.695669217653,0.0525743237531,0.70305049722
292.275,472.457,189.0,0.695669217653,0.0525743237531,0.70305049722
291.05,475.25,189.0,0.695669217653,0.0525743237531,0.70305049722
288.609,477.537,189.0,0.695669217653,0.0525743237531,0.70305049722
285.906,479.359,189.0,0.695669217653,0.0525743237531,0.70305049722
283.006,480.306,189.0,0.695669217653,0.0525743237531,0.70305049722
280.552,482.546,189.0,0.695669217653,0.0525743237531,0.70305049722
277.638,484.049,189.0,0.695669217653,0.0525743237531,0.70305049722
275.036,485.698,189.0,0.695669217653,0.0525743237531,0.70305049722
272.183,487.175,189.0,0.695669217653,0.0525743237531,0.70305049722
269.611,488.929,189.0,0.695669217653,0.0525743237531,0.70305049722
267.536,490.681,189.0,0.695669217653,0.0525743237531,0.70305049722
264.921,491.328,189.0,0.695669217653,0.0525743237531,0.70305049722
263.483,494.132,189.0,0.695669217653,0.0525743237531,0.70305049722
262.27,496.322,189.0,0.695669217653,0.0525743237531,0.70305049722
261.361,499.403,189.0,0.695669217653,0.0525743237531,0.70305049722
259.126,500.49,189.0,0.695669217653,0.0525743237531,0.70305049722
258.083,502.972,189.0,0.695669217653,0.0525743237531,0.70305049722
258.901,507.461,189.0,0.695669217653,0.0525743237531,0.70305049722
