215.902,507.958,199.0,0.695669217653,0.0525743237531,0.70305049722
219.67,506.045,199.0,0.695669217653,0.0525743237531,0.70305049722
223.254,504.255,199.0,0.695669217653,0.0525743237531,0.70305049722
227.299,503.339,199.0,0.695669217653,0.0525743237531,0.70305049722
231.267,502.336,199.0,0.695669217653,0.0525743237531,0.70305049722
235.509,502.137,199.0,0.695669217653,0.0525743237531,0.70305049722
239.725,502.399,199.0,0.695669217653,0.0525743237531,0.70305049722
243.796,503.014,199.0,0.695669217653,0.0525743237531,0.70305049722
248.122,503.014,199.0,0.695669217653,0.0525743237531,0.70305049722
252.506,503.156,199.0,0.695669217653,0.0525743237531,0.70305049722
256.057,501.288,199.0,0.695669217653,0.0525743237531,0.70305049722
260.331,500.566,199.0,0.695669217653,0.0525743237531,0.70305049722
263.85,498.609,199.0,0.695669217653,0.0525743237531,0.70305049722
267.615,496.861,199.0,0.695669217653,0.0525743237531,0.70305049722
271.504,494.95,199.0,0.695669217653,0.0525743237531,0.70305049722
275.281,493.232,199.0,0.695669217653,0.0525743237531,0.70305049722
278.777,490.978,199.0,0.695669217653,0.0525743237531,0.70305049722
281.989,488.333,199.0,0.695669217653,0.0525743237531,0.70305049722
284.118,485.513,199.0,0.695669217653,0.0525743237531,0.70305049722
285.111,481.595,199.0,0.695669217653,0.0525743237531,0.70305049722
285.962,477.47,199.0,0.695669217653,0.0525743237531,0.70305049722
285.966,473.145,199.0,0.695669217653,0.0525743237531,0.70305049722
285.142,469.018,199.0,0.695669217653,0.0525743237531,0.70305049722
282.874,465.614,199.0,0.695669217653,0.0525743237531,0.70305049722
279.905,463.498,199.0,0.695669217653,0.0525743237531,0.70305049722
276.74,461.666,199.0,0.695669217653,0.0525743237531,0.70305049722
273.579,459.969,199.0,0.695669217653,0.0525743237531,0.70305049722
271.869,456.32,199.0,0.695669217653,0.0525743237531,0.70305049722
271.941,451.983,199.0,0.695669217653,0.0525743237531,0.70305049722
273.689,448.22,199.0,0.695669217653,0.0525743237531,0.70305049722
275.45,444.99,199.0,0.695669217653,0.0525743237531,0.70305049722
278.052,441.744,199.0,0.695669217653,0.0525743237531,0.70305049722
279.792,438.142,199.0,0.695669217653,0.0525743237531,0.70305049722
282.955,435.545,199.0,0.695669217653,0.0525743237531,0.70305049722
284.865,431.937,199.0,0.695669217653,0.0525743237531,0.70305049722
286.873,428.591,199.0,0.695669217653,0.0525743237531,0.70305049722
289.004,425.139,199.0,0.695669217653,0.0525743237531,0.70305049722
291.466,422.116,199.0,0.695669217653,0.0525743237531,0.70305049722
294.441,418.865,199.0,0.695669217653,0.0525743237531,0.70305049722
297.621,416.336,199.0,0.695669217653,0.0525743237531,0.70305049722
300.697,413.743,199.0,0.695669217653,0.0525743237531,0.70305049722
302.669,410.782,199.0,0.695669217653,0.0525743237531,0.70305049722
306.211,408.656,199.0,0.695669217653,0.0525743237531,0.70305049722
310.042,407.287,199.0,0.695669217653,0.0525743237531,0.70305049722
314.358,407.317,199.0,0.695669217653,0.0525743237531,0.70305049722
317.947,409.096,199.0,0.695669217653,0.0525743237531,0.70305049722
321.561,410.805,199.0,0.695669217653,0.0525743237531,0.70305049722
324.431,413.424,199.0,0.695669217653,0.0525743237531,0.70305049722
326.966,416.597,199.0,0.695669217653,0.0525743237531,0.70305049722
329.556,419.355,199.0,0.695669217653,0.0525743237531,0.70305049722
332.554,421.875,199.0,0.695669217653,0.0525743237531,0.70305049722
335.054,424.814,199.0,0.695669217653,0.0525743237531,0.70305049722
336.969,428.063,199.0,0.695669217653,0.0525743237531,0.70305049722
338.637,431.825,199.0,0.695669217653,0.0525743237531,0.70305049722
339.553,435.232,199.0,0.695669217653,0.0525743237531,0.70305049722
338.524,439.168,199.0,0.695669217653,0.0525743237531,0.70305049722
336.837,442.825,199.0,0.695669217653,0.0525743237531,0.70305049722
334.444,446.402,199.0,0.695669217653,0.0525743237531,0.70305049722
332.54,450.296,199.0,0.695669217653,0.0525743237531,0.70305049722
329.748,453.305,199.0,0.695669217653,0.0525743237531,0.70305049722
327.233,456.7,199.0,0.695669217653,0.0525743237531,0.70305049722
326.089,460.597,199.0,0.695669217653,0.0525743237531,0.70305049722
325.017,464.628,199.0,0.695669217653,0.0525743237531,0.70305049722
322.845,468.369,199.0,0.695669217653,0.0525743237531,0.70305049722
321.864,472.454,199.0,0.695669217653,0.0525743237531,0.70305049722
321.051,476.431,199.0,0.695669217653,0.0525743237531,0.70305049722
320.177,480.393,199.0,0.695669217653,0.0525743237531,0.70305049722
319.35,484.369,199.0,0.695669217653,0.0525743237531,0.70305049722
318.613,488.552,199.0,0.695669217653,0.0525743237531,0.70305049722
316.997,492.2,199.0,0.695669217653,0.0525743237531,0.70305049722
314.985,495.897,199.0,0.695669217653,0.0525743237531,0.70305049722
312.363,498.583,199.0,0.695669217653,0.0525743237531,0.70305049722
309.287,501.612,199.0,0.695669217653,0.0525743237531,0.70305049722
305.941,503.981,199.0,0.695669217653,0.0525743237531,0.70305049722
302.371,505.803,199.0,0.695669217653,0.0525743237531,0.70305049722
298.703,507.378,199.0,0.695669217653,0.0525743237531,0.70305049722
294.521,508.418,199.0,0.695669217653,0.0525743237531,0.70305049722
290.462,509.538,199.0,0.695669217653,0.0525743237531,0.70305049722
286.415,510.714,199.0,0.695669217653,0.0525743237531,0.70305049722
282.145,510.938,199.0,0.695669217653,0.0525743237531,0.70305049722
278.156,511.746,199.0,0.695669217653,0.0525743237531,0.70305049722
274.239,510.86,199.0,0.695669217653,0.0525743237531,0.70305049722
269.874,510.956,199.0,0.695669217653,0.0525743237531,0.70305049722
265.925,510.046,199.0,0.695669217653,0.0525743237531,0.70305049722
261.602,510.038,199.0,0.695669217653,0.0525743237531,0.70305049722
257.512,510.966,199.0,0.695669217653,0.0525743237531,0.70305049722
254.394,512.722,199.0,0.695669217653,0.0525743237531,0.70305049722
250.704,514.565,199.0,0.695669217653,0.0525743237531,0.70305049722
247.198,516.889,199.0,0.695669217653,0.0525743237531,0.70305049722
243.489,518.999,199.0,0.695669217653,0.0525743237531,0.70305049722
239.888,521.027,199.0,0.695669217653,0.0525743237531,0.70305049722
237.038,523.628,199.0,0.695669217653,0.0525743237531,0.70305049722
233.559,525.763,199.0,0.695669217653,0.0525743237531,0.70305049722
230.554,527.752,199.0,0.695669217653,0.0525743237531,0.70305049722
227.237,530.193,199.0,0.695669217653,0.0525743237531,0.70305049722
223.196,529.186,199.0,0.695669217653,0.0525743237531,0.70305049722
220.273,526.5,199.0,0.695669217653,0.0525743237531,0.70305049722
218.294,522.637,199.0,0.695669217653,0.0525743237531,0.70305049722
216.99,517.935,199.0,0.695669217653,0.0525743237531,0.70305049722
216.092,512.727,199.0,0.695669217653,0.0525743237531,0.70305049722
