231.57,504.771,203.0,0.695669217653,0.0525743237531,0.70305049722
235.19,504.771,203.0,0.695669217653,0.0525743237531,0.70305049722
238.81,504.772,203.0,0.695669217653,0.0525743237531,0.70305049722
242.433,504.793,203.0,0.695669217653,0.0525743237531,0.70305049722
245.975,504.316,203.0,0.695669217653,0.0525743237531,0.70305049722
249.522,503.856,203.0,0.695669217653,0.0525743237531,0.70305049722
253.056,503.036,203.0,0.695669217653,0.0525743237531,0.70305049722
256.529,502.399,203.0,0.695669217653,0.0525743237531,0.70305049722
259.937,501.173,203.0,0.695669217653,0.0525743237531,0.70305049722
263.305,499.861,203.0,0.695669217653,0.0525743237531,0.70305049722
266.522,498.16,203.0,0.695669217653,0.0525743237531,0.70305049722
270.023,497.575,203.0,0.695669217653,0.0525743237531,0.70305049722
272.729,495.116,203.0,0.695669217653,0.0525743237531,0.70305049722
276.052,494.317,203.0,0.695669217653,0.0525743237531,0.70305049722
278.061,492.02,203.0,0.695669217653,0.0525743237531,0.70305049722
280.608,489.964,203.0,0.695669217653,0.0525743237531,0.70305049722
281.308,486.642,203.0,0.695669217653,0.0525743237531,0.70305049722
281.571,483.131,203.0,0.695669217653,0.0525743237531,0.70305049722
281.986,479.69,203.0,0.695669217653,0.0525743237531,0.70305049722
284.078,476.665,203.0,0.695669217653,0.0525743237531,0.70305049722
284.209,473.052,203.0,0.695669217653,0.0525743237531,0.70305049722
284.23,469.423,203.0,0.695669217653,0.0525743237531,0.70305049722
282.495,466.379,203.0,0.695669217653,0.0525743237531,0.70305049722
281.508,463.156,203.0,0.695669217653,0.0525743237531,0.70305049722
279.923,460.194,203.0,0.695669217653,0.0525743237531,0.70305049722
279.483,456.698,203.0,0.695669217653,0.0525743237531,0.70305049722
278.939,453.205,203.0,0.695669217653,0.0525743237531,0.70305049722
278.944,449.586,203.0,0.695669217653,0.0525743237531,0.70305049722
280.13,446.238,203.0,0.695669217653,0.0525743237531,0.70305049722
280.618,442.624,203.0,0.695669217653,0.0525743237531,0.70305049722
282.455,439.771,203.0,0.695669217653,0.0525743237531,0.70305049722
283.342,436.525,203.0,0.695669217653,0.0525743237531,0.70305049722
284.953,433.281,203.0,0.695669217653,0.0525743237531,0.70305049722
285.642,429.867,203.0,0.695669217653,0.0525743237531,0.70305049722
287.623,426.786,203.0,0.695669217653,0.0525743237531,0.70305049722
288.895,423.521,203.0,0.695669217653,0.0525743237531,0.70305049722
290.71,420.588,203.0,0.695669217653,0.0525743237531,0.70305049722
292.384,417.568,203.0,0.695669217653,0.0525743237531,0.70305049722
294.286,414.737,203.0,0.695669217653,0.0525743237531,0.70305049722
295.633,411.676,203.0,0.695669217653,0.0525743237531,0.70305049722
298.234,409.135,203.0,0.695669217653,0.0525743237531,0.70305049722
300.549,406.869,203.0,0.695669217653,0.0525743237531,0.70305049722
303.588,405.533,203.0,0.695669217653,0.0525743237531,0.70305049722
307.208,405.537,203.0,0.695669217653,0.0525743237531,0.70305049722
310.8,405.646,203.0,0.695669217653,0.0525743237531,0.70305049722
314.271,406.382,203.0,0.695669217653,0.0525743237531,0.70305049722
316.831,407.352,203.0,0.695669217653,0.0525743237531,0.70305049722
319.361,409.047,203.0,0.695669217653,0.0525743237531,0.70305049722
321.954,411.598,203.0,0.695669217653,0.0525743237531,0.70305049722
324.22,413.624,203.0,0.695669217653,0.0525743237531,0.70305049722
325.384,417.067,203.0,0.695669217653,0.0525743237531,0.70305049722
326.354,420.275,203.0,0.695669217653,0.0525743237531,0.70305049722
327.293,423.673,203.0,0.695669217653,0.0525743237531,0.70305049722
328.057,426.967,203.0,0.695669217653,0.0525743237531,0.70305049722
328.986,430.368,203.0,0.695669217653,0.0525743237531,0.70305049722
329.832,433.632,203.0,0.695669217653,0.0525743237531,0.70305049722
329.887,437.229,203.0,0.695669217653,0.0525743237531,0.70305049722
329.875,440.853,203.0,0.695669217653,0.0525743237531,0.70305049722
329.859,444.469,203.0,0.695669217653,0.0525743237531,0.70305049722
329.355,447.97,203.0,0.695669217653,0.0525743237531,0.70305049722
327.672,451.192,203.0,0.695669217653,0.0525743237531,0.70305049722
326.405,454.568,203.0,0.695669217653,0.0525743237531,0.70305049722
324.267,457.464,203.0,0.695669217653,0.0525743237531,0.70305049722
322.04,459.854,203.0,0.695669217653,0.0525743237531,0.70305049722
321.16,463.108,203.0,0.695669217653,0.0525743237531,0.70305049722
320.237,466.356,203.0,0.695669217653,0.0525743237531,0.70305049722
318.534,469.484,203.0,0.695669217653,0.0525743237531,0.70305049722
317.099,472.674,203.0,0.695669217653,0.0525743237531,0.70305049722
316.13,475.99,203.0,0.695669217653,0.0525743237531,0.70305049722
314.931,479.317,203.0,0.695669217653,0.0525743237531,0.70305049722
313.403,482.506,203.0,0.695669217653,0.0525743237531,0.70305049722
312.198,485.611,203.0,0.695669217653,0.0525743237531,0.70305049722
309.694,488.016,203.0,0.695669217653,0.0525743237531,0.70305049722
307.909,491.061,203.0,0.695669217653,0.0525743237531,0.70305049722
305.802,493.81,203.0,0.695669217653,0.0525743237531,0.70305049722
303.713,496.823,203.0,0.695669217653,0.0525743237531,0.70305049722
301.351,498.817,203.0,0.695669217653,0.0525743237531,0.70305049722
298.522,500.96,203.0,0.695669217653,0.0525743237531,0.70305049722
295.603,503.017,203.0,0.695669217653,0.0525743237531,0.70305049722
292.07,503.526,203.0,0.695669217653,0.0525743237531,0.70305049722
288.497,503.95,203.0,0.695669217653,0.0525743237531,0.70305049722
285.546,505.567,203.0,0.695669217653,0.0525743237531,0.70305049722
282.313,506.5,203.0,0.695669217653,0.0525743237531,0.70305049722
279.077,507.428,203.0,0.695669217653,0.0525743237531,0.70305049722
275.666,508.313,203.0,0.695669217653,0.0525743237531,0.70305049722
272.379,509.11,203.0,0.695669217653,0.0525743237531,0.70305049722
269.555,511.037,203.0,0.695669217653,0.0525743237531,0.70305049722
265.886,511.038,203.0,0.695669217653,0.0525743237531,0.70305049722
262.905,512.985,203.0,0.695669217653,0.0525743237531,0.70305049722
259.696,514.341,203.0,0.695669217653,0.0525743237531,0.70305049722
256.894,516.329,203.0,0.695669217653,0.0525743237531,0.70305049722
253.705,517.701,203.0,0.695669217653,0.0525743237531,0.70305049722
250.533,518.825,203.0,0.695669217653,0.0525743237531,0.70305049722
246.912,518.822,203.0,0.695669217653,0.0525743237531,0.70305049722
243.293,518.821,203.0,0.695669217653,0.0525743237531,0.70305049722
239.848,518.436,203.0,0.695669217653,0.0525743237531,0.70305049722
236.981,516.776,203.0,0.695669217653,0.0525743237531,0.70305049722
234.584,514.084,203.0,0.695669217653,0.0525743237531,0.70305049722
232.521,510.654,203.0,0.695669217653,0.0525743237531,0.70305049722
230.658,506.781,203.0,0.695669217653,0.0525743237531,0.70305049722
