228.927,503.869,204.0,0.695669217653,0.0525743237531,0.70305049722
232.195,503.012,204.0,0.695669217653,0.0525743237531,0.70305049722
235.634,502.245,204.0,0.695669217653,0.0525743237531,0.70305049722
239.24,502.182,204.0,0.695669217653,0.0525743237531,0.70305049722
242.633,501.214,204.0,0.695669217653,0.0525743237531,0.70305049722
246.181,500.929,204.0,0.695669217653,0.0525743237531,0.70305049722
249.723,500.47,204.0,0.695669217653,0.0525743237531,0.70305049722
252.735,498.625,204.0,0.695669217653,0.0525743237531,0.70305049722
255.85,497.411,204.0,0.695669217653,0.0525743237531,0.70305049722
259.609,497.75,204.0,0.695669217653,0.0525743237531,0.70305049722
262.896,496.965,204.0,0.695669217653,0.0525743237531,0.70305049722
266.258,495.9,204.0,0.695669217653,0.0525743237531,0.70305049722
269.834,495.714,204.0,0.695669217653,0.0525743237531,0.70305049722
273.243,494.897,204.0,0.695669217653,0.0525743237531,0.70305049722
276.381,493.308,204.0,0.695669217653,0.0525743237531,0.70305049722
278.439,490.929,204.0,0.695669217653,0.0525743237531,0.70305049722
280.694,488.862,204.0,0.695669217653,0.0525743237531,0.70305049722
281.504,485.575,204.0,0.695669217653,0.0525743237531,0.70305049722
281.574,481.982,204.0,0.695669217653,0.0525743237531,0.70305049722
281.575,478.361,204.0,0.695669217653,0.0525743237531,0.70305049722
281.575,474.74,204.0,0.695669217653,0.0525743237531,0.70305049722
281.575,471.119,204.0,0.695669217653,0.0525743237531,0.70305049722
281.575,467.498,204.0,0.695669217653,0.0525743237531,0.70305049722
281.602,463.883,204.0,0.695669217653,0.0525743237531,0.70305049722
281.535,460.246,204.0,0.695669217653,0.0525743237531,0.70305049722
283.203,457.018,204.0,0.695669217653,0.0525743237531,0.70305049722
284.233,453.64,204.0,0.695669217653,0.0525743237531,0.70305049722
285.052,450.362,204.0,0.695669217653,0.0525743237531,0.70305049722
285.088,446.756,204.0,0.695669217653,0.0525743237531,0.70305049722
285.86,443.455,204.0,0.695669217653,0.0525743237531,0.70305049722
285.928,439.861,204.0,0.695669217653,0.0525743237531,0.70305049722
286.946,436.662,204.0,0.695669217653,0.0525743237531,0.70305049722
287.775,433.383,204.0,0.695669217653,0.0525743237531,0.70305049722
288.742,430.001,204.0,0.695669217653,0.0525743237531,0.70305049722
289.984,426.909,204.0,0.695669217653,0.0525743237531,0.70305049722
291.372,423.7,204.0,0.695669217653,0.0525743237531,0.70305049722
293.317,420.882,204.0,0.695669217653,0.0525743237531,0.70305049722
295.671,418.236,204.0,0.695669217653,0.0525743237531,0.70305049722
297.257,415.271,204.0,0.695669217653,0.0525743237531,0.70305049722
299.23,412.449,204.0,0.695669217653,0.0525743237531,0.70305049722
301.63,410.8,204.0,0.695669217653,0.0525743237531,0.70305049722
304.553,409.07,204.0,0.695669217653,0.0525743237531,0.70305049722
307.419,407.251,204.0,0.695669217653,0.0525743237531,0.70305049722
311.056,407.291,204.0,0.695669217653,0.0525743237531,0.70305049722
314.719,407.186,204.0,0.695669217653,0.0525743237531,0.70305049722
317.623,408.463,204.0,0.695669217653,0.0525743237531,0.70305049722
320.106,410.796,204.0,0.695669217653,0.0525743237531,0.70305049722
322.361,413.123,204.0,0.695669217653,0.0525743237531,0.70305049722
324.43,415.605,204.0,0.695669217653,0.0525743237531,0.70305049722
326.59,417.488,204.0,0.695669217653,0.0525743237531,0.70305049722
328.483,420.217,204.0,0.695669217653,0.0525743237531,0.70305049722
329.931,423.36,204.0,0.695669217653,0.0525743237531,0.70305049722
330.734,426.79,204.0,0.695669217653,0.0525743237531,0.70305049722
331.628,430.041,204.0,0.695669217653,0.0525743237531,0.70305049722
331.633,433.661,204.0,0.695669217653,0.0525743237531,0.70305049722
331.099,437.156,204.0,0.695669217653,0.0525743237531,0.70305049722
329.19,440.326,204.0,0.695669217653,0.0525743237531,0.70305049722
327.54,443.552,204.0,0.695669217653,0.0525743237531,0.70305049722
325.706,446.632,204.0,0.695669217653,0.0525743237531,0.70305049722
324.62,449.798,204.0,0.695669217653,0.0525743237531,0.70305049722
323.269,453.132,204.0,0.695669217653,0.0525743237531,0.70305049722
322.887,456.737,204.0,0.695669217653,0.0525743237531,0.70305049722
321.971,459.98,204.0,0.695669217653,0.0525743237531,0.70305049722
321.971,463.601,204.0,0.695669217653,0.0525743237531,0.70305049722
321.916,467.208,204.0,0.695669217653,0.0525743237531,0.70305049722
320.414,470.533,204.0,0.695669217653,0.0525743237531,0.70305049722
320.198,474.148,204.0,0.695669217653,0.0525743237531,0.70305049722
318.438,477.185,204.0,0.695669217653,0.0525743237531,0.70305049722
316.833,480.391,204.0,0.695669217653,0.0525743237531,0.70305049722
315.442,482.77,204.0,0.695669217653,0.0525743237531,0.70305049722
314.728,486.018,204.0,0.695669217653,0.0525743237531,0.70305049722
311.755,488.29,204.0,0.695669217653,0.0525743237531,0.70305049722
309.528,490.912,204.0,0.695669217653,0.0525743237531,0.70305049722
306.967,493.473,204.0,0.695669217653,0.0525743237531,0.70305049722
304.58,495.918,204.0,0.695669217653,0.0525743237531,0.70305049722
302.627,498.716,204.0,0.695669217653,0.0525743237531,0.70305049722
299.718,500.627,204.0,0.695669217653,0.0525743237531,0.70305049722
297.5,502.972,204.0,0.695669217653,0.0525743237531,0.70305049722
294.938,505.581,204.0,0.695669217653,0.0525743237531,0.70305049722
291.889,507.203,204.0,0.695669217653,0.0525743237531,0.70305049722
288.229,507.404,204.0,0.695669217653,0.0525743237531,0.70305049722
284.61,507.423,204.0,0.695669217653,0.0525743237531,0.70305049722
281.147,508.094,204.0,0.695669217653,0.0525743237531,0.70305049722
277.569,508.276,204.0,0.695669217653,0.0525743237531,0.70305049722
273.949,508.283,204.0,0.695669217653,0.0525743237531,0.70305049722
270.328,508.283,204.0,0.695669217653,0.0525743237531,0.70305049722
266.707,508.283,204.0,0.695669217653,0.0525743237531,0.70305049722
263.088,508.286,204.0,0.695669217653,0.0525743237531,0.70305049722
260.316,509.127,204.0,0.695669217653,0.0525743237531,0.70305049722
257.283,510.819,204.0,0.695669217653,0.0525743237531,0.70305049722
254.268,512.742,204.0,0.695669217653,0.0525743237531,0.70305049722
250.997,514.321,204.0,0.695669217653,0.0525743237531,0.70305049722
248.151,516.21,204.0,0.695669217653,0.0525743237531,0.70305049722
245.053,517.794,204.0,0.695669217653,0.0525743237531,0.70305049722
241.493,517.923,204.0,0.695669217653,0.0525743237531,0.70305049722
238.261,517.097,204.0,0.695669217653,0.0525743237531,0.70305049722
235.401,515.236,204.0,0.695669217653,0.0525743237531,0.70305049722
232.83,512.57,204.0,0.695669217653,0.0525743237531,0.70305049722
230.466,509.329,204.0,0.695669217653,0.0525743237531,0.70305049722
228.226,505.743,204.0,0.695669217653,0.0525743237531,0.70305049722
