236.237,506.062,205.0,0.695669217653,0.0525743237531,0.70305049722
239.238,504.792,205.0,0.695669217653,0.0525743237531,0.70305049722
242.399,503.936,205.0,0.695669217653,0.0525743237531,0.70305049722
245.718,502.86,205.0,0.695669217653,0.0525743237531,0.70305049722
248.959,502.182,205.0,0.695669217653,0.0525743237531,0.70305049722
252.13,501.354,205.0,0.695669217653,0.0525743237531,0.70305049722
255.413,500.325,205.0,0.695669217653,0.0525743237531,0.70305049722
259.031,500.239,205.0,0.695669217653,0.0525743237531,0.70305049722
261.964,498.553,205.0,0.695669217653,0.0525743237531,0.70305049722
265.328,497.722,205.0,0.695669217653,0.0525743237531,0.70305049722
268.165,496.086,205.0,0.695669217653,0.0525743237531,0.70305049722
270.945,494.294,205.0,0.695669217653,0.0525743237531,0.70305049722
273.81,492.314,205.0,0.695669217653,0.0525743237531,0.70305049722
276.794,490.41,205.0,0.695669217653,0.0525743237531,0.70305049722
278.569,487.597,205.0,0.695669217653,0.0525743237531,0.70305049722
280.568,484.761,205.0,0.695669217653,0.0525743237531,0.70305049722
283.263,482.328,205.0,0.695669217653,0.0525743237531,0.70305049722
284.2,479.195,205.0,0.695669217653,0.0525743237531,0.70305049722
284.209,475.671,205.0,0.695669217653,0.0525743237531,0.70305049722
284.204,472.146,205.0,0.695669217653,0.0525743237531,0.70305049722
284.239,468.605,205.0,0.695669217653,0.0525743237531,0.70305049722
283.307,465.464,205.0,0.695669217653,0.0525743237531,0.70305049722
283.379,461.907,205.0,0.695669217653,0.0525743237531,0.70305049722
282.514,458.738,205.0,0.695669217653,0.0525743237531,0.70305049722
282.453,455.237,205.0,0.695669217653,0.0525743237531,0.70305049722
282.464,451.715,205.0,0.695669217653,0.0525743237531,0.70305049722
282.67,448.277,205.0,0.695669217653,0.0525743237531,0.70305049722
284.246,445.189,205.0,0.695669217653,0.0525743237531,0.70305049722
284.576,441.688,205.0,0.695669217653,0.0525743237531,0.70305049722
285.234,438.297,205.0,0.695669217653,0.0525743237531,0.70305049722
287.42,435.495,205.0,0.695669217653,0.0525743237531,0.70305049722
288.184,432.198,205.0,0.695669217653,0.0525743237531,0.70305049722
289.47,429.202,205.0,0.695669217653,0.0525743237531,0.70305049722
290.302,426.019,205.0,0.695669217653,0.0525743237531,0.70305049722
292.113,423.085,205.0,0.695669217653,0.0525743237531,0.70305049722
293.783,420.59,205.0,0.695669217653,0.0525743237531,0.70305049722
294.981,417.389,205.0,0.695669217653,0.0525743237531,0.70305049722
297.255,415.241,205.0,0.695669217653,0.0525743237531,0.70305049722
299.346,413.091,205.0,0.695669217653,0.0525743237531,0.70305049722
302.17,411.295,205.0,0.695669217653,0.0525743237531,0.70305049722
305.55,410.649,205.0,0.695669217653,0.0525743237531,0.70305049722
308.321,408.819,205.0,0.695669217653,0.0525743237531,0.70305049722
311.217,407.296,205.0,0.695669217653,0.0525743237531,0.70305049722
314.748,407.284,205.0,0.695669217653,0.0525743237531,0.70305049722
317.348,408.181,205.0,0.695669217653,0.0525743237531,0.70305049722
319.316,410.787,205.0,0.695669217653,0.0525743237531,0.70305049722
321.809,413.281,205.0,0.695669217653,0.0525743237531,0.70305049722
324.403,415.736,205.0,0.695669217653,0.0525743237531,0.70305049722
325.561,418.948,205.0,0.695669217653,0.0525743237531,0.70305049722
325.678,422.418,205.0,0.695669217653,0.0525743237531,0.70305049722
327.128,425.481,205.0,0.695669217653,0.0525743237531,0.70305049722
327.243,428.978,205.0,0.695669217653,0.0525743237531,0.70305049722
327.651,432.336,205.0,0.695669217653,0.0525743237531,0.70305049722
328.008,435.701,205.0,0.695669217653,0.0525743237531,0.70305049722
329.066,438.974,205.0,0.695669217653,0.0525743237531,0.70305049722
329.008,442.517,205.0,0.695669217653,0.0525743237531,0.70305049722
329.086,446.065,205.0,0.695669217653,0.0525743237531,0.70305049722
328.143,449.387,205.0,0.695669217653,0.0525743237531,0.70305049722
326.335,452.15,205.0,0.695669217653,0.0525743237531,0.70305049722
325.686,455.496,205.0,0.695669217653,0.0525743237531,0.70305049722
323.019,458.046,205.0,0.695669217653,0.0525743237531,0.70305049722
321.08,460.768,205.0,0.695669217653,0.0525743237531,0.70305049722
319.318,463.566,205.0,0.695669217653,0.0525743237531,0.70305049722
318.479,466.898,205.0,0.695669217653,0.0525743237531,0.70305049722
317.545,470.204,205.0,0.695669217653,0.0525743237531,0.70305049722
316.657,473.522,205.0,0.695669217653,0.0525743237531,0.70305049722
315.733,476.831,205.0,0.695669217653,0.0525743237531,0.70305049722
314.121,479.978,205.0,0.695669217653,0.0525743237531,0.70305049722
313.841,483.462,205.0,0.695669217653,0.0525743237531,0.70305049722
312.64,486.815,205.0,0.695669217653,0.0525743237531,0.70305049722
311.079,489.791,205.0,0.695669217653,0.0525743237531,0.70305049722
310.139,493.014,205.0,0.695669217653,0.0525743237531,0.70305049722
308.798,495.985,205.0,0.695669217653,0.0525743237531,0.70305049722
307.843,499.507,205.0,0.695669217653,0.0525743237531,0.70305049722
304.889,501.366,205.0,0.695669217653,0.0525743237531,0.70305049722
303.467,504.02,205.0,0.695669217653,0.0525743237531,0.70305049722
300.191,505.502,205.0,0.695669217653,0.0525743237531,0.70305049722
297.302,507.439,205.0,0.695669217653,0.0525743237531,0.70305049722
294.161,509.047,205.0,0.695669217653,0.0525743237531,0.70305049722
290.858,510.286,205.0,0.695669217653,0.0525743237531,0.70305049722
287.819,511.737,205.0,0.695669217653,0.0525743237531,0.70305049722
284.316,511.796,205.0,0.695669217653,0.0525743237531,0.70305049722
280.789,511.796,205.0,0.695669217653,0.0525743237531,0.70305049722
277.34,511.467,205.0,0.695669217653,0.0525743237531,0.70305049722
273.929,510.977,205.0,0.695669217653,0.0525743237531,0.70305049722
270.634,509.989,205.0,0.695669217653,0.0525743237531,0.70305049722
267.137,509.743,205.0,0.695669217653,0.0525743237531,0.70305049722
263.674,509.134,205.0,0.695669217653,0.0525743237531,0.70305049722
260.511,510.033,205.0,0.695669217653,0.0525743237531,0.70305049722
257.466,511.285,205.0,0.695669217653,0.0525743237531,0.70305049722
254.107,512.206,205.0,0.695669217653,0.0525743237531,0.70305049722
251.472,514.56,205.0,0.695669217653,0.0525743237531,0.70305049722
248.394,516.116,205.0,0.695669217653,0.0525743237531,0.70305049722
247.05,518.527,205.0,0.695669217653,0.0525743237531,0.70305049722
243.875,519.608,205.0,0.695669217653,0.0525743237531,0.70305049722
240.746,520.586,205.0,0.695669217653,0.0525743237531,0.70305049722
238.636,519.154,205.0,0.695669217653,0.0525743237531,0.70305049722
238.637,515.215,205.0,0.695669217653,0.0525743237531,0.70305049722
237.606,511.858,205.0,0.695669217653,0.0525743237531,0.70305049722
235.958,508.851,205.0,0.695669217653,0.0525743237531,0.70305049722
