237.701,503.014,206.0,0.695669217653,0.0525743237531,0.70305049722
241.283,502.993,206.0,0.695669217653,0.0525743237531,0.70305049722
244.729,502.137,206.0,0.695669217653,0.0525743237531,0.70305049722
248.314,502.136,206.0,0.695669217653,0.0525743237531,0.70305049722
251.899,502.136,206.0,0.695669217653,0.0525743237531,0.70305049722
255.485,502.136,206.0,0.695669217653,0.0525743237531,0.70305049722
259.087,502.177,206.0,0.695669217653,0.0525743237531,0.70305049722
262.29,501.253,206.0,0.695669217653,0.0525743237531,0.70305049722
265.379,499.517,206.0,0.695669217653,0.0525743237531,0.70305049722
267.792,497.667,206.0,0.695669217653,0.0525743237531,0.70305049722
270.891,496.258,206.0,0.695669217653,0.0525743237531,0.70305049722
273.197,494.011,206.0,0.695669217653,0.0525743237531,0.70305049722
274.873,491.096,206.0,0.695669217653,0.0525743237531,0.70305049722
277.069,488.283,206.0,0.695669217653,0.0525743237531,0.70305049722
279.567,485.718,206.0,0.695669217653,0.0525743237531,0.70305049722
281.588,482.969,206.0,0.695669217653,0.0525743237531,0.70305049722
281.6,479.367,206.0,0.695669217653,0.0525743237531,0.70305049722
280.7,476.151,206.0,0.695669217653,0.0525743237531,0.70305049722
279.774,473.515,206.0,0.695669217653,0.0525743237531,0.70305049722
278.987,470.052,206.0,0.695669217653,0.0525743237531,0.70305049722
277.167,467.22,206.0,0.695669217653,0.0525743237531,0.70305049722
275.973,464.13,206.0,0.695669217653,0.0525743237531,0.70305049722
275.425,460.772,206.0,0.695669217653,0.0525743237531,0.70305049722
275.434,457.188,206.0,0.695669217653,0.0525743237531,0.70305049722
276.325,453.972,206.0,0.695669217653,0.0525743237531,0.70305049722
277.48,450.647,206.0,0.695669217653,0.0525743237531,0.70305049722
277.991,447.074,206.0,0.695669217653,0.0525743237531,0.70305049722
279.8,444.244,206.0,0.695669217653,0.0525743237531,0.70305049722
281.461,441.217,206.0,0.695669217653,0.0525743237531,0.70305049722
281.931,437.537,206.0,0.695669217653,0.0525743237531,0.70305049722
284.224,435.358,206.0,0.695669217653,0.0525743237531,0.70305049722
285.038,431.95,206.0,0.695669217653,0.0525743237531,0.70305049722
287.224,429.643,206.0,0.695669217653,0.0525743237531,0.70305049722
289.392,426.793,206.0,0.695669217653,0.0525743237531,0.70305049722
291.127,423.824,206.0,0.695669217653,0.0525743237531,0.70305049722
293.586,421.455,206.0,0.695669217653,0.0525743237531,0.70305049722
296.508,419.497,206.0,0.695669217653,0.0525743237531,0.70305049722
298.742,417.351,206.0,0.695669217653,0.0525743237531,0.70305049722
300.839,414.648,206.0,0.695669217653,0.0525743237531,0.70305049722
303.509,412.339,206.0,0.695669217653,0.0525743237531,0.70305049722
305.771,410.124,206.0,0.695669217653,0.0525743237531,0.70305049722
308.939,409.078,206.0,0.695669217653,0.0525743237531,0.70305049722
311.652,408.216,206.0,0.695669217653,0.0525743237531,0.70305049722
314.84,407.303,206.0,0.695669217653,0.0525743237531,0.70305049722
318.043,408.37,206.0,0.695669217653,0.0525743237531,0.70305049722
319.925,411.259,206.0,0.695669217653,0.0525743237531,0.70305049722
320.641,414.66,206.0,0.695669217653,0.0525743237531,0.70305049722
322.125,417.74,206.0,0.695669217653,0.0525743237531,0.70305049722
323.658,420.785,206.0,0.695669217653,0.0525743237531,0.70305049722
324.606,423.981,206.0,0.695669217653,0.0525743237531,0.70305049722
326.331,427.152,206.0,0.695669217653,0.0525743237531,0.70305049722
327.203,430.389,206.0,0.695669217653,0.0525743237531,0.70305049722
329.037,433.214,206.0,0.695669217653,0.0525743237531,0.70305049722
329.001,436.82,206.0,0.695669217653,0.0525743237531,0.70305049722
329.088,440.461,206.0,0.695669217653,0.0525743237531,0.70305049722
326.535,442.679,206.0,0.695669217653,0.0525743237531,0.70305049722
324.703,445.744,206.0,0.695669217653,0.0525743237531,0.70305049722
322.935,448.097,206.0,0.695669217653,0.0525743237531,0.70305049722
320.999,450.563,206.0,0.695669217653,0.0525743237531,0.70305049722
319.336,452.958,206.0,0.695669217653,0.0525743237531,0.70305049722
318.698,456.274,206.0,0.695669217653,0.0525743237531,0.70305049722
317.607,459.64,206.0,0.695669217653,0.0525743237531,0.70305049722
316.475,462.948,206.0,0.695669217653,0.0525743237531,0.70305049722
315.823,466.378,206.0,0.695669217653,0.0525743237531,0.70305049722
315.839,469.967,206.0,0.695669217653,0.0525743237531,0.70305049722
315.177,473.439,206.0,0.695669217653,0.0525743237531,0.70305049722
314.717,476.93,206.0,0.695669217653,0.0525743237531,0.70305049722
314.081,480.257,206.0,0.695669217653,0.0525743237531,0.70305049722
313.586,483.72,206.0,0.695669217653,0.0525743237531,0.70305049722
312.791,487.118,206.0,0.695669217653,0.0525743237531,0.70305049722
311.816,490.515,206.0,0.695669217653,0.0525743237531,0.70305049722
310.942,493.828,206.0,0.695669217653,0.0525743237531,0.70305049722
310.363,497.161,206.0,0.695669217653,0.0525743237531,0.70305049722
307.34,498.743,206.0,0.695669217653,0.0525743237531,0.70305049722
304.375,500.852,206.0,0.695669217653,0.0525743237531,0.70305049722
301.049,502.068,206.0,0.695669217653,0.0525743237531,0.70305049722
297.871,503.063,206.0,0.695669217653,0.0525743237531,0.70305049722
294.696,504.775,206.0,0.695669217653,0.0525743237531,0.70305049722
291.311,505.625,206.0,0.695669217653,0.0525743237531,0.70305049722
287.73,505.645,206.0,0.695669217653,0.0525743237531,0.70305049722
284.487,506.448,206.0,0.695669217653,0.0525743237531,0.70305049722
281.079,507.293,206.0,0.695669217653,0.0525743237531,0.70305049722
277.899,508.255,206.0,0.695669217653,0.0525743237531,0.70305049722
274.325,508.283,206.0,0.695669217653,0.0525743237531,0.70305049722
270.741,508.284,206.0,0.695669217653,0.0525743237531,0.70305049722
267.161,508.297,206.0,0.695669217653,0.0525743237531,0.70305049722
263.943,509.185,206.0,0.695669217653,0.0525743237531,0.70305049722
260.348,509.161,206.0,0.695669217653,0.0525743237531,0.70305049722
257.082,509.921,206.0,0.695669217653,0.0525743237531,0.70305049722
253.883,511.232,206.0,0.695669217653,0.0525743237531,0.70305049722
251.005,513.154,206.0,0.695669217653,0.0525743237531,0.70305049722
248.9,515.283,206.0,0.695669217653,0.0525743237531,0.70305049722
246.689,517.706,206.0,0.695669217653,0.0525743237531,0.70305049722
243.876,519.6,206.0,0.695669217653,0.0525743237531,0.70305049722
240.793,520.835,206.0,0.695669217653,0.0525743237531,0.70305049722
238.824,522.687,206.0,0.695669217653,0.0525743237531,0.70305049722
237.513,521.526,206.0,0.695669217653,0.0525743237531,0.70305049722
236.7,517.957,206.0,0.695669217653,0.0525743237531,0.70305049722
236.241,512.668,206.0,0.695669217653,0.0525743237531,0.70305049722
235.995,506.347,206.0,0.695669217653,0.0525743237531,0.70305049722
