245.404,504.762,210.0,0.0925607658483,0.595458957474,0.298407700428
248.227,503.868,210.0,0.0925607658483,0.595458957474,0.298407700428
251.305,503.054,210.0,0.0925607658483,0.595458957474,0.298407700428
254.269,502.147,210.0,0.0925607658483,0.595458957474,0.298407700428
257.089,501.24,210.0,0.0925607658483,0.595458957474,0.298407700428
260.0,500.471,210.0,0.0925607658483,0.595458957474,0.298407700428
261.966,499.047,210.0,0.0925607658483,0.595458957474,0.298407700428
264.862,497.754,210.0,0.0925607658483,0.595458957474,0.298407700428
267.392,496.16,210.0,0.0925607658483,0.595458957474,0.298407700428
269.862,494.279,210.0,0.0925607658483,0.595458957474,0.298407700428
271.904,492.491,210.0,0.0925607658483,0.595458957474,0.298407700428
272.968,489.828,210.0,0.0925607658483,0.595458957474,0.298407700428
275.427,488.084,210.0,0.0925607658483,0.595458957474,0.298407700428
275.425,484.891,210.0,0.0925607658483,0.595458957474,0.298407700428
275.435,481.704,210.0,0.0925607658483,0.595458957474,0.298407700428
276.017,478.754,210.0,0.0925607658483,0.595458957474,0.298407700428
276.35,475.7,210.0,0.0925607658483,0.595458957474,0.298407700428
277.123,472.829,210.0,0.0925607658483,0.595458957474,0.298407700428
278.064,470.027,210.0,0.0925607658483,0.595458957474,0.298407700428
278.963,467.208,210.0,0.0925607658483,0.595458957474,0.298407700428
279.094,464.045,210.0,0.0925607658483,0.595458957474,0.298407700428
280.325,461.234,210.0,0.0925607658483,0.595458957474,0.298407700428
281.379,458.477,210.0,0.0925607658483,0.595458957474,0.298407700428
281.559,455.363,210.0,0.0925607658483,0.595458957474,0.298407700428
282.478,452.387,210.0,0.0925607658483,0.595458957474,0.298407700428
283.336,449.398,210.0,0.0925607658483,0.595458957474,0.298407700428
284.26,446.591,210.0,0.0925607658483,0.595458957474,0.298407700428
284.207,443.378,210.0,0.0925607658483,0.595458957474,0.298407700428
284.208,440.187,210.0,0.0925607658483,0.595458957474,0.298407700428
284.214,436.998,210.0,0.0925607658483,0.595458957474,0.298407700428
284.728,434.019,210.0,0.0925607658483,0.595458957474,0.298407700428
285.093,430.978,210.0,0.0925607658483,0.595458957474,0.298407700428
285.845,427.934,210.0,0.0925607658483,0.595458957474,0.298407700428
287.231,425.326,210.0,0.0925607658483,0.595458957474,0.298407700428
288.898,422.798,210.0,0.0925607658483,0.595458957474,0.298407700428
289.448,419.704,210.0,0.0925607658483,0.595458957474,0.298407700428
291.637,417.419,210.0,0.0925607658483,0.595458957474,0.298407700428
293.899,415.164,210.0,0.0925607658483,0.595458957474,0.298407700428
295.991,412.816,210.0,0.0925607658483,0.595458957474,0.298407700428
298.129,410.824,210.0,0.0925607658483,0.595458957474,0.298407700428
300.77,409.142,210.0,0.0925607658483,0.595458957474,0.298407700428
303.56,408.152,210.0,0.0925607658483,0.595458957474,0.298407700428
306.394,407.284,210.0,0.0925607658483,0.595458957474,0.298407700428
309.338,407.889,210.0,0.0925607658483,0.595458957474,0.298407700428
311.838,409.517,210.0,0.0925607658483,0.595458957474,0.298407700428
313.104,412.213,210.0,0.0925607658483,0.595458957474,0.298407700428
315.472,413.861,210.0,0.0925607658483,0.595458957474,0.298407700428
316.656,416.065,210.0,0.0925607658483,0.595458957474,0.298407700428
318.492,418.475,210.0,0.0925607658483,0.595458957474,0.298407700428
320.036,421.028,210.0,0.0925607658483,0.595458957474,0.298407700428
320.7,424.03,210.0,0.0925607658483,0.595458957474,0.298407700428
321.096,427.13,210.0,0.0925607658483,0.595458957474,0.298407700428
321.087,430.319,210.0,0.0925607658483,0.595458957474,0.298407700428
320.519,433.276,210.0,0.0925607658483,0.595458957474,0.298407700428
320.263,436.361,210.0,0.0925607658483,0.595458957474,0.298407700428
320.313,439.573,210.0,0.0925607658483,0.595458957474,0.298407700428
319.343,442.36,210.0,0.0925607658483,0.595458957474,0.298407700428
318.402,445.33,210.0,0.0925607658483,0.595458957474,0.298407700428
318.512,448.55,210.0,0.0925607658483,0.595458957474,0.298407700428
317.432,451.491,210.0,0.0925607658483,0.595458957474,0.298407700428
316.706,454.604,210.0,0.0925607658483,0.595458957474,0.298407700428
316.709,457.795,210.0,0.0925607658483,0.595458957474,0.298407700428
316.442,460.977,210.0,0.0925607658483,0.595458957474,0.298407700428
315.113,463.905,210.0,0.0925607658483,0.595458957474,0.298407700428
315.046,467.079,210.0,0.0925607658483,0.595458957474,0.298407700428
314.039,470.032,210.0,0.0925607658483,0.595458957474,0.298407700428
313.221,473.031,210.0,0.0925607658483,0.595458957474,0.298407700428
313.149,476.199,210.0,0.0925607658483,0.595458957474,0.298407700428
312.449,479.099,210.0,0.0925607658483,0.595458957474,0.298407700428
312.204,482.207,210.0,0.0925607658483,0.595458957474,0.298407700428
311.41,485.213,210.0,0.0925607658483,0.595458957474,0.298407700428
311.419,488.407,210.0,0.0925607658483,0.595458957474,0.298407700428
311.432,491.601,210.0,0.0925607658483,0.595458957474,0.298407700428
310.677,494.644,210.0,0.0925607658483,0.595458957474,0.298407700428
309.406,497.304,210.0,0.0925607658483,0.595458957474,0.298407700428
307.396,499.776,210.0,0.0925607658483,0.595458957474,0.298407700428
304.913,501.719,210.0,0.0925607658483,0.595458957474,0.298407700428
303.213,504.394,210.0,0.0925607658483,0.595458957474,0.298407700428
300.664,505.992,210.0,0.0925607658483,0.595458957474,0.298407700428
297.673,506.477,210.0,0.0925607658483,0.595458957474,0.298407700428
294.874,507.427,210.0,0.0925607658483,0.595458957474,0.298407700428
291.888,508.309,210.0,0.0925607658483,0.595458957474,0.298407700428
288.69,508.284,210.0,0.0925607658483,0.595458957474,0.298407700428
285.498,508.283,210.0,0.0925607658483,0.595458957474,0.298407700428
282.303,508.273,210.0,0.0925607658483,0.595458957474,0.298407700428
279.157,508.385,210.0,0.0925607658483,0.595458957474,0.298407700428
276.03,508.543,210.0,0.0925607658483,0.595458957474,0.298407700428
273.135,509.359,210.0,0.0925607658483,0.595458957474,0.298407700428
270.114,510.05,210.0,0.0925607658483,0.595458957474,0.298407700428
267.105,510.86,210.0,0.0925607658483,0.595458957474,0.298407700428
264.269,511.722,210.0,0.0925607658483,0.595458957474,0.298407700428
261.66,513.125,210.0,0.0925607658483,0.595458957474,0.298407700428
258.924,514.351,210.0,0.0925607658483,0.595458957474,0.298407700428
257.061,516.2,210.0,0.0925607658483,0.595458957474,0.298407700428
254.244,517.098,210.0,0.0925607658483,0.595458957474,0.298407700428
251.035,517.07,210.0,0.0925607658483,0.595458957474,0.298407700428
248.348,516.215,210.0,0.0925607658483,0.595458957474,0.298407700428
246.473,513.951,210.0,0.0925607658483,0.595458957474,0.298407700428
245.176,510.681,210.0,0.0925607658483,0.595458957474,0.298407700428
244.228,506.808,210.0,0.0925607658483,0.595458957474,0.298407700428
