248.943,503.893,211.0,0.0925607658483,0.595458957474,0.298407700428
252.169,503.796,211.0,0.0925607658483,0.595458957474,0.298407700428
254.802,502.066,211.0,0.0925607658483,0.595458957474,0.298407700428
257.871,501.257,211.0,0.0925607658483,0.595458957474,0.298407700428
260.545,499.684,211.0,0.0925607658483,0.595458957474,0.298407700428
263.619,499.14,211.0,0.0925607658483,0.595458957474,0.298407700428
266.177,497.495,211.0,0.0925607658483,0.595458957474,0.298407700428
268.721,495.64,211.0,0.0925607658483,0.595458957474,0.298407700428
271.669,494.509,211.0,0.0925607658483,0.595458957474,0.298407700428
273.952,492.218,211.0,0.0925607658483,0.595458957474,0.298407700428
276.539,490.632,211.0,0.0925607658483,0.595458957474,0.298407700428
278.245,487.866,211.0,0.0925607658483,0.595458957474,0.298407700428
280.54,485.583,211.0,0.0925607658483,0.595458957474,0.298407700428
281.489,482.751,211.0,0.0925607658483,0.595458957474,0.298407700428
282.651,479.794,211.0,0.0925607658483,0.595458957474,0.298407700428
284.152,476.914,211.0,0.0925607658483,0.595458957474,0.298407700428
284.687,473.804,211.0,0.0925607658483,0.595458957474,0.298407700428
286.244,470.935,211.0,0.0925607658483,0.595458957474,0.298407700428
286.863,467.85,211.0,0.0925607658483,0.595458957474,0.298407700428
287.806,464.992,211.0,0.0925607658483,0.595458957474,0.298407700428
288.616,461.946,211.0,0.0925607658483,0.595458957474,0.298407700428
288.66,458.73,211.0,0.0925607658483,0.595458957474,0.298407700428
289.356,455.784,211.0,0.0925607658483,0.595458957474,0.298407700428
289.477,452.598,211.0,0.0925607658483,0.595458957474,0.298407700428
289.46,449.367,211.0,0.0925607658483,0.595458957474,0.298407700428
288.592,446.339,211.0,0.0925607658483,0.595458957474,0.298407700428
287.7,443.472,211.0,0.0925607658483,0.595458957474,0.298407700428
287.482,440.327,211.0,0.0925607658483,0.595458957474,0.298407700428
286.624,437.446,211.0,0.0925607658483,0.595458957474,0.298407700428
286.841,434.121,211.0,0.0925607658483,0.595458957474,0.298407700428
286.844,430.884,211.0,0.0925607658483,0.595458957474,0.298407700428
286.844,427.648,211.0,0.0925607658483,0.595458957474,0.298407700428
286.844,424.413,211.0,0.0925607658483,0.595458957474,0.298407700428
286.844,421.177,211.0,0.0925607658483,0.595458957474,0.298407700428
286.824,417.937,211.0,0.0925607658483,0.595458957474,0.298407700428
287.872,414.978,211.0,0.0925607658483,0.595458957474,0.298407700428
288.854,412.078,211.0,0.0925607658483,0.595458957474,0.298407700428
291.562,410.522,211.0,0.0925607658483,0.595458957474,0.298407700428
292.914,407.663,211.0,0.0925607658483,0.595458957474,0.298407700428
295.64,406.274,211.0,0.0925607658483,0.595458957474,0.298407700428
297.753,404.653,211.0,0.0925607658483,0.595458957474,0.298407700428
300.615,403.734,211.0,0.0925607658483,0.595458957474,0.298407700428
303.791,403.949,211.0,0.0925607658483,0.595458957474,0.298407700428
306.427,405.766,211.0,0.0925607658483,0.595458957474,0.298407700428
307.994,408.408,211.0,0.0925607658483,0.595458957474,0.298407700428
310.604,410.038,211.0,0.0925607658483,0.595458957474,0.298407700428
311.882,412.953,211.0,0.0925607658483,0.595458957474,0.298407700428
313.118,415.188,211.0,0.0925607658483,0.595458957474,0.298407700428
314.984,417.604,211.0,0.0925607658483,0.595458957474,0.298407700428
317.068,419.293,211.0,0.0925607658483,0.595458957474,0.298407700428
317.921,422.444,211.0,0.0925607658483,0.595458957474,0.298407700428
319.284,425.186,211.0,0.0925607658483,0.595458957474,0.298407700428
320.207,428.041,211.0,0.0925607658483,0.595458957474,0.298407700428
320.439,431.361,211.0,0.0925607658483,0.595458957474,0.298407700428
319.496,434.282,211.0,0.0925607658483,0.595458957474,0.298407700428
318.489,436.523,211.0,0.0925607658483,0.595458957474,0.298407700428
317.081,439.332,211.0,0.0925607658483,0.595458957474,0.298407700428
316.43,442.317,211.0,0.0925607658483,0.595458957474,0.298407700428
314.577,445.041,211.0,0.0925607658483,0.595458957474,0.298407700428
313.206,447.775,211.0,0.0925607658483,0.595458957474,0.298407700428
312.156,450.577,211.0,0.0925607658483,0.595458957474,0.298407700428
311.273,453.484,211.0,0.0925607658483,0.595458957474,0.298407700428
310.554,456.536,211.0,0.0925607658483,0.595458957474,0.298407700428
309.8,459.598,211.0,0.0925607658483,0.595458957474,0.298407700428
309.703,462.816,211.0,0.0925607658483,0.595458957474,0.298407700428
308.665,465.621,211.0,0.0925607658483,0.595458957474,0.298407700428
308.795,468.91,211.0,0.0925607658483,0.595458957474,0.298407700428
308.792,472.146,211.0,0.0925607658483,0.595458957474,0.298407700428
308.916,475.411,211.0,0.0925607658483,0.595458957474,0.298407700428
307.848,478.394,211.0,0.0925607658483,0.595458957474,0.298407700428
307.886,481.634,211.0,0.0925607658483,0.595458957474,0.298407700428
307.708,484.795,211.0,0.0925607658483,0.595458957474,0.298407700428
307.03,487.75,211.0,0.0925607658483,0.595458957474,0.298407700428
306.907,490.934,211.0,0.0925607658483,0.595458957474,0.298407700428
305.246,493.482,211.0,0.0925607658483,0.595458957474,0.298407700428
303.534,496.001,211.0,0.0925607658483,0.595458957474,0.298407700428
301.611,498.236,211.0,0.0925607658483,0.595458957474,0.298407700428
299.492,500.508,211.0,0.0925607658483,0.595458957474,0.298407700428
297.123,502.268,211.0,0.0925607658483,0.595458957474,0.298407700428
294.898,504.712,211.0,0.0925607658483,0.595458957474,0.298407700428
292.354,506.394,211.0,0.0925607658483,0.595458957474,0.298407700428
289.483,506.832,211.0,0.0925607658483,0.595458957474,0.298407700428
286.826,507.416,211.0,0.0925607658483,0.595458957474,0.298407700428
284.157,509.166,211.0,0.0925607658483,0.595458957474,0.298407700428
281.112,509.622,211.0,0.0925607658483,0.595458957474,0.298407700428
278.326,510.708,211.0,0.0925607658483,0.595458957474,0.298407700428
275.163,510.884,211.0,0.0925607658483,0.595458957474,0.298407700428
272.3,511.783,211.0,0.0925607658483,0.595458957474,0.298407700428
269.07,511.796,211.0,0.0925607658483,0.595458957474,0.298407700428
265.834,511.796,211.0,0.0925607658483,0.595458957474,0.298407700428
262.577,511.744,211.0,0.0925607658483,0.595458957474,0.298407700428
259.736,512.696,211.0,0.0925607658483,0.595458957474,0.298407700428
257.179,514.337,211.0,0.0925607658483,0.595458957474,0.298407700428
254.348,515.312,211.0,0.0925607658483,0.595458957474,0.298407700428
251.545,516.338,211.0,0.0925607658483,0.595458957474,0.298407700428
249.581,518.06,211.0,0.0925607658483,0.595458957474,0.298407700428
246.365,516.367,211.0,0.0925607658483,0.595458957474,0.298407700428
245.171,513.571,211.0,0.0925607658483,0.595458957474,0.298407700428
245.445,510.007,211.0,0.0925607658483,0.595458957474,0.298407700428
246.6,505.982,211.0,0.0925607658483,0.595458957474,0.298407700428
