244.599,504.737,213.0,0.695669217653,0.0525743237531,0.70305049722
247.778,504.304,213.0,0.695669217653,0.0525743237531,0.70305049722
250.925,503.623,213.0,0.695669217653,0.0525743237531,0.70305049722
254.207,503.082,213.0,0.695669217653,0.0525743237531,0.70305049722
257.164,502.094,213.0,0.695669217653,0.0525743237531,0.70305049722
260.34,501.298,213.0,0.695669217653,0.0525743237531,0.70305049722
262.96,499.521,213.0,0.695669217653,0.0525743237531,0.70305049722
265.737,497.749,213.0,0.695669217653,0.0525743237531,0.70305049722
268.625,496.613,213.0,0.695669217653,0.0525743237531,0.70305049722
271.007,494.258,213.0,0.695669217653,0.0525743237531,0.70305049722
273.387,491.892,213.0,0.695669217653,0.0525743237531,0.70305049722
275.836,489.591,213.0,0.695669217653,0.0525743237531,0.70305049722
278.327,487.501,213.0,0.695669217653,0.0525743237531,0.70305049722
279.807,484.639,213.0,0.695669217653,0.0525743237531,0.70305049722
282.223,482.283,213.0,0.695669217653,0.0525743237531,0.70305049722
282.426,479.009,213.0,0.695669217653,0.0525743237531,0.70305049722
283.127,475.943,213.0,0.695669217653,0.0525743237531,0.70305049722
284.27,473.059,213.0,0.695669217653,0.0525743237531,0.70305049722
285.091,470.042,213.0,0.695669217653,0.0525743237531,0.70305049722
285.087,466.683,213.0,0.695669217653,0.0525743237531,0.70305049722
285.126,463.342,213.0,0.695669217653,0.0525743237531,0.70305049722
286.014,460.351,213.0,0.695669217653,0.0525743237531,0.70305049722
285.815,457.0,213.0,0.695669217653,0.0525743237531,0.70305049722
285.61,453.948,213.0,0.695669217653,0.0525743237531,0.70305049722
285.967,450.611,213.0,0.695669217653,0.0525743237531,0.70305049722
285.966,447.253,213.0,0.695669217653,0.0525743237531,0.70305049722
285.966,443.896,213.0,0.695669217653,0.0525743237531,0.70305049722
285.966,440.539,213.0,0.695669217653,0.0525743237531,0.70305049722
285.966,437.182,213.0,0.695669217653,0.0525743237531,0.70305049722
285.966,433.825,213.0,0.695669217653,0.0525743237531,0.70305049722
285.966,430.468,213.0,0.695669217653,0.0525743237531,0.70305049722
285.966,427.111,213.0,0.695669217653,0.0525743237531,0.70305049722
286.03,423.77,213.0,0.695669217653,0.0525743237531,0.70305049722
286.789,420.579,213.0,0.695669217653,0.0525743237531,0.70305049722
287.81,417.646,213.0,0.695669217653,0.0525743237531,0.70305049722
289.44,414.964,213.0,0.695669217653,0.0525743237531,0.70305049722
290.757,412.154,213.0,0.695669217653,0.0525743237531,0.70305049722
292.996,409.731,213.0,0.695669217653,0.0525743237531,0.70305049722
295.189,407.889,213.0,0.695669217653,0.0525743237531,0.70305049722
297.983,406.509,213.0,0.695669217653,0.0525743237531,0.70305049722
300.772,404.964,213.0,0.695669217653,0.0525743237531,0.70305049722
304.083,404.656,213.0,0.695669217653,0.0525743237531,0.70305049722
307.366,404.838,213.0,0.695669217653,0.0525743237531,0.70305049722
310.139,406.345,213.0,0.695669217653,0.0525743237531,0.70305049722
312.164,408.782,213.0,0.695669217653,0.0525743237531,0.70305049722
314.119,410.956,213.0,0.695669217653,0.0525743237531,0.70305049722
314.781,414.265,213.0,0.695669217653,0.0525743237531,0.70305049722
315.691,416.706,213.0,0.695669217653,0.0525743237531,0.70305049722
317.449,419.295,213.0,0.695669217653,0.0525743237531,0.70305049722
317.592,422.596,213.0,0.695669217653,0.0525743237531,0.70305049722
318.556,425.542,213.0,0.695669217653,0.0525743237531,0.70305049722
319.381,428.732,213.0,0.695669217653,0.0525743237531,0.70305049722
320.22,431.893,213.0,0.695669217653,0.0525743237531,0.70305049722
320.725,435.04,213.0,0.695669217653,0.0525743237531,0.70305049722
321.043,438.253,213.0,0.695669217653,0.0525743237531,0.70305049722
320.732,441.512,213.0,0.695669217653,0.0525743237531,0.70305049722
319.099,444.448,213.0,0.695669217653,0.0525743237531,0.70305049722
317.006,447.155,213.0,0.695669217653,0.0525743237531,0.70305049722
316.418,450.444,213.0,0.695669217653,0.0525743237531,0.70305049722
315.028,453.329,213.0,0.695669217653,0.0525743237531,0.70305049722
313.157,455.497,213.0,0.695669217653,0.0525743237531,0.70305049722
311.812,458.432,213.0,0.695669217653,0.0525743237531,0.70305049722
310.72,461.512,213.0,0.695669217653,0.0525743237531,0.70305049722
309.708,463.802,213.0,0.695669217653,0.0525743237531,0.70305049722
308.768,466.777,213.0,0.695669217653,0.0525743237531,0.70305049722
308.803,470.149,213.0,0.695669217653,0.0525743237531,0.70305049722
309.05,473.608,213.0,0.695669217653,0.0525743237531,0.70305049722
307.994,476.528,213.0,0.695669217653,0.0525743237531,0.70305049722
307.918,479.854,213.0,0.695669217653,0.0525743237531,0.70305049722
307.921,483.212,213.0,0.695669217653,0.0525743237531,0.70305049722
307.926,486.57,213.0,0.695669217653,0.0525743237531,0.70305049722
307.489,489.824,213.0,0.695669217653,0.0525743237531,0.70305049722
307.096,493.099,213.0,0.695669217653,0.0525743237531,0.70305049722
306.354,496.148,213.0,0.695669217653,0.0525743237531,0.70305049722
305.086,498.974,213.0,0.695669217653,0.0525743237531,0.70305049722
303.57,501.873,213.0,0.695669217653,0.0525743237531,0.70305049722
301.116,503.844,213.0,0.695669217653,0.0525743237531,0.70305049722
299.067,505.954,213.0,0.695669217653,0.0525743237531,0.70305049722
296.094,507.322,213.0,0.695669217653,0.0525743237531,0.70305049722
293.774,508.57,213.0,0.695669217653,0.0525743237531,0.70305049722
290.739,509.521,213.0,0.695669217653,0.0525743237531,0.70305049722
287.92,510.817,213.0,0.695669217653,0.0525743237531,0.70305049722
285.293,512.578,213.0,0.695669217653,0.0525743237531,0.70305049722
282.353,513.586,213.0,0.695669217653,0.0525743237531,0.70305049722
279.055,513.87,213.0,0.695669217653,0.0525743237531,0.70305049722
275.79,514.313,213.0,0.695669217653,0.0525743237531,0.70305049722
272.574,514.672,213.0,0.695669217653,0.0525743237531,0.70305049722
269.685,515.801,213.0,0.695669217653,0.0525743237531,0.70305049722
266.48,516.168,213.0,0.695669217653,0.0525743237531,0.70305049722
263.531,517.153,213.0,0.695669217653,0.0525743237531,0.70305049722
260.501,517.944,213.0,0.695669217653,0.0525743237531,0.70305049722
257.144,517.942,213.0,0.695669217653,0.0525743237531,0.70305049722
253.951,518.637,213.0,0.695669217653,0.0525743237531,0.70305049722
250.68,518.925,213.0,0.695669217653,0.0525743237531,0.70305049722
247.805,520.093,213.0,0.695669217653,0.0525743237531,0.70305049722
244.765,520.508,213.0,0.695669217653,0.0525743237531,0.70305049722
242.757,519.061,213.0,0.695669217653,0.0525743237531,0.70305049722
241.95,516.077,213.0,0.695669217653,0.0525743237531,0.70305049722
242.001,511.994,213.0,0.695669217653,0.0525743237531,0.70305049722
242.566,507.251,213.0,0.695669217653,0.0525743237531,0.70305049722
