293.738,413.725,216.0,0.695669217653,0.0525743237531,0.70305049722
292.423,416.524,216.0,0.695669217653,0.0525743237531,0.70305049722
291.063,419.088,216.0,0.695669217653,0.0525743237531,0.70305049722
291.204,422.28,216.0,0.695669217653,0.0525743237531,0.70305049722
289.529,424.825,216.0,0.695669217653,0.0525743237531,0.70305049722
287.831,426.635,216.0,0.695669217653,0.0525743237531,0.70305049722
287.172,429.772,216.0,0.695669217653,0.0525743237531,0.70305049722
285.959,432.438,216.0,0.695669217653,0.0525743237531,0.70305049722
285.063,435.2,216.0,0.695669217653,0.0525743237531,0.70305049722
285.09,438.344,216.0,0.695669217653,0.0525743237531,0.70305049722
285.087,441.476,216.0,0.695669217653,0.0525743237531,0.70305049722
285.093,444.611,216.0,0.695669217653,0.0525743237531,0.70305049722
285.166,447.761,216.0,0.695669217653,0.0525743237531,0.70305049722
284.147,450.654,216.0,0.695669217653,0.0525743237531,0.70305049722
284.209,453.802,216.0,0.695669217653,0.0525743237531,0.70305049722
284.061,456.9,216.0,0.695669217653,0.0525743237531,0.70305049722
283.32,459.858,216.0,0.695669217653,0.0525743237531,0.70305049722
283.327,462.993,216.0,0.695669217653,0.0525743237531,0.70305049722
283.331,466.127,216.0,0.695669217653,0.0525743237531,0.70305049722
283.331,469.261,216.0,0.695669217653,0.0525743237531,0.70305049722
283.331,472.394,216.0,0.695669217653,0.0525743237531,0.70305049722
283.374,475.545,216.0,0.695669217653,0.0525743237531,0.70305049722
281.26,477.801,216.0,0.695669217653,0.0525743237531,0.70305049722
280.49,480.579,216.0,0.695669217653,0.0525743237531,0.70305049722
277.741,482.284,216.0,0.695669217653,0.0525743237531,0.70305049722
276.52,485.315,216.0,0.695669217653,0.0525743237531,0.70305049722
273.725,486.168,216.0,0.695669217653,0.0525743237531,0.70305049722
272.689,488.993,216.0,0.695669217653,0.0525743237531,0.70305049722
270.137,490.101,216.0,0.695669217653,0.0525743237531,0.70305049722
268.165,492.133,216.0,0.695669217653,0.0525743237531,0.70305049722
265.773,494.228,216.0,0.695669217653,0.0525743237531,0.70305049722
263.182,495.918,216.0,0.695669217653,0.0525743237531,0.70305049722
260.737,497.576,216.0,0.695669217653,0.0525743237531,0.70305049722
258.072,498.708,216.0,0.695669217653,0.0525743237531,0.70305049722
255.556,500.197,216.0,0.695669217653,0.0525743237531,0.70305049722
252.517,500.424,216.0,0.695669217653,0.0525743237531,0.70305049722
249.817,501.637,216.0,0.695669217653,0.0525743237531,0.70305049722
247.083,503.204,216.0,0.695669217653,0.0525743237531,0.70305049722
244.75,505.265,216.0,0.695669217653,0.0525743237531,0.70305049722
241.925,506.634,216.0,0.695669217653,0.0525743237531,0.70305049722
239.624,508.685,216.0,0.695669217653,0.0525743237531,0.70305049722
237.718,510.847,216.0,0.695669217653,0.0525743237531,0.70305049722
236.765,513.033,216.0,0.695669217653,0.0525743237531,0.70305049722
236.778,516.182,216.0,0.695669217653,0.0525743237531,0.70305049722
238.647,518.016,216.0,0.695669217653,0.0525743237531,0.70305049722
241.065,519.714,216.0,0.695669217653,0.0525743237531,0.70305049722
243.99,520.603,216.0,0.695669217653,0.0525743237531,0.70305049722
247.127,520.581,216.0,0.695669217653,0.0525743237531,0.70305049722
250.257,520.566,216.0,0.695669217653,0.0525743237531,0.70305049722
253.027,519.686,216.0,0.695669217653,0.0525743237531,0.70305049722
255.596,518.019,216.0,0.695669217653,0.0525743237531,0.70305049722
258.551,517.191,216.0,0.695669217653,0.0525743237531,0.70305049722
261.412,515.865,216.0,0.695669217653,0.0525743237531,0.70305049722
264.175,514.513,216.0,0.695669217653,0.0525743237531,0.70305049722
265.793,512.543,216.0,0.695669217653,0.0525743237531,0.70305049722
268.038,511.464,216.0,0.695669217653,0.0525743237531,0.70305049722
270.56,510.041,216.0,0.695669217653,0.0525743237531,0.70305049722
273.133,508.688,216.0,0.695669217653,0.0525743237531,0.70305049722
276.069,508.122,216.0,0.695669217653,0.0525743237531,0.70305049722
279.088,507.379,216.0,0.695669217653,0.0525743237531,0.70305049722
282.262,507.501,216.0,0.695669217653,0.0525743237531,0.70305049722
284.99,506.522,216.0,0.695669217653,0.0525743237531,0.70305049722
287.745,505.609,216.0,0.695669217653,0.0525743237531,0.70305049722
290.196,503.961,216.0,0.695669217653,0.0525743237531,0.70305049722
293.301,503.787,216.0,0.695669217653,0.0525743237531,0.70305049722
294.808,501.773,216.0,0.695669217653,0.0525743237531,0.70305049722
297.111,499.811,216.0,0.695669217653,0.0525743237531,0.70305049722
297.889,497.017,216.0,0.695669217653,0.0525743237531,0.70305049722
299.977,495.936,216.0,0.695669217653,0.0525743237531,0.70305049722
300.881,493.086,216.0,0.695669217653,0.0525743237531,0.70305049722
300.877,489.955,216.0,0.695669217653,0.0525743237531,0.70305049722
301.758,487.033,216.0,0.695669217653,0.0525743237531,0.70305049722
301.294,484.098,216.0,0.695669217653,0.0525743237531,0.70305049722
300.298,481.378,216.0,0.695669217653,0.0525743237531,0.70305049722
300.148,478.329,216.0,0.695669217653,0.0525743237531,0.70305049722
299.217,475.359,216.0,0.695669217653,0.0525743237531,0.70305049722
299.138,472.238,216.0,0.695669217653,0.0525743237531,0.70305049722
299.121,469.108,216.0,0.695669217653,0.0525743237531,0.70305049722
298.659,466.077,216.0,0.695669217653,0.0525743237531,0.70305049722
298.208,463.009,216.0,0.695669217653,0.0525743237531,0.70305049722
299.399,460.348,216.0,0.695669217653,0.0525743237531,0.70305049722
300.747,457.585,216.0,0.695669217653,0.0525743237531,0.70305049722
300.965,454.545,216.0,0.695669217653,0.0525743237531,0.70305049722
302.645,452.107,216.0,0.695669217653,0.0525743237531,0.70305049722
304.386,449.55,216.0,0.695669217653,0.0525743237531,0.70305049722
305.483,446.635,216.0,0.695669217653,0.0525743237531,0.70305049722
306.412,443.891,216.0,0.695669217653,0.0525743237531,0.70305049722
306.989,440.996,216.0,0.695669217653,0.0525743237531,0.70305049722
307.772,438.187,216.0,0.695669217653,0.0525743237531,0.70305049722
308.808,435.483,216.0,0.695669217653,0.0525743237531,0.70305049722
308.799,432.346,216.0,0.695669217653,0.0525743237531,0.70305049722
308.799,429.213,216.0,0.695669217653,0.0525743237531,0.70305049722
308.787,426.085,216.0,0.695669217653,0.0525743237531,0.70305049722
307.343,423.55,216.0,0.695669217653,0.0525743237531,0.70305049722
306.438,420.792,216.0,0.695669217653,0.0525743237531,0.70305049722
306.14,417.787,216.0,0.695669217653,0.0525743237531,0.70305049722
304.459,415.699,216.0,0.695669217653,0.0525743237531,0.70305049722
302.568,413.361,216.0,0.695669217653,0.0525743237531,0.70305049722
299.879,412.246,216.0,0.695669217653,0.0525743237531,0.70305049722
296.531,412.322,216.0,0.695669217653,0.0525743237531,0.70305049722
