241.991,504.748,221.0,0.695669217653,0.0525743237531,0.70305049722
244.309,504.786,221.0,0.695669217653,0.0525743237531,0.70305049722
246.334,505.528,221.0,0.695669217653,0.0525743237531,0.70305049722
248.528,506.067,221.0,0.695669217653,0.0525743237531,0.70305049722
250.904,505.252,221.0,0.695669217653,0.0525743237531,0.70305049722
252.847,504.018,221.0,0.695669217653,0.0525743237531,0.70305049722
255.224,503.903,221.0,0.695669217653,0.0525743237531,0.70305049722
256.315,502.135,221.0,0.695669217653,0.0525743237531,0.70305049722
258.27,501.241,221.0,0.695669217653,0.0525743237531,0.70305049722
260.14,500.017,221.0,0.695669217653,0.0525743237531,0.70305049722
262.099,498.828,221.0,0.695669217653,0.0525743237531,0.70305049722
264.012,497.747,221.0,0.695669217653,0.0525743237531,0.70305049722
265.544,496.543,221.0,0.695669217653,0.0525743237531,0.70305049722
267.137,494.846,221.0,0.695669217653,0.0525743237531,0.70305049722
269.127,493.709,221.0,0.695669217653,0.0525743237531,0.70305049722
271.14,492.441,221.0,0.695669217653,0.0525743237531,0.70305049722
272.804,491.142,221.0,0.695669217653,0.0525743237531,0.70305049722
274.153,489.535,221.0,0.695669217653,0.0525743237531,0.70305049722
276.21,488.209,221.0,0.695669217653,0.0525743237531,0.70305049722
278.09,487.202,221.0,0.695669217653,0.0525743237531,0.70305049722
279.825,486.04,221.0,0.695669217653,0.0525743237531,0.70305049722
281.038,484.152,221.0,0.695669217653,0.0525743237531,0.70305049722
283.011,483.316,221.0,0.695669217653,0.0525743237531,0.70305049722
284.853,482.005,221.0,0.695669217653,0.0525743237531,0.70305049722
286.264,481.119,221.0,0.695669217653,0.0525743237531,0.70305049722
288.175,480.132,221.0,0.695669217653,0.0525743237531,0.70305049722
290.533,480.171,221.0,0.695669217653,0.0525743237531,0.70305049722
292.679,480.959,221.0,0.695669217653,0.0525743237531,0.70305049722
295.034,481.019,221.0,0.695669217653,0.0525743237531,0.70305049722
295.629,482.761,221.0,0.695669217653,0.0525743237531,0.70305049722
296.551,484.712,221.0,0.695669217653,0.0525743237531,0.70305049722
296.82,486.989,221.0,0.695669217653,0.0525743237531,0.70305049722
297.383,489.192,221.0,0.695669217653,0.0525743237531,0.70305049722
297.981,491.28,221.0,0.695669217653,0.0525743237531,0.70305049722
298.264,493.498,221.0,0.695669217653,0.0525743237531,0.70305049722
298.27,495.834,221.0,0.695669217653,0.0525743237531,0.70305049722
297.327,497.999,221.0,0.695669217653,0.0525743237531,0.70305049722
295.215,499.162,221.0,0.695669217653,0.0525743237531,0.70305049722
293.998,501.054,221.0,0.695669217653,0.0525743237531,0.70305049722
292.428,502.835,221.0,0.695669217653,0.0525743237531,0.70305049722
290.465,503.724,221.0,0.695669217653,0.0525743237531,0.70305049722
288.561,504.764,221.0,0.695669217653,0.0525743237531,0.70305049722
286.62,505.713,221.0,0.695669217653,0.0525743237531,0.70305049722
284.517,506.279,221.0,0.695669217653,0.0525743237531,0.70305049722
282.384,506.964,221.0,0.695669217653,0.0525743237531,0.70305049722
280.158,507.398,221.0,0.695669217653,0.0525743237531,0.70305049722
277.835,507.406,221.0,0.695669217653,0.0525743237531,0.70305049722
275.398,507.473,221.0,0.695669217653,0.0525743237531,0.70305049722
273.398,508.62,221.0,0.695669217653,0.0525743237531,0.70305049722
271.295,509.168,221.0,0.695669217653,0.0525743237531,0.70305049722
269.311,510.015,221.0,0.695669217653,0.0525743237531,0.70305049722
266.956,509.965,221.0,0.695669217653,0.0525743237531,0.70305049722
265.024,510.929,221.0,0.695669217653,0.0525743237531,0.70305049722
262.972,512.015,221.0,0.695669217653,0.0525743237531,0.70305049722
261.041,512.975,221.0,0.695669217653,0.0525743237531,0.70305049722
259.139,514.017,221.0,0.695669217653,0.0525743237531,0.70305049722
256.975,514.43,221.0,0.695669217653,0.0525743237531,0.70305049722
255.03,515.372,221.0,0.695669217653,0.0525743237531,0.70305049722
252.916,515.899,221.0,0.695669217653,0.0525743237531,0.70305049722
250.67,515.901,221.0,0.695669217653,0.0525743237531,0.70305049722
248.545,514.897,221.0,0.695669217653,0.0525743237531,0.70305049722
246.752,513.471,221.0,0.695669217653,0.0525743237531,0.70305049722
245.231,511.7,221.0,0.695669217653,0.0525743237531,0.70305049722
243.922,509.661,221.0,0.695669217653,0.0525743237531,0.70305049722
242.764,507.43,221.0,0.695669217653,0.0525743237531,0.70305049722
241.696,505.084,221.0,0.695669217653,0.0525743237531,0.70305049722
