252.823,500.405,226.0,0.695669217653,0.0525743237531,0.70305049722
254.82,499.95,226.0,0.695669217653,0.0525743237531,0.70305049722
256.661,498.789,226.0,0.695669217653,0.0525743237531,0.70305049722
258.426,497.379,226.0,0.695669217653,0.0525743237531,0.70305049722
260.568,496.984,226.0,0.695669217653,0.0525743237531,0.70305049722
261.873,495.57,226.0,0.695669217653,0.0525743237531,0.70305049722
263.616,494.726,226.0,0.695669217653,0.0525743237531,0.70305049722
265.464,493.564,226.0,0.695669217653,0.0525743237531,0.70305049722
267.226,492.481,226.0,0.695669217653,0.0525743237531,0.70305049722
268.69,490.956,226.0,0.695669217653,0.0525743237531,0.70305049722
269.921,489.328,226.0,0.695669217653,0.0525743237531,0.70305049722
272.026,488.481,226.0,0.695669217653,0.0525743237531,0.70305049722
273.733,487.117,226.0,0.695669217653,0.0525743237531,0.70305049722
275.57,486.249,226.0,0.695669217653,0.0525743237531,0.70305049722
277.488,485.413,226.0,0.695669217653,0.0525743237531,0.70305049722
278.699,486.38,226.0,0.695669217653,0.0525743237531,0.70305049722
280.655,487.088,226.0,0.695669217653,0.0525743237531,0.70305049722
280.658,489.29,226.0,0.695669217653,0.0525743237531,0.70305049722
281.632,491.079,226.0,0.695669217653,0.0525743237531,0.70305049722
281.576,493.295,226.0,0.695669217653,0.0525743237531,0.70305049722
281.457,495.461,226.0,0.695669217653,0.0525743237531,0.70305049722
280.662,497.462,226.0,0.695669217653,0.0525743237531,0.70305049722
279.922,499.345,226.0,0.695669217653,0.0525743237531,0.70305049722
279.835,501.493,226.0,0.695669217653,0.0525743237531,0.70305049722
278.627,503.027,226.0,0.695669217653,0.0525743237531,0.70305049722
277.03,504.313,226.0,0.695669217653,0.0525743237531,0.70305049722
275.712,505.671,226.0,0.695669217653,0.0525743237531,0.70305049722
273.527,505.706,226.0,0.695669217653,0.0525743237531,0.70305049722
272.025,507.372,226.0,0.695669217653,0.0525743237531,0.70305049722
270.19,508.235,226.0,0.695669217653,0.0525743237531,0.70305049722
268.379,509.158,226.0,0.695669217653,0.0525743237531,0.70305049722
266.327,509.496,226.0,0.695669217653,0.0525743237531,0.70305049722
264.362,510.044,226.0,0.695669217653,0.0525743237531,0.70305049722
262.468,510.762,226.0,0.695669217653,0.0525743237531,0.70305049722
260.31,510.891,226.0,0.695669217653,0.0525743237531,0.70305049722
259.261,512.034,226.0,0.695669217653,0.0525743237531,0.70305049722
256.835,511.803,226.0,0.695669217653,0.0525743237531,0.70305049722
254.567,511.87,226.0,0.695669217653,0.0525743237531,0.70305049722
254.337,509.903,226.0,0.695669217653,0.0525743237531,0.70305049722
254.016,507.836,226.0,0.695669217653,0.0525743237531,0.70305049722
253.499,505.733,226.0,0.695669217653,0.0525743237531,0.70305049722
252.842,503.602,226.0,0.695669217653,0.0525743237531,0.70305049722
252.1,501.456,226.0,0.695669217653,0.0525743237531,0.70305049722
