256.199,496.8,227.0,0.0925607658483,0.595458957474,0.298407700428
258.635,495.592,227.0,0.0925607658483,0.595458957474,0.298407700428
261.107,494.457,227.0,0.0925607658483,0.595458957474,0.298407700428
263.4,493.399,227.0,0.0925607658483,0.595458957474,0.298407700428
265.73,492.47,227.0,0.0925607658483,0.595458957474,0.298407700428
268.447,492.475,227.0,0.0925607658483,0.595458957474,0.298407700428
271.168,492.491,227.0,0.0925607658483,0.595458957474,0.298407700428
273.503,491.573,227.0,0.0925607658483,0.595458957474,0.298407700428
276.21,491.554,227.0,0.0925607658483,0.595458957474,0.298407700428
278.682,490.965,227.0,0.0925607658483,0.595458957474,0.298407700428
281.303,490.689,227.0,0.0925607658483,0.595458957474,0.298407700428
282.442,492.79,227.0,0.0925607658483,0.595458957474,0.298407700428
282.5,495.527,227.0,0.0925607658483,0.595458957474,0.298407700428
281.539,497.998,227.0,0.0925607658483,0.595458957474,0.298407700428
280.5,499.556,227.0,0.0925607658483,0.595458957474,0.298407700428
279.841,502.047,227.0,0.0925607658483,0.595458957474,0.298407700428
277.542,502.965,227.0,0.0925607658483,0.595458957474,0.298407700428
275.553,504.724,227.0,0.0925607658483,0.595458957474,0.298407700428
273.047,505.47,227.0,0.0925607658483,0.595458957474,0.298407700428
270.508,506.483,227.0,0.0925607658483,0.595458957474,0.298407700428
268.692,507.906,227.0,0.0925607658483,0.595458957474,0.298407700428
266.307,508.512,227.0,0.0925607658483,0.595458957474,0.298407700428
264.069,510.021,227.0,0.0925607658483,0.595458957474,0.298407700428
261.777,511.427,227.0,0.0925607658483,0.595458957474,0.298407700428
259.475,512.827,227.0,0.0925607658483,0.595458957474,0.298407700428
257.064,513.553,227.0,0.0925607658483,0.595458957474,0.298407700428
255.228,512.677,227.0,0.0925607658483,0.595458957474,0.298407700428
255.742,509.446,227.0,0.0925607658483,0.595458957474,0.298407700428
255.948,506.524,227.0,0.0925607658483,0.595458957474,0.298407700428
255.914,503.843,227.0,0.0925607658483,0.595458957474,0.298407700428
255.708,501.335,227.0,0.0925607658483,0.595458957474,0.298407700428
255.4,498.93,227.0,0.0925607658483,0.595458957474,0.298407700428
