106.122,30.8208,150.0,0.425165250753,0.0015353969376,0.876688473768
108.459,32.0142,150.0,0.425165250753,0.0015353969376,0.876688473768
109.816,34.4759,150.0,0.425165250753,0.0015353969376,0.876688473768
112.086,35.6963,150.0,0.425165250753,0.0015353969376,0.876688473768
114.041,37.6387,150.0,0.425165250753,0.0015353969376,0.876688473768
115.992,39.5882,150.0,0.425165250753,0.0015353969376,0.876688473768
117.938,41.5518,150.0,0.425165250753,0.0015353969376,0.876688473768
119.897,43.4828,150.0,0.425165250753,0.0015353969376,0.876688473768
122.145,44.716,150.0,0.425165250753,0.0015353969376,0.876688473768
124.067,46.7377,150.0,0.425165250753,0.0015353969376,0.876688473768
126.292,48.0207,150.0,0.425165250753,0.0015353969376,0.876688473768
128.545,49.5878,150.0,0.425165250753,0.0015353969376,0.876688473768
130.116,51.8238,150.0,0.425165250753,0.0015353969376,0.876688473768
132.326,53.303,150.0,0.425165250753,0.0015353969376,0.876688473768
133.902,55.4137,150.0,0.425165250753,0.0015353969376,0.876688473768
136.077,57.0865,150.0,0.425165250753,0.0015353969376,0.876688473768
138.429,58.4816,150.0,0.425165250753,0.0015353969376,0.876688473768
141.055,59.6933,150.0,0.425165250753,0.0015353969376,0.876688473768
142.75,61.5279,150.0,0.425165250753,0.0015353969376,0.876688473768
144.684,62.9528,150.0,0.425165250753,0.0015353969376,0.876688473768
146.916,64.2327,150.0,0.425165250753,0.0015353969376,0.876688473768
149.167,65.4553,150.0,0.425165250753,0.0015353969376,0.876688473768
151.708,66.3985,150.0,0.425165250753,0.0015353969376,0.876688473768
153.332,64.6772,150.0,0.425165250753,0.0015353969376,0.876688473768
154.146,62.1217,150.0,0.425165250753,0.0015353969376,0.876688473768
154.787,59.6208,150.0,0.425165250753,0.0015353969376,0.876688473768
155.003,56.9575,150.0,0.425165250753,0.0015353969376,0.876688473768
155.236,54.1789,150.0,0.425165250753,0.0015353969376,0.876688473768
154.704,51.5538,150.0,0.425165250753,0.0015353969376,0.876688473768
153.508,49.0095,150.0,0.425165250753,0.0015353969376,0.876688473768
151.27,47.5543,150.0,0.425165250753,0.0015353969376,0.876688473768
149.782,45.2383,150.0,0.425165250753,0.0015353969376,0.876688473768
148.228,43.0087,150.0,0.425165250753,0.0015353969376,0.876688473768
146.377,40.9897,150.0,0.425165250753,0.0015353969376,0.876688473768
144.401,39.0673,150.0,0.425165250753,0.0015353969376,0.876688473768
142.195,37.5369,150.0,0.425165250753,0.0015353969376,0.876688473768
140.578,35.3502,150.0,0.425165250753,0.0015353969376,0.876688473768
138.332,33.7986,150.0,0.425165250753,0.0015353969376,0.876688473768
136.908,31.4598,150.0,0.425165250753,0.0015353969376,0.876688473768
134.457,30.1936,150.0,0.425165250753,0.0015353969376,0.876688473768
132.239,28.6107,150.0,0.425165250753,0.0015353969376,0.876688473768
130.294,26.6519,150.0,0.425165250753,0.0015353969376,0.876688473768
128.079,25.0581,150.0,0.425165250753,0.0015353969376,0.876688473768
125.969,23.2944,150.0,0.425165250753,0.0015353969376,0.876688473768
123.536,22.5071,150.0,0.425165250753,0.0015353969376,0.876688473768
120.803,22.4443,150.0,0.425165250753,0.0015353969376,0.876688473768
118.401,21.5754,150.0,0.425165250753,0.0015353969376,0.876688473768
115.839,22.033,150.0,0.425165250753,0.0015353969376,0.876688473768
113.984,24.3167,150.0,0.425165250753,0.0015353969376,0.876688473768
111.863,26.1347,150.0,0.425165250753,0.0015353969376,0.876688473768
109.548,27.6084,150.0,0.425165250753,0.0015353969376,0.876688473768
107.115,28.8755,150.0,0.425165250753,0.0015353969376,0.876688473768
