167.091,49.4165,163.0,0.425165250753,0.0015353969376,0.876688473768
164.819,47.1364,163.0,0.425165250753,0.0015353969376,0.876688473768
162.612,44.7773,163.0,0.425165250753,0.0015353969376,0.876688473768
160.023,43.0198,163.0,0.425165250753,0.0015353969376,0.876688473768
157.794,40.9265,163.0,0.425165250753,0.0015353969376,0.876688473768
154.998,39.353,163.0,0.425165250753,0.0015353969376,0.876688473768
152.194,37.7567,163.0,0.425165250753,0.0015353969376,0.876688473768
149.858,35.5626,163.0,0.425165250753,0.0015353969376,0.876688473768
147.165,33.8716,163.0,0.425165250753,0.0015353969376,0.876688473768
144.119,33.0623,163.0,0.425165250753,0.0015353969376,0.876688473768
141.691,31.1739,163.0,0.425165250753,0.0015353969376,0.876688473768
138.609,30.532,163.0,0.425165250753,0.0015353969376,0.876688473768
135.814,28.7612,163.0,0.425165250753,0.0015353969376,0.876688473768
132.68,28.4064,163.0,0.425165250753,0.0015353969376,0.876688473768
129.615,27.7285,163.0,0.425165250753,0.0015353969376,0.876688473768
126.973,25.9642,163.0,0.425165250753,0.0015353969376,0.876688473768
123.755,25.9651,163.0,0.425165250753,0.0015353969376,0.876688473768
120.515,25.9425,163.0,0.425165250753,0.0015353969376,0.876688473768
117.305,25.9505,163.0,0.425165250753,0.0015353969376,0.876688473768
116.439,28.8052,163.0,0.425165250753,0.0015353969376,0.876688473768
116.438,32.0176,163.0,0.425165250753,0.0015353969376,0.876688473768
115.334,34.974,163.0,0.425165250753,0.0015353969376,0.876688473768
115.552,38.2485,163.0,0.425165250753,0.0015353969376,0.876688473768
115.485,41.4745,163.0,0.425165250753,0.0015353969376,0.876688473768
116.431,44.4691,163.0,0.425165250753,0.0015353969376,0.876688473768
117.066,47.5348,163.0,0.425165250753,0.0015353969376,0.876688473768
118.708,50.2995,163.0,0.425165250753,0.0015353969376,0.876688473768
121.219,52.1223,163.0,0.425165250753,0.0015353969376,0.876688473768
123.198,54.6377,163.0,0.425165250753,0.0015353969376,0.876688473768
124.909,57.3219,163.0,0.425165250753,0.0015353969376,0.876688473768
127.194,59.5959,163.0,0.425165250753,0.0015353969376,0.876688473768
129.94,61.2215,163.0,0.425165250753,0.0015353969376,0.876688473768
132.514,63.0873,163.0,0.425165250753,0.0015353969376,0.876688473768
135.172,64.8986,163.0,0.425165250753,0.0015353969376,0.876688473768
137.424,67.219,163.0,0.425165250753,0.0015353969376,0.876688473768
140.279,68.0975,163.0,0.425165250753,0.0015353969376,0.876688473768
143.489,68.1173,163.0,0.425165250753,0.0015353969376,0.876688473768
146.706,68.1152,163.0,0.425165250753,0.0015353969376,0.876688473768
149.927,68.1165,163.0,0.425165250753,0.0015353969376,0.876688473768
153.139,68.0929,163.0,0.425165250753,0.0015353969376,0.876688473768
156.382,68.1957,163.0,0.425165250753,0.0015353969376,0.876688473768
159.37,67.2263,163.0,0.425165250753,0.0015353969376,0.876688473768
162.239,66.3841,163.0,0.425165250753,0.0015353969376,0.876688473768
164.72,64.6021,163.0,0.425165250753,0.0015353969376,0.876688473768
166.509,62.1379,163.0,0.425165250753,0.0015353969376,0.876688473768
167.542,59.1801,163.0,0.425165250753,0.0015353969376,0.876688473768
168.034,55.8697,163.0,0.425165250753,0.0015353969376,0.876688473768
168.202,52.3477,163.0,0.425165250753,0.0015353969376,0.876688473768
