184.013,652.318,150.0,0.151907442199,0.547346848924,0.557959865377
180.739,652.929,150.0,0.151907442199,0.547346848924,0.557959865377
177.399,652.941,150.0,0.151907442199,0.547346848924,0.557959865377
174.48,653.976,150.0,0.151907442199,0.547346848924,0.557959865377
171.646,655.205,150.0,0.151907442199,0.547346848924,0.557959865377
168.633,656.703,150.0,0.151907442199,0.547346848924,0.557959865377
165.94,658.59,150.0,0.151907442199,0.547346848924,0.557959865377
162.965,660.113,150.0,0.151907442199,0.547346848924,0.557959865377
160.188,661.9,150.0,0.151907442199,0.547346848924,0.557959865377
157.525,663.476,150.0,0.151907442199,0.547346848924,0.557959865377
156.472,665.771,150.0,0.151907442199,0.547346848924,0.557959865377
156.417,669.051,150.0,0.151907442199,0.547346848924,0.557959865377
157.842,671.643,150.0,0.151907442199,0.547346848924,0.557959865377
160.463,673.369,150.0,0.151907442199,0.547346848924,0.557959865377
163.059,675.179,150.0,0.151907442199,0.547346848924,0.557959865377
166.195,676.047,150.0,0.151907442199,0.547346848924,0.557959865377
169.432,676.446,150.0,0.151907442199,0.547346848924,0.557959865377
172.361,677.458,150.0,0.151907442199,0.547346848924,0.557959865377
175.702,677.472,150.0,0.151907442199,0.547346848924,0.557959865377
179.048,677.47,150.0,0.151907442199,0.547346848924,0.557959865377
182.39,677.462,150.0,0.151907442199,0.547346848924,0.557959865377
185.343,676.511,150.0,0.151907442199,0.547346848924,0.557959865377
188.456,675.948,150.0,0.151907442199,0.547346848924,0.557959865377
190.76,673.453,150.0,0.151907442199,0.547346848924,0.557959865377
193.607,671.751,150.0,0.151907442199,0.547346848924,0.557959865377
196.0,669.421,150.0,0.151907442199,0.547346848924,0.557959865377
198.371,667.058,150.0,0.151907442199,0.547346848924,0.557959865377
195.755,662.666,150.0,0.151907442199,0.547346848924,0.557959865377
192.822,660.555,150.0,0.151907442199,0.547346848924,0.557959865377
189.924,657.437,150.0,0.151907442199,0.547346848924,0.557959865377
187.049,653.717,150.0,0.151907442199,0.547346848924,0.557959865377
