180.291,654.63,156.0,0.151907442199,0.547346848924,0.557959865377
176.834,656.143,156.0,0.151907442199,0.547346848924,0.557959865377
173.468,657.886,156.0,0.151907442199,0.547346848924,0.557959865377
169.889,658.735,156.0,0.151907442199,0.547346848924,0.557959865377
166.449,660.182,156.0,0.151907442199,0.547346848924,0.557959865377
163.115,662.015,156.0,0.151907442199,0.547346848924,0.557959865377
159.513,662.561,156.0,0.151907442199,0.547346848924,0.557959865377
156.297,664.548,156.0,0.151907442199,0.547346848924,0.557959865377
153.303,666.775,156.0,0.151907442199,0.547346848924,0.557959865377
151.034,668.843,156.0,0.151907442199,0.547346848924,0.557959865377
150.559,672.39,156.0,0.151907442199,0.547346848924,0.557959865377
152.215,675.466,156.0,0.151907442199,0.547346848924,0.557959865377
155.811,676.226,156.0,0.151907442199,0.547346848924,0.557959865377
159.084,677.452,156.0,0.151907442199,0.547346848924,0.557959865377
162.855,677.467,156.0,0.151907442199,0.547346848924,0.557959865377
166.62,677.435,156.0,0.151907442199,0.547346848924,0.557959865377
170.605,677.931,156.0,0.151907442199,0.547346848924,0.557959865377
173.751,676.4,156.0,0.151907442199,0.547346848924,0.557959865377
177.476,676.269,156.0,0.151907442199,0.547346848924,0.557959865377
180.81,675.192,156.0,0.151907442199,0.547346848924,0.557959865377
183.907,673.539,156.0,0.151907442199,0.547346848924,0.557959865377
186.675,670.851,156.0,0.151907442199,0.547346848924,0.557959865377
190.039,669.603,156.0,0.151907442199,0.547346848924,0.557959865377
192.734,666.947,156.0,0.151907442199,0.547346848924,0.557959865377
195.395,665.88,156.0,0.151907442199,0.547346848924,0.557959865377
197.371,665.681,156.0,0.151907442199,0.547346848924,0.557959865377
195.651,663.666,156.0,0.151907442199,0.547346848924,0.557959865377
191.29,660.356,156.0,0.151907442199,0.547346848924,0.557959865377
185.345,656.268,156.0,0.151907442199,0.547346848924,0.557959865377
