180.218,653.981,159.0,0.151907442199,0.547346848924,0.557959865377
176.778,655.249,159.0,0.151907442199,0.547346848924,0.557959865377
173.623,656.581,159.0,0.151907442199,0.547346848924,0.557959865377
169.807,656.304,159.0,0.151907442199,0.547346848924,0.557959865377
166.419,657.679,159.0,0.151907442199,0.547346848924,0.557959865377
162.64,657.9,159.0,0.151907442199,0.547346848924,0.557959865377
159.692,660.128,159.0,0.151907442199,0.547346848924,0.557959865377
156.115,660.993,159.0,0.151907442199,0.547346848924,0.557959865377
153.274,663.08,159.0,0.151907442199,0.547346848924,0.557959865377
150.636,665.696,159.0,0.151907442199,0.547346848924,0.557959865377
147.968,668.313,159.0,0.151907442199,0.547346848924,0.557959865377
145.845,671.154,159.0,0.151907442199,0.547346848924,0.557959865377
145.803,674.922,159.0,0.151907442199,0.547346848924,0.557959865377
147.622,677.489,159.0,0.151907442199,0.547346848924,0.557959865377
150.929,678.71,159.0,0.151907442199,0.547346848924,0.557959865377
154.386,679.789,159.0,0.151907442199,0.547346848924,0.557959865377
158.101,679.814,159.0,0.151907442199,0.547346848924,0.557959865377
161.824,679.809,159.0,0.151907442199,0.547346848924,0.557959865377
165.548,679.813,159.0,0.151907442199,0.547346848924,0.557959865377
169.296,679.916,159.0,0.151907442199,0.547346848924,0.557959865377
172.716,678.65,159.0,0.151907442199,0.547346848924,0.557959865377
176.611,679.021,159.0,0.151907442199,0.547346848924,0.557959865377
179.684,677.493,159.0,0.151907442199,0.547346848924,0.557959865377
182.952,676.398,159.0,0.151907442199,0.547346848924,0.557959865377
186.023,674.822,159.0,0.151907442199,0.547346848924,0.557959865377
189.325,673.536,159.0,0.151907442199,0.547346848924,0.557959865377
192.036,670.862,159.0,0.151907442199,0.547346848924,0.557959865377
195.0,669.16,159.0,0.151907442199,0.547346848924,0.557959865377
196.479,666.849,159.0,0.151907442199,0.547346848924,0.557959865377
197.839,663.568,159.0,0.151907442199,0.547346848924,0.557959865377
196.776,660.731,159.0,0.151907442199,0.547346848924,0.557959865377
193.889,658.443,159.0,0.151907442199,0.547346848924,0.557959865377
189.698,656.547,159.0,0.151907442199,0.547346848924,0.557959865377
184.725,654.885,159.0,0.151907442199,0.547346848924,0.557959865377
