178.062,651.756,160.0,0.151907442199,0.547346848924,0.557959865377
174.653,651.771,160.0,0.151907442199,0.547346848924,0.557959865377
171.684,652.851,160.0,0.151907442199,0.547346848924,0.557959865377
168.274,652.989,160.0,0.151907442199,0.547346848924,0.557959865377
165.018,654.036,160.0,0.151907442199,0.547346848924,0.557959865377
161.654,654.267,160.0,0.151907442199,0.547346848924,0.557959865377
158.628,655.928,160.0,0.151907442199,0.547346848924,0.557959865377
155.571,657.428,160.0,0.151907442199,0.547346848924,0.557959865377
152.534,658.969,160.0,0.151907442199,0.547346848924,0.557959865377
149.224,660.337,160.0,0.151907442199,0.547346848924,0.557959865377
148.271,663.155,160.0,0.151907442199,0.547346848924,0.557959865377
145.939,665.603,160.0,0.151907442199,0.547346848924,0.557959865377
145.232,668.726,160.0,0.151907442199,0.547346848924,0.557959865377
144.706,671.92,160.0,0.151907442199,0.547346848924,0.557959865377
145.604,675.044,160.0,0.151907442199,0.547346848924,0.557959865377
148.789,676.059,160.0,0.151907442199,0.547346848924,0.557959865377
152.147,676.309,160.0,0.151907442199,0.547346848924,0.557959865377
155.565,676.302,160.0,0.151907442199,0.547346848924,0.557959865377
158.981,676.305,160.0,0.151907442199,0.547346848924,0.557959865377
162.374,676.254,160.0,0.151907442199,0.547346848924,0.557959865377
165.797,676.27,160.0,0.151907442199,0.547346848924,0.557959865377
168.658,674.582,160.0,0.151907442199,0.547346848924,0.557959865377
171.502,672.833,160.0,0.151907442199,0.547346848924,0.557959865377
174.752,672.004,160.0,0.151907442199,0.547346848924,0.557959865377
177.535,670.407,160.0,0.151907442199,0.547346848924,0.557959865377
180.29,668.813,160.0,0.151907442199,0.547346848924,0.557959865377
183.058,667.254,160.0,0.151907442199,0.547346848924,0.557959865377
185.428,664.771,160.0,0.151907442199,0.547346848924,0.557959865377
186.915,661.971,160.0,0.151907442199,0.547346848924,0.557959865377
189.32,659.597,160.0,0.151907442199,0.547346848924,0.557959865377
189.001,657.221,160.0,0.151907442199,0.547346848924,0.557959865377
186.272,654.98,160.0,0.151907442199,0.547346848924,0.557959865377
182.098,652.822,160.0,0.151907442199,0.547346848924,0.557959865377
