165.153,652.595,167.0,0.151907442199,0.547346848924,0.557959865377
161.597,654.127,167.0,0.151907442199,0.547346848924,0.557959865377
158.0,655.109,167.0,0.151907442199,0.547346848924,0.557959865377
154.687,657.323,167.0,0.151907442199,0.547346848924,0.557959865377
151.181,659.054,167.0,0.151907442199,0.547346848924,0.557959865377
147.624,660.726,167.0,0.151907442199,0.547346848924,0.557959865377
144.782,663.39,167.0,0.151907442199,0.547346848924,0.557959865377
141.487,665.413,167.0,0.151907442199,0.547346848924,0.557959865377
138.247,667.064,167.0,0.151907442199,0.547346848924,0.557959865377
135.332,669.572,167.0,0.151907442199,0.547346848924,0.557959865377
133.16,672.579,167.0,0.151907442199,0.547346848924,0.557959865377
131.022,675.831,167.0,0.151907442199,0.547346848924,0.557959865377
130.628,679.629,167.0,0.151907442199,0.547346848924,0.557959865377
133.771,681.833,167.0,0.151907442199,0.547346848924,0.557959865377
137.531,682.155,167.0,0.151907442199,0.547346848924,0.557959865377
141.296,682.79,167.0,0.151907442199,0.547346848924,0.557959865377
145.091,683.298,167.0,0.151907442199,0.547346848924,0.557959865377
148.995,683.299,167.0,0.151907442199,0.547346848924,0.557959865377
152.979,683.583,167.0,0.151907442199,0.547346848924,0.557959865377
156.548,682.126,167.0,0.151907442199,0.547346848924,0.557959865377
160.276,681.334,167.0,0.151907442199,0.547346848924,0.557959865377
164.068,680.814,167.0,0.151907442199,0.547346848924,0.557959865377
167.502,678.782,167.0,0.151907442199,0.547346848924,0.557959865377
171.307,678.325,167.0,0.151907442199,0.547346848924,0.557959865377
174.798,676.491,167.0,0.151907442199,0.547346848924,0.557959865377
177.983,674.078,167.0,0.151907442199,0.547346848924,0.557959865377
181.211,672.378,167.0,0.151907442199,0.547346848924,0.557959865377
184.381,670.575,167.0,0.151907442199,0.547346848924,0.557959865377
186.728,668.259,167.0,0.151907442199,0.547346848924,0.557959865377
188.07,665.622,167.0,0.151907442199,0.547346848924,0.557959865377
189.125,662.139,167.0,0.151907442199,0.547346848924,0.557959865377
189.119,658.225,167.0,0.151907442199,0.547346848924,0.557959865377
188.992,654.419,167.0,0.151907442199,0.547346848924,0.557959865377
187.406,651.859,167.0,0.151907442199,0.547346848924,0.557959865377
184.363,650.545,167.0,0.151907442199,0.547346848924,0.557959865377
180.187,650.199,167.0,0.151907442199,0.547346848924,0.557959865377
175.201,650.545,167.0,0.151907442199,0.547346848924,0.557959865377
169.729,651.306,167.0,0.151907442199,0.547346848924,0.557959865377
