143.024,666.947,169.0,0.151907442199,0.547346848924,0.557959865377
139.585,666.748,169.0,0.151907442199,0.547346848924,0.557959865377
136.811,668.155,169.0,0.151907442199,0.547346848924,0.557959865377
133.394,668.015,169.0,0.151907442199,0.547346848924,0.557959865377
130.59,669.355,169.0,0.151907442199,0.547346848924,0.557959865377
127.77,671.163,169.0,0.151907442199,0.547346848924,0.557959865377
125.004,672.564,169.0,0.151907442199,0.547346848924,0.557959865377
122.666,674.986,169.0,0.151907442199,0.547346848924,0.557959865377
121.349,677.801,169.0,0.151907442199,0.547346848924,0.557959865377
121.31,681.154,169.0,0.151907442199,0.547346848924,0.557959865377
122.985,683.889,169.0,0.151907442199,0.547346848924,0.557959865377
126.057,684.515,169.0,0.151907442199,0.547346848924,0.557959865377
128.958,685.6,169.0,0.151907442199,0.547346848924,0.557959865377
132.012,686.867,169.0,0.151907442199,0.547346848924,0.557959865377
135.385,686.795,169.0,0.151907442199,0.547346848924,0.557959865377
138.735,686.823,169.0,0.151907442199,0.547346848924,0.557959865377
142.099,686.855,169.0,0.151907442199,0.547346848924,0.557959865377
145.159,685.594,169.0,0.151907442199,0.547346848924,0.557959865377
148.386,685.089,169.0,0.151907442199,0.547346848924,0.557959865377
151.405,683.525,169.0,0.151907442199,0.547346848924,0.557959865377
153.815,681.205,169.0,0.151907442199,0.547346848924,0.557959865377
156.166,678.764,169.0,0.151907442199,0.547346848924,0.557959865377
158.802,677.979,169.0,0.151907442199,0.547346848924,0.557959865377
158.539,674.801,169.0,0.151907442199,0.547346848924,0.557959865377
157.051,672.395,169.0,0.151907442199,0.547346848924,0.557959865377
154.373,670.485,169.0,0.151907442199,0.547346848924,0.557959865377
150.845,668.93,169.0,0.151907442199,0.547346848924,0.557959865377
146.808,667.587,169.0,0.151907442199,0.547346848924,0.557959865377
