134.413,668.561,178.0,0.151907442199,0.547346848924,0.557959865377
132.433,667.1,178.0,0.151907442199,0.547346848924,0.557959865377
129.773,667.112,178.0,0.151907442199,0.547346848924,0.557959865377
127.302,667.904,178.0,0.151907442199,0.547346848924,0.557959865377
124.706,668.17,178.0,0.151907442199,0.547346848924,0.557959865377
122.36,669.477,178.0,0.151907442199,0.547346848924,0.557959865377
120.014,670.771,178.0,0.151907442199,0.547346848924,0.557959865377
118.032,672.557,178.0,0.151907442199,0.547346848924,0.557959865377
116.808,674.706,178.0,0.151907442199,0.547346848924,0.557959865377
116.484,677.25,178.0,0.151907442199,0.547346848924,0.557959865377
118.422,678.529,178.0,0.151907442199,0.547346848924,0.557959865377
120.598,680.078,178.0,0.151907442199,0.547346848924,0.557959865377
123.163,680.288,178.0,0.151907442199,0.547346848924,0.557959865377
125.825,680.28,178.0,0.151907442199,0.547346848924,0.557959865377
128.482,680.281,178.0,0.151907442199,0.547346848924,0.557959865377
131.14,680.277,178.0,0.151907442199,0.547346848924,0.557959865377
133.77,680.064,178.0,0.151907442199,0.547346848924,0.557959865377
136.327,679.226,178.0,0.151907442199,0.547346848924,0.557959865377
138.447,677.675,178.0,0.151907442199,0.547346848924,0.557959865377
140.844,676.413,178.0,0.151907442199,0.547346848924,0.557959865377
142.089,674.8,178.0,0.151907442199,0.547346848924,0.557959865377
141.762,672.317,178.0,0.151907442199,0.547346848924,0.557959865377
139.867,670.903,178.0,0.151907442199,0.547346848924,0.557959865377
136.738,670.065,178.0,0.151907442199,0.547346848924,0.557959865377
