134.717,672.887,184.0,0.151907442199,0.547346848924,0.557959865377
132.734,671.005,184.0,0.151907442199,0.547346848924,0.557959865377
130.851,669.024,184.0,0.151907442199,0.547346848924,0.557959865377
128.386,668.459,184.0,0.151907442199,0.547346848924,0.557959865377
125.877,668.001,184.0,0.151907442199,0.547346848924,0.557959865377
123.183,667.988,184.0,0.151907442199,0.547346848924,0.557959865377
120.486,667.986,184.0,0.151907442199,0.547346848924,0.557959865377
117.789,667.994,184.0,0.151907442199,0.547346848924,0.557959865377
115.135,668.136,184.0,0.151907442199,0.547346848924,0.557959865377
112.934,669.794,184.0,0.151907442199,0.547346848924,0.557959865377
110.522,670.992,184.0,0.151907442199,0.547346848924,0.557959865377
108.061,672.151,184.0,0.151907442199,0.547346848924,0.557959865377
106.061,673.979,184.0,0.151907442199,0.547346848924,0.557959865377
105.984,676.647,184.0,0.151907442199,0.547346848924,0.557959865377
105.964,679.357,184.0,0.151907442199,0.547346848924,0.557959865377
107.895,681.17,184.0,0.151907442199,0.547346848924,0.557959865377
110.236,682.037,184.0,0.151907442199,0.547346848924,0.557959865377
112.863,682.85,184.0,0.151907442199,0.547346848924,0.557959865377
114.309,684.038,184.0,0.151907442199,0.547346848924,0.557959865377
117.321,683.719,184.0,0.151907442199,0.547346848924,0.557959865377
119.947,683.793,184.0,0.151907442199,0.547346848924,0.557959865377
122.646,683.794,184.0,0.151907442199,0.547346848924,0.557959865377
125.364,683.876,184.0,0.151907442199,0.547346848924,0.557959865377
127.843,682.94,184.0,0.151907442199,0.547346848924,0.557959865377
130.325,682.399,184.0,0.151907442199,0.547346848924,0.557959865377
131.869,679.973,184.0,0.151907442199,0.547346848924,0.557959865377
133.194,677.608,184.0,0.151907442199,0.547346848924,0.557959865377
134.391,675.287,184.0,0.151907442199,0.547346848924,0.557959865377
