114.514,669.127,192.0,0.151907442199,0.547346848924,0.557959865377
113.163,671.382,192.0,0.151907442199,0.547346848924,0.557959865377
111.189,673.378,192.0,0.151907442199,0.547346848924,0.557959865377
110.812,676.037,192.0,0.151907442199,0.547346848924,0.557959865377
110.817,678.838,192.0,0.151907442199,0.547346848924,0.557959865377
110.534,681.928,192.0,0.151907442199,0.547346848924,0.557959865377
111.975,683.307,192.0,0.151907442199,0.547346848924,0.557959865377
114.3,684.48,192.0,0.151907442199,0.547346848924,0.557959865377
116.63,685.648,192.0,0.151907442199,0.547346848924,0.557959865377
118.955,686.825,192.0,0.151907442199,0.547346848924,0.557959865377
121.644,686.578,192.0,0.151907442199,0.547346848924,0.557959865377
123.658,684.532,192.0,0.151907442199,0.547346848924,0.557959865377
124.906,682.991,192.0,0.151907442199,0.547346848924,0.557959865377
126.032,680.572,192.0,0.151907442199,0.547346848924,0.557959865377
127.259,678.261,192.0,0.151907442199,0.547346848924,0.557959865377
127.161,675.406,192.0,0.151907442199,0.547346848924,0.557959865377
127.167,672.596,192.0,0.151907442199,0.547346848924,0.557959865377
126.874,669.811,192.0,0.151907442199,0.547346848924,0.557959865377
124.747,668.718,192.0,0.151907442199,0.547346848924,0.557959865377
124.266,666.327,192.0,0.151907442199,0.547346848924,0.557959865377
121.628,666.146,192.0,0.151907442199,0.547346848924,0.557959865377
117.677,667.313,192.0,0.151907442199,0.547346848924,0.557959865377
