100.98,670.121,211.0,0.792778142271,0.223840994876,0.518671518485
99.5764,668.945,211.0,0.792778142271,0.223840994876,0.518671518485
97.6651,667.985,211.0,0.792778142271,0.223840994876,0.518671518485
95.5718,667.34,211.0,0.792778142271,0.223840994876,0.518671518485
93.4004,666.457,211.0,0.792778142271,0.223840994876,0.518671518485
91.074,666.435,211.0,0.792778142271,0.223840994876,0.518671518485
88.7423,666.436,211.0,0.792778142271,0.223840994876,0.518671518485
86.4159,666.44,211.0,0.792778142271,0.223840994876,0.518671518485
84.5103,666.866,211.0,0.792778142271,0.223840994876,0.518671518485
83.6638,668.35,211.0,0.792778142271,0.223840994876,0.518671518485
83.3005,670.318,211.0,0.792778142271,0.223840994876,0.518671518485
82.6641,672.012,211.0,0.792778142271,0.223840994876,0.518671518485
82.6412,674.33,211.0,0.792778142271,0.223840994876,0.518671518485
83.4709,676.486,211.0,0.792778142271,0.223840994876,0.518671518485
85.7203,677.036,211.0,0.792778142271,0.223840994876,0.518671518485
87.6209,678.08,211.0,0.792778142271,0.223840994876,0.518671518485
89.8137,678.414,211.0,0.792778142271,0.223840994876,0.518671518485
91.908,678.989,211.0,0.792778142271,0.223840994876,0.518671518485
94.1391,679.405,211.0,0.792778142271,0.223840994876,0.518671518485
96.3398,679.954,211.0,0.792778142271,0.223840994876,0.518671518485
98.6782,679.972,211.0,0.792778142271,0.223840994876,0.518671518485
100.554,679.364,211.0,0.792778142271,0.223840994876,0.518671518485
101.573,677.602,211.0,0.792778142271,0.223840994876,0.518671518485
101.978,675.012,211.0,0.792778142271,0.223840994876,0.518671518485
102.014,671.926,211.0,0.792778142271,0.223840994876,0.518671518485
