99.6243,671.58,213.0,0.792778142271,0.223840994876,0.518671518485
97.5202,670.622,213.0,0.792778142271,0.223840994876,0.518671518485
95.1516,670.302,213.0,0.792778142271,0.223840994876,0.518671518485
92.8302,669.869,213.0,0.792778142271,0.223840994876,0.518671518485
90.5475,669.341,213.0,0.792778142271,0.223840994876,0.518671518485
88.0477,669.333,213.0,0.792778142271,0.223840994876,0.518671518485
85.5875,669.412,213.0,0.792778142271,0.223840994876,0.518671518485
83.0021,669.241,213.0,0.792778142271,0.223840994876,0.518671518485
80.8898,670.126,213.0,0.792778142271,0.223840994876,0.518671518485
79.7472,672.171,213.0,0.792778142271,0.223840994876,0.518671518485
79.7505,674.675,213.0,0.792778142271,0.223840994876,0.518671518485
79.6424,677.191,213.0,0.792778142271,0.223840994876,0.518671518485
80.9874,679.046,213.0,0.792778142271,0.223840994876,0.518671518485
83.241,679.625,213.0,0.792778142271,0.223840994876,0.518671518485
85.6017,679.962,213.0,0.792778142271,0.223840994876,0.518671518485
88.1027,679.961,213.0,0.792778142271,0.223840994876,0.518671518485
90.606,679.962,213.0,0.792778142271,0.223840994876,0.518671518485
93.1114,679.966,213.0,0.792778142271,0.223840994876,0.518671518485
95.2016,679.555,213.0,0.792778142271,0.223840994876,0.518671518485
96.175,678.028,213.0,0.792778142271,0.223840994876,0.518671518485
98.7739,677.932,213.0,0.792778142271,0.223840994876,0.518671518485
100.273,676.127,213.0,0.792778142271,0.223840994876,0.518671518485
100.862,673.03,213.0,0.792778142271,0.223840994876,0.518671518485
