301.454,606.759,102.0,0.594990349803,0.223752156491,0.615582244266
299.352,607.646,102.0,0.594990349803,0.223752156491,0.615582244266
297.275,608.635,102.0,0.594990349803,0.223752156491,0.615582244266
295.638,610.211,102.0,0.594990349803,0.223752156491,0.615582244266
294.569,612.056,102.0,0.594990349803,0.223752156491,0.615582244266
293.282,613.915,102.0,0.594990349803,0.223752156491,0.615582244266
292.207,615.803,102.0,0.594990349803,0.223752156491,0.615582244266
291.395,617.759,102.0,0.594990349803,0.223752156491,0.615582244266
291.383,620.046,102.0,0.594990349803,0.223752156491,0.615582244266
291.416,622.324,102.0,0.594990349803,0.223752156491,0.615582244266
291.068,624.761,102.0,0.594990349803,0.223752156491,0.615582244266
291.823,626.737,102.0,0.594990349803,0.223752156491,0.615582244266
292.861,628.583,102.0,0.594990349803,0.223752156491,0.615582244266
294.175,629.78,102.0,0.594990349803,0.223752156491,0.615582244266
295.869,631.169,102.0,0.594990349803,0.223752156491,0.615582244266
297.768,632.114,102.0,0.594990349803,0.223752156491,0.615582244266
300.111,631.988,102.0,0.594990349803,0.223752156491,0.615582244266
302.466,632.045,102.0,0.594990349803,0.223752156491,0.615582244266
303.53,630.259,102.0,0.594990349803,0.223752156491,0.615582244266
305.165,628.641,102.0,0.594990349803,0.223752156491,0.615582244266
306.548,626.922,102.0,0.594990349803,0.223752156491,0.615582244266
307.939,625.207,102.0,0.594990349803,0.223752156491,0.615582244266
308.895,623.311,102.0,0.594990349803,0.223752156491,0.615582244266
309.809,621.398,102.0,0.594990349803,0.223752156491,0.615582244266
310.42,619.36,102.0,0.594990349803,0.223752156491,0.615582244266
310.532,617.114,102.0,0.594990349803,0.223752156491,0.615582244266
310.747,614.906,102.0,0.594990349803,0.223752156491,0.615582244266
312.139,613.442,102.0,0.594990349803,0.223752156491,0.615582244266
311.854,611.948,102.0,0.594990349803,0.223752156491,0.615582244266
310.186,610.408,102.0,0.594990349803,0.223752156491,0.615582244266
307.531,608.834,102.0,0.594990349803,0.223752156491,0.615582244266
304.283,607.24,102.0,0.594990349803,0.223752156491,0.615582244266
