369.468,545.637,27.0,0.594990349803,0.223752156491,0.615582244266
367.354,545.637,27.0,0.594990349803,0.223752156491,0.615582244266
365.204,545.551,27.0,0.594990349803,0.223752156491,0.615582244266
363.439,546.396,27.0,0.594990349803,0.223752156491,0.615582244266
361.683,547.261,27.0,0.594990349803,0.223752156491,0.615582244266
359.702,547.584,27.0,0.594990349803,0.223752156491,0.615582244266
358.229,549.135,27.0,0.594990349803,0.223752156491,0.615582244266
356.698,550.582,27.0,0.594990349803,0.223752156491,0.615582244266
354.894,551.65,27.0,0.594990349803,0.223752156491,0.615582244266
353.416,553.171,27.0,0.594990349803,0.223752156491,0.615582244266
351.944,554.721,27.0,0.594990349803,0.223752156491,0.615582244266
350.154,555.501,27.0,0.594990349803,0.223752156491,0.615582244266
348.711,557.089,27.0,0.594990349803,0.223752156491,0.615582244266
347.362,558.651,27.0,0.594990349803,0.223752156491,0.615582244266
346.34,560.369,27.0,0.594990349803,0.223752156491,0.615582244266
345.154,562.112,27.0,0.594990349803,0.223752156491,0.615582244266
344.279,563.859,27.0,0.594990349803,0.223752156491,0.615582244266
344.219,565.949,27.0,0.594990349803,0.223752156491,0.615582244266
343.341,567.702,27.0,0.594990349803,0.223752156491,0.615582244266
343.488,569.787,27.0,0.594990349803,0.223752156491,0.615582244266
345.045,571.255,27.0,0.594990349803,0.223752156491,0.615582244266
346.542,572.751,27.0,0.594990349803,0.223752156491,0.615582244266
347.995,574.312,27.0,0.594990349803,0.223752156491,0.615582244266
349.759,574.709,27.0,0.594990349803,0.223752156491,0.615582244266
351.403,575.2,27.0,0.594990349803,0.223752156491,0.615582244266
353.202,575.962,27.0,0.594990349803,0.223752156491,0.615582244266
355.312,575.975,27.0,0.594990349803,0.223752156491,0.615582244266
357.42,575.96,27.0,0.594990349803,0.223752156491,0.615582244266
359.238,575.247,27.0,0.594990349803,0.223752156491,0.615582244266
361.312,575.021,27.0,0.594990349803,0.223752156491,0.615582244266
362.276,573.573,27.0,0.594990349803,0.223752156491,0.615582244266
363.786,572.158,27.0,0.594990349803,0.223752156491,0.615582244266
365.478,570.803,27.0,0.594990349803,0.223752156491,0.615582244266
366.315,569.031,27.0,0.594990349803,0.223752156491,0.615582244266
366.643,567.053,27.0,0.594990349803,0.223752156491,0.615582244266
367.546,565.312,27.0,0.594990349803,0.223752156491,0.615582244266
368.083,563.421,27.0,0.594990349803,0.223752156491,0.615582244266
368.225,561.356,27.0,0.594990349803,0.223752156491,0.615582244266
368.444,559.291,27.0,0.594990349803,0.223752156491,0.615582244266
368.7,557.213,27.0,0.594990349803,0.223752156491,0.615582244266
368.988,555.124,27.0,0.594990349803,0.223752156491,0.615582244266
369.303,553.025,27.0,0.594990349803,0.223752156491,0.615582244266
369.638,550.919,27.0,0.594990349803,0.223752156491,0.615582244266
369.987,548.808,27.0,0.594990349803,0.223752156491,0.615582244266
370.345,546.694,27.0,0.594990349803,0.223752156491,0.615582244266
