359.431,545.618,28.0,0.594990349803,0.223752156491,0.615582244266
357.701,546.455,28.0,0.594990349803,0.223752156491,0.615582244266
355.709,546.93,28.0,0.594990349803,0.223752156491,0.615582244266
354.207,548.386,28.0,0.594990349803,0.223752156491,0.615582244266
352.735,549.854,28.0,0.594990349803,0.223752156491,0.615582244266
351.264,551.318,28.0,0.594990349803,0.223752156491,0.615582244266
349.806,552.812,28.0,0.594990349803,0.223752156491,0.615582244266
348.106,553.715,28.0,0.594990349803,0.223752156491,0.615582244266
346.637,555.172,28.0,0.594990349803,0.223752156491,0.615582244266
345.79,556.895,28.0,0.594990349803,0.223752156491,0.615582244266
344.929,558.616,28.0,0.594990349803,0.223752156491,0.615582244266
344.977,560.713,28.0,0.594990349803,0.223752156491,0.615582244266
345.002,562.766,28.0,0.594990349803,0.223752156491,0.615582244266
345.028,564.817,28.0,0.594990349803,0.223752156491,0.615582244266
345.676,566.245,28.0,0.594990349803,0.223752156491,0.615582244266
346.634,567.419,28.0,0.594990349803,0.223752156491,0.615582244266
348.178,568.84,28.0,0.594990349803,0.223752156491,0.615582244266
349.312,570.152,28.0,0.594990349803,0.223752156491,0.615582244266
351.063,571.166,28.0,0.594990349803,0.223752156491,0.615582244266
352.796,572.004,28.0,0.594990349803,0.223752156491,0.615582244266
354.883,571.982,28.0,0.594990349803,0.223752156491,0.615582244266
356.959,571.983,28.0,0.594990349803,0.223752156491,0.615582244266
359.034,572.014,28.0,0.594990349803,0.223752156491,0.615582244266
360.084,570.474,28.0,0.594990349803,0.223752156491,0.615582244266
361.244,569.569,28.0,0.594990349803,0.223752156491,0.615582244266
362.542,568.79,28.0,0.594990349803,0.223752156491,0.615582244266
363.794,567.496,28.0,0.594990349803,0.223752156491,0.615582244266
364.92,566.403,28.0,0.594990349803,0.223752156491,0.615582244266
365.858,564.728,28.0,0.594990349803,0.223752156491,0.615582244266
366.634,562.97,28.0,0.594990349803,0.223752156491,0.615582244266
368.15,561.521,28.0,0.594990349803,0.223752156491,0.615582244266
368.143,559.44,28.0,0.594990349803,0.223752156491,0.615582244266
368.864,557.66,28.0,0.594990349803,0.223752156491,0.615582244266
370.086,556.282,28.0,0.594990349803,0.223752156491,0.615582244266
370.286,554.762,28.0,0.594990349803,0.223752156491,0.615582244266
369.622,553.122,28.0,0.594990349803,0.223752156491,0.615582244266
368.25,551.383,28.0,0.594990349803,0.223752156491,0.615582244266
366.328,549.568,28.0,0.594990349803,0.223752156491,0.615582244266
364.013,547.698,28.0,0.594990349803,0.223752156491,0.615582244266
361.462,545.795,28.0,0.594990349803,0.223752156491,0.615582244266
