353.486,549.128,38.0,0.594990349803,0.223752156491,0.615582244266
351.545,551.058,38.0,0.594990349803,0.223752156491,0.615582244266
349.387,552.683,38.0,0.594990349803,0.223752156491,0.615582244266
347.612,554.715,38.0,0.594990349803,0.223752156491,0.615582244266
346.32,557.047,38.0,0.594990349803,0.223752156491,0.615582244266
344.065,558.556,38.0,0.594990349803,0.223752156491,0.615582244266
342.59,560.826,38.0,0.594990349803,0.223752156491,0.615582244266
340.887,562.858,38.0,0.594990349803,0.223752156491,0.615582244266
340.062,565.272,38.0,0.594990349803,0.223752156491,0.615582244266
339.286,567.876,38.0,0.594990349803,0.223752156491,0.615582244266
338.509,570.43,38.0,0.594990349803,0.223752156491,0.615582244266
338.033,573.059,38.0,0.594990349803,0.223752156491,0.615582244266
337.777,575.748,38.0,0.594990349803,0.223752156491,0.615582244266
336.76,578.07,38.0,0.594990349803,0.223752156491,0.615582244266
336.897,580.863,38.0,0.594990349803,0.223752156491,0.615582244266
336.069,583.468,38.0,0.594990349803,0.223752156491,0.615582244266
336.097,586.211,38.0,0.594990349803,0.223752156491,0.615582244266
336.114,588.944,38.0,0.594990349803,0.223752156491,0.615582244266
336.713,591.535,38.0,0.594990349803,0.223752156491,0.615582244266
337.734,593.882,38.0,0.594990349803,0.223752156491,0.615582244266
339.193,596.067,38.0,0.594990349803,0.223752156491,0.615582244266
340.829,596.127,38.0,0.594990349803,0.223752156491,0.615582244266
342.691,594.098,38.0,0.594990349803,0.223752156491,0.615582244266
344.252,591.9,38.0,0.594990349803,0.223752156491,0.615582244266
346.223,589.988,38.0,0.594990349803,0.223752156491,0.615582244266
347.501,587.576,38.0,0.594990349803,0.223752156491,0.615582244266
348.758,585.154,38.0,0.594990349803,0.223752156491,0.615582244266
350.263,582.978,38.0,0.594990349803,0.223752156491,0.615582244266
351.969,581.031,38.0,0.594990349803,0.223752156491,0.615582244266
353.682,578.988,38.0,0.594990349803,0.223752156491,0.615582244266
354.703,576.651,38.0,0.594990349803,0.223752156491,0.615582244266
355.176,573.976,38.0,0.594990349803,0.223752156491,0.615582244266
356.756,571.789,38.0,0.594990349803,0.223752156491,0.615582244266
357.059,569.108,38.0,0.594990349803,0.223752156491,0.615582244266
358.376,566.678,38.0,0.594990349803,0.223752156491,0.615582244266
359.679,564.249,38.0,0.594990349803,0.223752156491,0.615582244266
360.086,561.608,38.0,0.594990349803,0.223752156491,0.615582244266
361.64,559.338,38.0,0.594990349803,0.223752156491,0.615582244266
362.437,556.929,38.0,0.594990349803,0.223752156491,0.615582244266
362.247,554.264,38.0,0.594990349803,0.223752156491,0.615582244266
360.934,552.096,38.0,0.594990349803,0.223752156491,0.615582244266
358.708,550.352,38.0,0.594990349803,0.223752156491,0.615582244266
355.933,548.862,38.0,0.594990349803,0.223752156491,0.615582244266
