344.05,563.192,48.0,0.594990349803,0.223752156491,0.615582244266
341.909,562.264,48.0,0.594990349803,0.223752156491,0.615582244266
339.325,562.401,48.0,0.594990349803,0.223752156491,0.615582244266
337.039,563.127,48.0,0.594990349803,0.223752156491,0.615582244266
335.159,565.042,48.0,0.594990349803,0.223752156491,0.615582244266
333.189,566.641,48.0,0.594990349803,0.223752156491,0.615582244266
330.954,567.788,48.0,0.594990349803,0.223752156491,0.615582244266
329.092,569.477,48.0,0.594990349803,0.223752156491,0.615582244266
327.274,571.237,48.0,0.594990349803,0.223752156491,0.615582244266
325.799,572.848,48.0,0.594990349803,0.223752156491,0.615582244266
324.149,574.685,48.0,0.594990349803,0.223752156491,0.615582244266
323.845,577.182,48.0,0.594990349803,0.223752156491,0.615582244266
321.896,578.968,48.0,0.594990349803,0.223752156491,0.615582244266
321.079,580.737,48.0,0.594990349803,0.223752156491,0.615582244266
320.067,582.8,48.0,0.594990349803,0.223752156491,0.615582244266
320.236,585.405,48.0,0.594990349803,0.223752156491,0.615582244266
320.232,587.928,48.0,0.594990349803,0.223752156491,0.615582244266
320.225,590.452,48.0,0.594990349803,0.223752156491,0.615582244266
320.232,592.976,48.0,0.594990349803,0.223752156491,0.615582244266
320.247,595.495,48.0,0.594990349803,0.223752156491,0.615582244266
320.111,598.076,48.0,0.594990349803,0.223752156491,0.615582244266
321.064,600.219,48.0,0.594990349803,0.223752156491,0.615582244266
322.32,602.442,48.0,0.594990349803,0.223752156491,0.615582244266
323.418,604.708,48.0,0.594990349803,0.223752156491,0.615582244266
324.221,607.103,48.0,0.594990349803,0.223752156491,0.615582244266
325.526,609.088,48.0,0.594990349803,0.223752156491,0.615582244266
325.999,611.421,48.0,0.594990349803,0.223752156491,0.615582244266
327.372,613.41,48.0,0.594990349803,0.223752156491,0.615582244266
329.322,614.632,48.0,0.594990349803,0.223752156491,0.615582244266
331.327,615.9,48.0,0.594990349803,0.223752156491,0.615582244266
333.856,615.896,48.0,0.594990349803,0.223752156491,0.615582244266
336.193,615.097,48.0,0.594990349803,0.223752156491,0.615582244266
338.631,614.064,48.0,0.594990349803,0.223752156491,0.615582244266
340.118,612.237,48.0,0.594990349803,0.223752156491,0.615582244266
341.211,610.661,48.0,0.594990349803,0.223752156491,0.615582244266
342.577,608.723,48.0,0.594990349803,0.223752156491,0.615582244266
343.766,606.69,48.0,0.594990349803,0.223752156491,0.615582244266
344.427,604.439,48.0,0.594990349803,0.223752156491,0.615582244266
344.96,602.135,48.0,0.594990349803,0.223752156491,0.615582244266
345.768,599.944,48.0,0.594990349803,0.223752156491,0.615582244266
345.78,597.424,48.0,0.594990349803,0.223752156491,0.615582244266
346.258,595.011,48.0,0.594990349803,0.223752156491,0.615582244266
346.577,592.561,48.0,0.594990349803,0.223752156491,0.615582244266
346.534,590.018,48.0,0.594990349803,0.223752156491,0.615582244266
347.364,587.837,48.0,0.594990349803,0.223752156491,0.615582244266
347.372,585.315,48.0,0.594990349803,0.223752156491,0.615582244266
347.37,582.79,48.0,0.594990349803,0.223752156491,0.615582244266
347.287,580.27,48.0,0.594990349803,0.223752156491,0.615582244266
347.103,577.756,48.0,0.594990349803,0.223752156491,0.615582244266
346.833,575.248,48.0,0.594990349803,0.223752156491,0.615582244266
346.493,572.744,48.0,0.594990349803,0.223752156491,0.615582244266
346.099,570.243,48.0,0.594990349803,0.223752156491,0.615582244266
345.666,567.745,48.0,0.594990349803,0.223752156491,0.615582244266
345.21,565.248,48.0,0.594990349803,0.223752156491,0.615582244266
