335.033,588.088,58.0,0.622550178726,0.0981186179438,0.598782259198
333.154,588.689,58.0,0.622550178726,0.0981186179438,0.598782259198
331.396,589.571,58.0,0.622550178726,0.0981186179438,0.598782259198
329.547,590.607,58.0,0.622550178726,0.0981186179438,0.598782259198
327.813,591.797,58.0,0.622550178726,0.0981186179438,0.598782259198
326.177,593.117,58.0,0.622550178726,0.0981186179438,0.598782259198
324.191,593.953,58.0,0.622550178726,0.0981186179438,0.598782259198
322.534,595.248,58.0,0.622550178726,0.0981186179438,0.598782259198
321.015,596.742,58.0,0.622550178726,0.0981186179438,0.598782259198
320.018,598.613,58.0,0.622550178726,0.0981186179438,0.598782259198
318.485,600.096,58.0,0.622550178726,0.0981186179438,0.598782259198
316.955,601.591,58.0,0.622550178726,0.0981186179438,0.598782259198
316.924,603.706,58.0,0.622550178726,0.0981186179438,0.598782259198
316.931,605.837,58.0,0.622550178726,0.0981186179438,0.598782259198
316.93,607.965,58.0,0.622550178726,0.0981186179438,0.598782259198
316.896,610.101,58.0,0.622550178726,0.0981186179438,0.598782259198
316.808,612.252,58.0,0.622550178726,0.0981186179438,0.598782259198
317.606,614.184,58.0,0.622550178726,0.0981186179438,0.598782259198
318.576,616.081,58.0,0.622550178726,0.0981186179438,0.598782259198
320.089,617.58,58.0,0.622550178726,0.0981186179438,0.598782259198
321.599,619.07,58.0,0.622550178726,0.0981186179438,0.598782259198
323.337,620.011,58.0,0.622550178726,0.0981186179438,0.598782259198
325.463,620.014,58.0,0.622550178726,0.0981186179438,0.598782259198
327.59,620.005,58.0,0.622550178726,0.0981186179438,0.598782259198
329.741,620.093,58.0,0.622550178726,0.0981186179438,0.598782259198
331.68,619.336,58.0,0.622550178726,0.0981186179438,0.598782259198
333.764,619.161,58.0,0.622550178726,0.0981186179438,0.598782259198
335.521,618.261,58.0,0.622550178726,0.0981186179438,0.598782259198
337.393,617.57,58.0,0.622550178726,0.0981186179438,0.598782259198
339.041,616.139,58.0,0.622550178726,0.0981186179438,0.598782259198
340.81,615.299,58.0,0.622550178726,0.0981186179438,0.598782259198
341.722,613.537,58.0,0.622550178726,0.0981186179438,0.598782259198
342.427,611.701,58.0,0.622550178726,0.0981186179438,0.598782259198
343.412,609.982,58.0,0.622550178726,0.0981186179438,0.598782259198
343.281,607.8,58.0,0.622550178726,0.0981186179438,0.598782259198
343.277,605.67,58.0,0.622550178726,0.0981186179438,0.598782259198
343.279,603.542,58.0,0.622550178726,0.0981186179438,0.598782259198
343.21,601.431,58.0,0.622550178726,0.0981186179438,0.598782259198
342.468,599.477,58.0,0.622550178726,0.0981186179438,0.598782259198
342.292,597.425,58.0,0.622550178726,0.0981186179438,0.598782259198
341.681,595.55,58.0,0.622550178726,0.0981186179438,0.598782259198
340.961,593.721,58.0,0.622550178726,0.0981186179438,0.598782259198
339.239,592.28,58.0,0.622550178726,0.0981186179438,0.598782259198
337.848,590.667,58.0,0.622550178726,0.0981186179438,0.598782259198
336.655,588.952,58.0,0.622550178726,0.0981186179438,0.598782259198
