326.224,589.738,62.0,0.594990349803,0.223752156491,0.615582244266
323.471,590.384,62.0,0.594990349803,0.223752156491,0.615582244266
321.055,591.927,62.0,0.594990349803,0.223752156491,0.615582244266
318.956,593.893,62.0,0.594990349803,0.223752156491,0.615582244266
316.611,595.581,62.0,0.594990349803,0.223752156491,0.615582244266
316.27,598.601,62.0,0.594990349803,0.223752156491,0.615582244266
315.358,601.103,62.0,0.594990349803,0.223752156491,0.615582244266
315.334,603.986,62.0,0.594990349803,0.223752156491,0.615582244266
315.353,606.874,62.0,0.594990349803,0.223752156491,0.615582244266
315.787,609.658,62.0,0.594990349803,0.223752156491,0.615582244266
315.986,612.543,62.0,0.594990349803,0.223752156491,0.615582244266
317.278,614.897,62.0,0.594990349803,0.223752156491,0.615582244266
319.424,616.887,62.0,0.594990349803,0.223752156491,0.615582244266
322.006,618.249,62.0,0.594990349803,0.223752156491,0.615582244266
324.792,618.692,62.0,0.594990349803,0.223752156491,0.615582244266
327.525,619.373,62.0,0.594990349803,0.223752156491,0.615582244266
330.454,619.213,62.0,0.594990349803,0.223752156491,0.615582244266
333.362,619.25,62.0,0.594990349803,0.223752156491,0.615582244266
335.577,617.61,62.0,0.594990349803,0.223752156491,0.615582244266
337.762,615.929,62.0,0.594990349803,0.223752156491,0.615582244266
339.034,613.318,62.0,0.594990349803,0.223752156491,0.615582244266
340.384,610.748,62.0,0.594990349803,0.223752156491,0.615582244266
340.892,607.976,62.0,0.594990349803,0.223752156491,0.615582244266
342.316,605.419,62.0,0.594990349803,0.223752156491,0.615582244266
342.761,602.63,62.0,0.594990349803,0.223752156491,0.615582244266
343.304,599.863,62.0,0.594990349803,0.223752156491,0.615582244266
344.085,597.098,62.0,0.594990349803,0.223752156491,0.615582244266
344.076,594.204,62.0,0.594990349803,0.223752156491,0.615582244266
344.065,591.307,62.0,0.594990349803,0.223752156491,0.615582244266
345.856,589.579,62.0,0.594990349803,0.223752156491,0.615582244266
345.678,588.577,62.0,0.594990349803,0.223752156491,0.615582244266
343.584,588.1,62.0,0.594990349803,0.223752156491,0.615582244266
339.999,588.031,62.0,0.594990349803,0.223752156491,0.615582244266
335.349,588.252,62.0,0.594990349803,0.223752156491,0.615582244266
330.061,588.649,62.0,0.594990349803,0.223752156491,0.615582244266
