327.335,589.694,69.0,0.594990349803,0.223752156491,0.615582244266
324.989,591.248,69.0,0.594990349803,0.223752156491,0.615582244266
322.675,592.682,69.0,0.594990349803,0.223752156491,0.615582244266
320.951,594.843,69.0,0.594990349803,0.223752156491,0.615582244266
319.198,596.97,69.0,0.594990349803,0.223752156491,0.615582244266
317.152,598.798,69.0,0.594990349803,0.223752156491,0.615582244266
315.273,600.986,69.0,0.594990349803,0.223752156491,0.615582244266
313.33,602.645,69.0,0.594990349803,0.223752156491,0.615582244266
312.52,605.278,69.0,0.594990349803,0.223752156491,0.615582244266
311.855,607.95,69.0,0.594990349803,0.223752156491,0.615582244266
311.369,610.719,69.0,0.594990349803,0.223752156491,0.615582244266
311.343,613.603,69.0,0.594990349803,0.223752156491,0.615582244266
311.353,616.49,69.0,0.594990349803,0.223752156491,0.615582244266
312.62,618.84,69.0,0.594990349803,0.223752156491,0.615582244266
315.02,619.979,69.0,0.594990349803,0.223752156491,0.615582244266
317.698,620.878,69.0,0.594990349803,0.223752156491,0.615582244266
320.605,620.81,69.0,0.594990349803,0.223752156491,0.615582244266
323.499,620.827,69.0,0.594990349803,0.223752156491,0.615582244266
326.229,620.1,69.0,0.594990349803,0.223752156491,0.615582244266
328.907,619.22,69.0,0.594990349803,0.223752156491,0.615582244266
329.915,617.191,69.0,0.594990349803,0.223752156491,0.615582244266
331.443,614.961,69.0,0.594990349803,0.223752156491,0.615582244266
332.902,612.533,69.0,0.594990349803,0.223752156491,0.615582244266
334.301,610.41,69.0,0.594990349803,0.223752156491,0.615582244266
336.634,610.213,69.0,0.594990349803,0.223752156491,0.615582244266
337.659,608.917,69.0,0.594990349803,0.223752156491,0.615582244266
337.578,606.689,69.0,0.594990349803,0.223752156491,0.615582244266
336.59,603.699,69.0,0.594990349803,0.223752156491,0.615582244266
334.898,600.116,69.0,0.594990349803,0.223752156491,0.615582244266
332.703,596.109,69.0,0.594990349803,0.223752156491,0.615582244266
330.206,591.848,69.0,0.594990349803,0.223752156491,0.615582244266
