330.731,587.811,71.0,0.622550178726,0.0981186179438,0.598782259198
327.907,589.298,71.0,0.622550178726,0.0981186179438,0.598782259198
325.549,591.417,71.0,0.622550178726,0.0981186179438,0.598782259198
322.868,593.154,71.0,0.622550178726,0.0981186179438,0.598782259198
320.206,594.918,71.0,0.622550178726,0.0981186179438,0.598782259198
317.677,596.829,71.0,0.622550178726,0.0981186179438,0.598782259198
315.46,599.138,71.0,0.622550178726,0.0981186179438,0.598782259198
313.365,601.511,71.0,0.622550178726,0.0981186179438,0.598782259198
311.986,604.4,71.0,0.622550178726,0.0981186179438,0.598782259198
310.062,606.894,71.0,0.622550178726,0.0981186179438,0.598782259198
308.626,609.729,71.0,0.622550178726,0.0981186179438,0.598782259198
307.339,612.457,71.0,0.622550178726,0.0981186179438,0.598782259198
306.541,615.522,71.0,0.622550178726,0.0981186179438,0.598782259198
306.776,618.632,71.0,0.622550178726,0.0981186179438,0.598782259198
308.488,621.118,71.0,0.622550178726,0.0981186179438,0.598782259198
310.778,623.23,71.0,0.622550178726,0.0981186179438,0.598782259198
313.795,624.0,71.0,0.622550178726,0.0981186179438,0.598782259198
316.984,624.004,71.0,0.622550178726,0.0981186179438,0.598782259198
320.176,624.009,71.0,0.622550178726,0.0981186179438,0.598782259198
323.178,623.224,71.0,0.622550178726,0.0981186179438,0.598782259198
325.935,621.936,71.0,0.622550178726,0.0981186179438,0.598782259198
328.568,620.474,71.0,0.622550178726,0.0981186179438,0.598782259198
330.857,618.158,71.0,0.622550178726,0.0981186179438,0.598782259198
332.43,615.595,71.0,0.622550178726,0.0981186179438,0.598782259198
333.893,612.696,71.0,0.622550178726,0.0981186179438,0.598782259198
334.483,609.663,71.0,0.622550178726,0.0981186179438,0.598782259198
335.728,607.24,71.0,0.622550178726,0.0981186179438,0.598782259198
335.46,603.862,71.0,0.622550178726,0.0981186179438,0.598782259198
334.607,600.185,71.0,0.622550178726,0.0981186179438,0.598782259198
333.899,596.906,71.0,0.622550178726,0.0981186179438,0.598782259198
333.304,593.935,71.0,0.622550178726,0.0981186179438,0.598782259198
332.79,591.184,71.0,0.622550178726,0.0981186179438,0.598782259198
332.325,588.566,71.0,0.622550178726,0.0981186179438,0.598782259198
