320.394,600.43,89.0,0.594990349803,0.223752156491,0.615582244266
318.521,602.119,89.0,0.594990349803,0.223752156491,0.615582244266
316.102,603.086,89.0,0.594990349803,0.223752156491,0.615582244266
314.034,604.554,89.0,0.594990349803,0.223752156491,0.615582244266
312.048,606.132,89.0,0.594990349803,0.223752156491,0.615582244266
309.729,607.247,89.0,0.594990349803,0.223752156491,0.615582244266
307.525,608.503,89.0,0.594990349803,0.223752156491,0.615582244266
305.772,610.428,89.0,0.594990349803,0.223752156491,0.615582244266
303.727,611.69,89.0,0.594990349803,0.223752156491,0.615582244266
301.885,613.471,89.0,0.594990349803,0.223752156491,0.615582244266
300.583,615.654,89.0,0.594990349803,0.223752156491,0.615582244266
298.954,617.587,89.0,0.594990349803,0.223752156491,0.615582244266
298.561,620.18,89.0,0.594990349803,0.223752156491,0.615582244266
298.641,622.76,89.0,0.594990349803,0.223752156491,0.615582244266
297.711,625.109,89.0,0.594990349803,0.223752156491,0.615582244266
297.778,627.691,89.0,0.594990349803,0.223752156491,0.615582244266
297.772,630.257,89.0,0.594990349803,0.223752156491,0.615582244266
297.77,632.823,89.0,0.594990349803,0.223752156491,0.615582244266
297.798,635.392,89.0,0.594990349803,0.223752156491,0.615582244266
297.92,637.952,89.0,0.594990349803,0.223752156491,0.615582244266
299.508,639.256,89.0,0.594990349803,0.223752156491,0.615582244266
302.157,639.171,89.0,0.594990349803,0.223752156491,0.615582244266
304.716,639.157,89.0,0.594990349803,0.223752156491,0.615582244266
306.803,637.998,89.0,0.594990349803,0.223752156491,0.615582244266
308.894,636.85,89.0,0.594990349803,0.223752156491,0.615582244266
310.702,635.02,89.0,0.594990349803,0.223752156491,0.615582244266
312.492,633.196,89.0,0.594990349803,0.223752156491,0.615582244266
314.423,631.429,89.0,0.594990349803,0.223752156491,0.615582244266
315.664,629.389,89.0,0.594990349803,0.223752156491,0.615582244266
316.278,627.171,89.0,0.594990349803,0.223752156491,0.615582244266
317.74,625.571,89.0,0.594990349803,0.223752156491,0.615582244266
319.049,623.42,89.0,0.594990349803,0.223752156491,0.615582244266
320.48,621.372,89.0,0.594990349803,0.223752156491,0.615582244266
321.681,619.301,89.0,0.594990349803,0.223752156491,0.615582244266
322.546,617.097,89.0,0.594990349803,0.223752156491,0.615582244266
323.665,614.839,89.0,0.594990349803,0.223752156491,0.615582244266
324.91,612.796,89.0,0.594990349803,0.223752156491,0.615582244266
324.409,610.144,89.0,0.594990349803,0.223752156491,0.615582244266
323.774,607.606,89.0,0.594990349803,0.223752156491,0.615582244266
323.034,605.157,89.0,0.594990349803,0.223752156491,0.615582244266
322.22,602.771,89.0,0.594990349803,0.223752156491,0.615582244266
321.36,600.423,89.0,0.594990349803,0.223752156491,0.615582244266
