321.255,603.257,91.0,0.622550178726,0.0981186179438,0.598782259198
318.707,603.205,91.0,0.622550178726,0.0981186179438,0.598782259198
316.386,604.102,91.0,0.622550178726,0.0981186179438,0.598782259198
313.873,604.379,91.0,0.622550178726,0.0981186179438,0.598782259198
311.601,605.549,91.0,0.622550178726,0.0981186179438,0.598782259198
309.062,606.056,91.0,0.622550178726,0.0981186179438,0.598782259198
307.11,607.525,91.0,0.622550178726,0.0981186179438,0.598782259198
304.959,608.833,91.0,0.622550178726,0.0981186179438,0.598782259198
303.127,610.572,91.0,0.622550178726,0.0981186179438,0.598782259198
301.035,611.95,91.0,0.622550178726,0.0981186179438,0.598782259198
299.248,613.748,91.0,0.622550178726,0.0981186179438,0.598782259198
297.543,615.594,91.0,0.622550178726,0.0981186179438,0.598782259198
296.84,618.07,91.0,0.622550178726,0.0981186179438,0.598782259198
295.344,620.079,91.0,0.622550178726,0.0981186179438,0.598782259198
295.398,622.639,91.0,0.622550178726,0.0981186179438,0.598782259198
295.378,625.165,91.0,0.622550178726,0.0981186179438,0.598782259198
295.373,627.699,91.0,0.622550178726,0.0981186179438,0.598782259198
295.347,630.239,91.0,0.622550178726,0.0981186179438,0.598782259198
295.81,632.709,91.0,0.622550178726,0.0981186179438,0.598782259198
296.109,635.228,91.0,0.622550178726,0.0981186179438,0.598782259198
296.971,637.554,91.0,0.622550178726,0.0981186179438,0.598782259198
297.762,639.765,91.0,0.622550178726,0.0981186179438,0.598782259198
299.426,641.578,91.0,0.622550178726,0.0981186179438,0.598782259198
301.528,642.559,91.0,0.622550178726,0.0981186179438,0.598782259198
303.365,643.174,91.0,0.622550178726,0.0981186179438,0.598782259198
305.886,643.104,91.0,0.622550178726,0.0981186179438,0.598782259198
307.659,641.269,91.0,0.622550178726,0.0981186179438,0.598782259198
309.446,639.47,91.0,0.622550178726,0.0981186179438,0.598782259198
311.246,637.68,91.0,0.622550178726,0.0981186179438,0.598782259198
312.949,635.85,91.0,0.622550178726,0.0981186179438,0.598782259198
313.732,633.639,91.0,0.622550178726,0.0981186179438,0.598782259198
315.354,631.775,91.0,0.622550178726,0.0981186179438,0.598782259198
316.683,629.79,91.0,0.622550178726,0.0981186179438,0.598782259198
318.523,628.017,91.0,0.622550178726,0.0981186179438,0.598782259198
319.852,626.032,91.0,0.622550178726,0.0981186179438,0.598782259198
320.985,623.966,91.0,0.622550178726,0.0981186179438,0.598782259198
322.096,621.891,91.0,0.622550178726,0.0981186179438,0.598782259198
323.361,619.88,91.0,0.622550178726,0.0981186179438,0.598782259198
324.891,617.975,91.0,0.622550178726,0.0981186179438,0.598782259198
325.865,615.944,91.0,0.622550178726,0.0981186179438,0.598782259198
328.327,615.98,91.0,0.622550178726,0.0981186179438,0.598782259198
329.0,614.657,91.0,0.622550178726,0.0981186179438,0.598782259198
328.201,612.204,91.0,0.622550178726,0.0981186179438,0.598782259198
326.35,608.944,91.0,0.622550178726,0.0981186179438,0.598782259198
323.867,605.2,91.0,0.622550178726,0.0981186179438,0.598782259198
