317.882,604.625,93.0,0.622550178726,0.0981186179438,0.598782259198
315.26,605.323,93.0,0.622550178726,0.0981186179438,0.598782259198
312.545,605.625,93.0,0.622550178726,0.0981186179438,0.598782259198
309.762,605.64,93.0,0.622550178726,0.0981186179438,0.598782259198
307.447,607.131,93.0,0.622550178726,0.0981186179438,0.598782259198
305.428,609.03,93.0,0.622550178726,0.0981186179438,0.598782259198
302.994,610.402,93.0,0.622550178726,0.0981186179438,0.598782259198
301.145,612.53,93.0,0.622550178726,0.0981186179438,0.598782259198
299.899,615.021,93.0,0.622550178726,0.0981186179438,0.598782259198
298.582,617.491,93.0,0.622550178726,0.0981186179438,0.598782259198
297.803,619.961,93.0,0.622550178726,0.0981186179438,0.598782259198
297.286,622.624,93.0,0.622550178726,0.0981186179438,0.598782259198
297.027,625.342,93.0,0.622550178726,0.0981186179438,0.598782259198
296.369,628.019,93.0,0.622550178726,0.0981186179438,0.598782259198
296.18,630.776,93.0,0.622550178726,0.0981186179438,0.598782259198
296.186,633.56,93.0,0.622550178726,0.0981186179438,0.598782259198
296.263,636.336,93.0,0.622550178726,0.0981186179438,0.598782259198
297.942,638.544,93.0,0.622550178726,0.0981186179438,0.598782259198
299.862,640.636,93.0,0.622550178726,0.0981186179438,0.598782259198
302.265,641.566,93.0,0.622550178726,0.0981186179438,0.598782259198
304.8,640.972,93.0,0.622550178726,0.0981186179438,0.598782259198
306.77,638.977,93.0,0.622550178726,0.0981186179438,0.598782259198
308.245,636.652,93.0,0.622550178726,0.0981186179438,0.598782259198
310.053,634.539,93.0,0.622550178726,0.0981186179438,0.598782259198
312.046,632.83,93.0,0.622550178726,0.0981186179438,0.598782259198
313.514,630.663,93.0,0.622550178726,0.0981186179438,0.598782259198
314.982,628.483,93.0,0.622550178726,0.0981186179438,0.598782259198
315.606,625.863,93.0,0.622550178726,0.0981186179438,0.598782259198
317.329,623.592,93.0,0.622550178726,0.0981186179438,0.598782259198
319.058,621.452,93.0,0.622550178726,0.0981186179438,0.598782259198
320.276,618.939,93.0,0.622550178726,0.0981186179438,0.598782259198
321.429,616.392,93.0,0.622550178726,0.0981186179438,0.598782259198
322.51,614.028,93.0,0.622550178726,0.0981186179438,0.598782259198
322.264,611.332,93.0,0.622550178726,0.0981186179438,0.598782259198
321.356,608.708,93.0,0.622550178726,0.0981186179438,0.598782259198
320.048,606.127,93.0,0.622550178726,0.0981186179438,0.598782259198
