348.903,391.738,179.0,0.662444849563,0.405880420543,0.102086182702
346.668,391.748,179.0,0.662444849563,0.405880420543,0.102086182702
344.662,390.794,179.0,0.662444849563,0.405880420543,0.102086182702
342.634,389.93,179.0,0.662444849563,0.405880420543,0.102086182702
340.389,389.987,179.0,0.662444849563,0.405880420543,0.102086182702
338.165,389.962,179.0,0.662444849563,0.405880420543,0.102086182702
336.209,389.284,179.0,0.662444849563,0.405880420543,0.102086182702
334.095,389.176,179.0,0.662444849563,0.405880420543,0.102086182702
332.259,390.119,179.0,0.662444849563,0.405880420543,0.102086182702
330.653,391.153,179.0,0.662444849563,0.405880420543,0.102086182702
329.436,392.925,179.0,0.662444849563,0.405880420543,0.102086182702
328.174,394.778,179.0,0.662444849563,0.405880420543,0.102086182702
328.064,396.991,179.0,0.662444849563,0.405880420543,0.102086182702
327.153,398.847,179.0,0.662444849563,0.405880420543,0.102086182702
327.125,401.114,179.0,0.662444849563,0.405880420543,0.102086182702
328.083,402.948,179.0,0.662444849563,0.405880420543,0.102086182702
329.01,404.959,179.0,0.662444849563,0.405880420543,0.102086182702
329.883,406.827,179.0,0.662444849563,0.405880420543,0.102086182702
331.535,408.374,179.0,0.662444849563,0.405880420543,0.102086182702
333.112,409.953,179.0,0.662444849563,0.405880420543,0.102086182702
334.687,411.537,179.0,0.662444849563,0.405880420543,0.102086182702
336.238,413.18,179.0,0.662444849563,0.405880420543,0.102086182702
337.895,414.569,179.0,0.662444849563,0.405880420543,0.102086182702
339.67,415.671,179.0,0.662444849563,0.405880420543,0.102086182702
341.257,417.227,179.0,0.662444849563,0.405880420543,0.102086182702
343.111,418.139,179.0,0.662444849563,0.405880420543,0.102086182702
345.011,418.933,179.0,0.662444849563,0.405880420543,0.102086182702
347.114,419.577,179.0,0.662444849563,0.405880420543,0.102086182702
348.886,420.739,179.0,0.662444849563,0.405880420543,0.102086182702
351.129,420.713,179.0,0.662444849563,0.405880420543,0.102086182702
353.359,420.714,179.0,0.662444849563,0.405880420543,0.102086182702
355.637,420.691,179.0,0.662444849563,0.405880420543,0.102086182702
356.99,419.186,179.0,0.662444849563,0.405880420543,0.102086182702
358.669,418.247,179.0,0.662444849563,0.405880420543,0.102086182702
359.686,416.41,179.0,0.662444849563,0.405880420543,0.102086182702
359.919,414.274,179.0,0.662444849563,0.405880420543,0.102086182702
360.438,412.257,179.0,0.662444849563,0.405880420543,0.102086182702
361.303,410.383,179.0,0.662444849563,0.405880420543,0.102086182702
361.44,408.208,179.0,0.662444849563,0.405880420543,0.102086182702
361.436,405.975,179.0,0.662444849563,0.405880420543,0.102086182702
361.439,403.742,179.0,0.662444849563,0.405880420543,0.102086182702
361.221,401.6,179.0,0.662444849563,0.405880420543,0.102086182702
360.448,399.689,179.0,0.662444849563,0.405880420543,0.102086182702
359.2,397.974,179.0,0.662444849563,0.405880420543,0.102086182702
357.563,396.42,179.0,0.662444849563,0.405880420543,0.102086182702
355.624,394.992,179.0,0.662444849563,0.405880420543,0.102086182702
353.469,393.652,179.0,0.662444849563,0.405880420543,0.102086182702
351.184,392.367,179.0,0.662444849563,0.405880420543,0.102086182702
