345.874,426.007,191.0,0.662444849563,0.405880420543,0.102086182702
347.612,424.838,191.0,0.662444849563,0.405880420543,0.102086182702
349.39,423.48,191.0,0.662444849563,0.405880420543,0.102086182702
351.643,423.423,191.0,0.662444849563,0.405880420543,0.102086182702
353.48,422.485,191.0,0.662444849563,0.405880420543,0.102086182702
355.337,421.589,191.0,0.662444849563,0.405880420543,0.102086182702
357.355,420.683,191.0,0.662444849563,0.405880420543,0.102086182702
359.38,420.223,191.0,0.662444849563,0.405880420543,0.102086182702
360.986,418.668,191.0,0.662444849563,0.405880420543,0.102086182702
363.133,418.03,191.0,0.662444849563,0.405880420543,0.102086182702
365.268,417.733,191.0,0.662444849563,0.405880420543,0.102086182702
366.724,416.662,191.0,0.662444849563,0.405880420543,0.102086182702
368.228,415.046,191.0,0.662444849563,0.405880420543,0.102086182702
369.281,413.708,191.0,0.662444849563,0.405880420543,0.102086182702
369.173,411.449,191.0,0.662444849563,0.405880420543,0.102086182702
370.379,409.738,191.0,0.662444849563,0.405880420543,0.102086182702
370.034,407.373,191.0,0.662444849563,0.405880420543,0.102086182702
371.16,405.613,191.0,0.662444849563,0.405880420543,0.102086182702
371.36,403.417,191.0,0.662444849563,0.405880420543,0.102086182702
371.896,401.292,191.0,0.662444849563,0.405880420543,0.102086182702
372.901,399.493,191.0,0.662444849563,0.405880420543,0.102086182702
372.673,397.196,191.0,0.662444849563,0.405880420543,0.102086182702
373.369,395.141,191.0,0.662444849563,0.405880420543,0.102086182702
373.794,393.021,191.0,0.662444849563,0.405880420543,0.102086182702
374.451,391.07,191.0,0.662444849563,0.405880420543,0.102086182702
374.608,388.913,191.0,0.662444849563,0.405880420543,0.102086182702
374.216,386.854,191.0,0.662444849563,0.405880420543,0.102086182702
372.91,385.019,191.0,0.662444849563,0.405880420543,0.102086182702
373.024,382.731,191.0,0.662444849563,0.405880420543,0.102086182702
371.962,380.941,191.0,0.662444849563,0.405880420543,0.102086182702
371.086,379.077,191.0,0.662444849563,0.405880420543,0.102086182702
370.208,377.212,191.0,0.662444849563,0.405880420543,0.102086182702
369.007,375.444,191.0,0.662444849563,0.405880420543,0.102086182702
367.88,373.563,191.0,0.662444849563,0.405880420543,0.102086182702
366.175,372.069,191.0,0.662444849563,0.405880420543,0.102086182702
365.091,370.702,191.0,0.662444849563,0.405880420543,0.102086182702
363.745,369.834,191.0,0.662444849563,0.405880420543,0.102086182702
362.018,368.602,191.0,0.662444849563,0.405880420543,0.102086182702
359.879,368.07,191.0,0.662444849563,0.405880420543,0.102086182702
358.043,367.132,191.0,0.662444849563,0.405880420543,0.102086182702
355.901,366.928,191.0,0.662444849563,0.405880420543,0.102086182702
353.942,366.28,191.0,0.662444849563,0.405880420543,0.102086182702
351.721,366.271,191.0,0.662444849563,0.405880420543,0.102086182702
349.49,366.256,191.0,0.662444849563,0.405880420543,0.102086182702
347.259,366.246,191.0,0.662444849563,0.405880420543,0.102086182702
345.224,366.71,191.0,0.662444849563,0.405880420543,0.102086182702
343.179,367.151,191.0,0.662444849563,0.405880420543,0.102086182702
341.3,367.992,191.0,0.662444849563,0.405880420543,0.102086182702
339.236,368.643,191.0,0.662444849563,0.405880420543,0.102086182702
337.269,369.385,191.0,0.662444849563,0.405880420543,0.102086182702
335.435,370.339,191.0,0.662444849563,0.405880420543,0.102086182702
333.556,371.179,191.0,0.662444849563,0.405880420543,0.102086182702
331.833,372.396,191.0,0.662444849563,0.405880420543,0.102086182702
330.215,373.869,191.0,0.662444849563,0.405880420543,0.102086182702
328.612,375.371,191.0,0.662444849563,0.405880420543,0.102086182702
327.048,376.955,191.0,0.662444849563,0.405880420543,0.102086182702
325.441,378.517,191.0,0.662444849563,0.405880420543,0.102086182702
324.505,380.356,191.0,0.662444849563,0.405880420543,0.102086182702
322.857,381.9,191.0,0.662444849563,0.405880420543,0.102086182702
321.944,383.741,191.0,0.662444849563,0.405880420543,0.102086182702
320.986,385.009,191.0,0.662444849563,0.405880420543,0.102086182702
320.089,386.918,191.0,0.662444849563,0.405880420543,0.102086182702
319.446,388.881,191.0,0.662444849563,0.405880420543,0.102086182702
319.229,391.028,191.0,0.662444849563,0.405880420543,0.102086182702
318.363,393.049,191.0,0.662444849563,0.405880420543,0.102086182702
317.725,395.013,191.0,0.662444849563,0.405880420543,0.102086182702
317.404,397.031,191.0,0.662444849563,0.405880420543,0.102086182702
316.663,398.515,191.0,0.662444849563,0.405880420543,0.102086182702
316.648,400.727,191.0,0.662444849563,0.405880420543,0.102086182702
316.663,402.948,191.0,0.662444849563,0.405880420543,0.102086182702
317.502,404.818,191.0,0.662444849563,0.405880420543,0.102086182702
318.435,406.145,191.0,0.662444849563,0.405880420543,0.102086182702
319.936,407.184,191.0,0.662444849563,0.405880420543,0.102086182702
321.461,408.84,191.0,0.662444849563,0.405880420543,0.102086182702
322.991,410.487,191.0,0.662444849563,0.405880420543,0.102086182702
324.533,411.512,191.0,0.662444849563,0.405880420543,0.102086182702
325.433,412.85,191.0,0.662444849563,0.405880420543,0.102086182702
327.454,413.852,191.0,0.662444849563,0.405880420543,0.102086182702
328.842,415.593,191.0,0.662444849563,0.405880420543,0.102086182702
330.318,417.232,191.0,0.662444849563,0.405880420543,0.102086182702
331.942,418.714,191.0,0.662444849563,0.405880420543,0.102086182702
333.695,420.062,191.0,0.662444849563,0.405880420543,0.102086182702
335.557,421.294,191.0,0.662444849563,0.405880420543,0.102086182702
337.507,422.433,191.0,0.662444849563,0.405880420543,0.102086182702
339.527,423.5,191.0,0.662444849563,0.405880420543,0.102086182702
341.597,424.514,191.0,0.662444849563,0.405880420543,0.102086182702
343.696,425.497,191.0,0.662444849563,0.405880420543,0.102086182702
