337.954,422.47,197.0,0.662444849563,0.405880420543,0.102086182702
340.17,422.471,197.0,0.662444849563,0.405880420543,0.102086182702
342.384,422.465,197.0,0.662444849563,0.405880420543,0.102086182702
344.619,422.544,197.0,0.662444849563,0.405880420543,0.102086182702
346.677,421.878,197.0,0.662444849563,0.405880420543,0.102086182702
348.8,421.478,197.0,0.662444849563,0.405880420543,0.102086182702
350.704,420.195,197.0,0.662444849563,0.405880420543,0.102086182702
352.8,419.736,197.0,0.662444849563,0.405880420543,0.102086182702
354.64,418.821,197.0,0.662444849563,0.405880420543,0.102086182702
356.633,418.177,197.0,0.662444849563,0.405880420543,0.102086182702
357.877,417.199,197.0,0.662444849563,0.405880420543,0.102086182702
359.478,415.696,197.0,0.662444849563,0.405880420543,0.102086182702
361.383,414.588,197.0,0.662444849563,0.405880420543,0.102086182702
363.376,413.617,197.0,0.662444849563,0.405880420543,0.102086182702
365.247,412.434,197.0,0.662444849563,0.405880420543,0.102086182702
367.141,411.673,197.0,0.662444849563,0.405880420543,0.102086182702
368.72,410.144,197.0,0.662444849563,0.405880420543,0.102086182702
370.831,409.567,197.0,0.662444849563,0.405880420543,0.102086182702
372.331,407.752,197.0,0.662444849563,0.405880420543,0.102086182702
374.293,407.148,197.0,0.662444849563,0.405880420543,0.102086182702
376.022,405.847,197.0,0.662444849563,0.405880420543,0.102086182702
377.26,404.894,197.0,0.662444849563,0.405880420543,0.102086182702
378.157,403.043,197.0,0.662444849563,0.405880420543,0.102086182702
378.8,400.963,197.0,0.662444849563,0.405880420543,0.102086182702
379.0,398.8,197.0,0.662444849563,0.405880420543,0.102086182702
379.001,396.584,197.0,0.662444849563,0.405880420543,0.102086182702
379.0,394.369,197.0,0.662444849563,0.405880420543,0.102086182702
378.999,392.154,197.0,0.662444849563,0.405880420543,0.102086182702
379.011,389.933,197.0,0.662444849563,0.405880420543,0.102086182702
378.916,387.757,197.0,0.662444849563,0.405880420543,0.102086182702
379.017,385.499,197.0,0.662444849563,0.405880420543,0.102086182702
378.582,383.464,197.0,0.662444849563,0.405880420543,0.102086182702
377.791,381.576,197.0,0.662444849563,0.405880420543,0.102086182702
376.289,379.987,197.0,0.662444849563,0.405880420543,0.102086182702
376.187,377.744,197.0,0.662444849563,0.405880420543,0.102086182702
374.669,376.062,197.0,0.662444849563,0.405880420543,0.102086182702
374.223,373.939,197.0,0.662444849563,0.405880420543,0.102086182702
372.693,372.298,197.0,0.662444849563,0.405880420543,0.102086182702
371.869,370.422,197.0,0.662444849563,0.405880420543,0.102086182702
370.212,368.892,197.0,0.662444849563,0.405880420543,0.102086182702
368.543,367.387,197.0,0.662444849563,0.405880420543,0.102086182702
367.389,366.21,197.0,0.662444849563,0.405880420543,0.102086182702
365.878,364.551,197.0,0.662444849563,0.405880420543,0.102086182702
364.352,362.884,197.0,0.662444849563,0.405880420543,0.102086182702
362.495,362.017,197.0,0.662444849563,0.405880420543,0.102086182702
360.387,361.758,197.0,0.662444849563,0.405880420543,0.102086182702
358.509,360.966,197.0,0.662444849563,0.405880420543,0.102086182702
356.537,360.092,197.0,0.662444849563,0.405880420543,0.102086182702
354.589,359.232,197.0,0.662444849563,0.405880420543,0.102086182702
352.433,359.092,197.0,0.662444849563,0.405880420543,0.102086182702
350.558,358.269,197.0,0.662444849563,0.405880420543,0.102086182702
348.304,358.363,197.0,0.662444849563,0.405880420543,0.102086182702
346.089,358.365,197.0,0.662444849563,0.405880420543,0.102086182702
343.843,358.238,197.0,0.662444849563,0.405880420543,0.102086182702
341.691,358.505,197.0,0.662444849563,0.405880420543,0.102086182702
339.742,359.64,197.0,0.662444849563,0.405880420543,0.102086182702
337.637,360.108,197.0,0.662444849563,0.405880420543,0.102086182702
335.848,361.14,197.0,0.662444849563,0.405880420543,0.102086182702
334.27,362.68,197.0,0.662444849563,0.405880420543,0.102086182702
332.449,363.632,197.0,0.662444849563,0.405880420543,0.102086182702
330.895,365.199,197.0,0.662444849563,0.405880420543,0.102086182702
328.95,366.26,197.0,0.662444849563,0.405880420543,0.102086182702
327.203,367.578,197.0,0.662444849563,0.405880420543,0.102086182702
325.45,368.884,197.0,0.662444849563,0.405880420543,0.102086182702
323.496,369.915,197.0,0.662444849563,0.405880420543,0.102086182702
321.948,371.506,197.0,0.662444849563,0.405880420543,0.102086182702
320.423,373.109,197.0,0.662444849563,0.405880420543,0.102086182702
318.418,374.122,197.0,0.662444849563,0.405880420543,0.102086182702
317.494,375.95,197.0,0.662444849563,0.405880420543,0.102086182702
315.963,377.536,197.0,0.662444849563,0.405880420543,0.102086182702
314.946,379.364,197.0,0.662444849563,0.405880420543,0.102086182702
313.921,380.626,197.0,0.662444849563,0.405880420543,0.102086182702
311.894,381.964,197.0,0.662444849563,0.405880420543,0.102086182702
311.309,383.952,197.0,0.662444849563,0.405880420543,0.102086182702
310.548,385.852,197.0,0.662444849563,0.405880420543,0.102086182702
309.552,387.655,197.0,0.662444849563,0.405880420543,0.102086182702
309.027,389.653,197.0,0.662444849563,0.405880420543,0.102086182702
308.781,391.765,197.0,0.662444849563,0.405880420543,0.102086182702
308.76,393.962,197.0,0.662444849563,0.405880420543,0.102086182702
309.438,395.896,197.0,0.662444849563,0.405880420543,0.102086182702
309.703,398.003,197.0,0.662444849563,0.405880420543,0.102086182702
310.49,399.935,197.0,0.662444849563,0.405880420543,0.102086182702
311.965,401.339,197.0,0.662444849563,0.405880420543,0.102086182702
312.995,402.916,197.0,0.662444849563,0.405880420543,0.102086182702
314.102,404.119,197.0,0.662444849563,0.405880420543,0.102086182702
314.623,405.788,197.0,0.662444849563,0.405880420543,0.102086182702
316.072,407.378,197.0,0.662444849563,0.405880420543,0.102086182702
317.352,409.091,197.0,0.662444849563,0.405880420543,0.102086182702
319.189,410.116,197.0,0.662444849563,0.405880420543,0.102086182702
320.446,411.136,197.0,0.662444849563,0.405880420543,0.102086182702
321.945,412.814,197.0,0.662444849563,0.405880420543,0.102086182702
323.771,413.769,197.0,0.662444849563,0.405880420543,0.102086182702
325.686,414.876,197.0,0.662444849563,0.405880420543,0.102086182702
327.509,415.767,197.0,0.662444849563,0.405880420543,0.102086182702
328.93,416.898,197.0,0.662444849563,0.405880420543,0.102086182702
331.071,417.067,197.0,0.662444849563,0.405880420543,0.102086182702
333.252,417.682,197.0,0.662444849563,0.405880420543,0.102086182702
334.902,419.226,197.0,0.662444849563,0.405880420543,0.102086182702
336.234,421.327,197.0,0.662444849563,0.405880420543,0.102086182702
