378.979,381.596,206.0,0.662444849563,0.405880420543,0.102086182702
378.58,379.032,206.0,0.662444849563,0.405880420543,0.102086182702
377.296,376.835,206.0,0.662444849563,0.405880420543,0.102086182702
376.066,374.633,206.0,0.662444849563,0.405880420543,0.102086182702
373.812,373.29,206.0,0.662444849563,0.405880420543,0.102086182702
371.469,371.954,206.0,0.662444849563,0.405880420543,0.102086182702
369.284,370.659,206.0,0.662444849563,0.405880420543,0.102086182702
366.589,370.582,206.0,0.662444849563,0.405880420543,0.102086182702
364.354,369.056,206.0,0.662444849563,0.405880420543,0.102086182702
362.382,367.186,206.0,0.662444849563,0.405880420543,0.102086182702
359.642,366.717,206.0,0.662444849563,0.405880420543,0.102086182702
357.404,365.407,206.0,0.662444849563,0.405880420543,0.102086182702
355.042,364.518,206.0,0.662444849563,0.405880420543,0.102086182702
352.404,364.296,206.0,0.662444849563,0.405880420543,0.102086182702
349.947,363.636,206.0,0.662444849563,0.405880420543,0.102086182702
347.3,363.975,206.0,0.662444849563,0.405880420543,0.102086182702
344.653,364.548,206.0,0.662444849563,0.405880420543,0.102086182702
342.749,366.518,206.0,0.662444849563,0.405880420543,0.102086182702
341.168,368.587,206.0,0.662444849563,0.405880420543,0.102086182702
340.499,371.182,206.0,0.662444849563,0.405880420543,0.102086182702
340.198,373.822,206.0,0.662444849563,0.405880420543,0.102086182702
338.984,376.463,206.0,0.662444849563,0.405880420543,0.102086182702
339.937,378.946,206.0,0.662444849563,0.405880420543,0.102086182702
340.509,381.424,206.0,0.662444849563,0.405880420543,0.102086182702
342.013,383.7,206.0,0.662444849563,0.405880420543,0.102086182702
344.316,385.088,206.0,0.662444849563,0.405880420543,0.102086182702
346.25,387.024,206.0,0.662444849563,0.405880420543,0.102086182702
347.646,389.307,206.0,0.662444849563,0.405880420543,0.102086182702
349.946,390.749,206.0,0.662444849563,0.405880420543,0.102086182702
352.442,391.577,206.0,0.662444849563,0.405880420543,0.102086182702
354.083,392.595,206.0,0.662444849563,0.405880420543,0.102086182702
356.274,394.213,206.0,0.662444849563,0.405880420543,0.102086182702
358.834,394.876,206.0,0.662444849563,0.405880420543,0.102086182702
361.217,396.105,206.0,0.662444849563,0.405880420543,0.102086182702
363.484,397.23,206.0,0.662444849563,0.405880420543,0.102086182702
365.953,398.47,206.0,0.662444849563,0.405880420543,0.102086182702
368.599,398.793,206.0,0.662444849563,0.405880420543,0.102086182702
371.048,399.775,206.0,0.662444849563,0.405880420543,0.102086182702
373.747,399.747,206.0,0.662444849563,0.405880420543,0.102086182702
375.725,400.497,206.0,0.662444849563,0.405880420543,0.102086182702
378.44,400.52,206.0,0.662444849563,0.405880420543,0.102086182702
380.795,400.168,206.0,0.662444849563,0.405880420543,0.102086182702
382.484,398.148,206.0,0.662444849563,0.405880420543,0.102086182702
383.812,396.143,206.0,0.662444849563,0.405880420543,0.102086182702
383.963,393.682,206.0,0.662444849563,0.405880420543,0.102086182702
383.199,390.869,206.0,0.662444849563,0.405880420543,0.102086182702
381.781,387.803,206.0,0.662444849563,0.405880420543,0.102086182702
379.971,384.585,206.0,0.662444849563,0.405880420543,0.102086182702
