337.236,261.215,170.0,0.116322335361,0.384937217593,0.220209747943
335.498,261.939,170.0,0.116322335361,0.384937217593,0.220209747943
333.883,262.904,170.0,0.116322335361,0.384937217593,0.220209747943
332.443,264.299,170.0,0.116322335361,0.384937217593,0.220209747943
331.491,266.047,170.0,0.116322335361,0.384937217593,0.220209747943
331.471,268.052,170.0,0.116322335361,0.384937217593,0.220209747943
331.374,270.026,170.0,0.116322335361,0.384937217593,0.220209747943
330.836,271.82,170.0,0.116322335361,0.384937217593,0.220209747943
330.741,273.88,170.0,0.116322335361,0.384937217593,0.220209747943
331.742,275.555,170.0,0.116322335361,0.384937217593,0.220209747943
332.449,277.62,170.0,0.116322335361,0.384937217593,0.220209747943
334.085,278.381,170.0,0.116322335361,0.384937217593,0.220209747943
335.518,279.786,170.0,0.116322335361,0.384937217593,0.220209747943
337.54,279.768,170.0,0.116322335361,0.384937217593,0.220209747943
339.566,279.818,170.0,0.116322335361,0.384937217593,0.220209747943
341.46,279.193,170.0,0.116322335361,0.384937217593,0.220209747943
343.222,278.524,170.0,0.116322335361,0.384937217593,0.220209747943
344.415,277.407,170.0,0.116322335361,0.384937217593,0.220209747943
345.361,275.799,170.0,0.116322335361,0.384937217593,0.220209747943
346.14,274.106,170.0,0.116322335361,0.384937217593,0.220209747943
346.022,272.039,170.0,0.116322335361,0.384937217593,0.220209747943
346.111,269.985,170.0,0.116322335361,0.384937217593,0.220209747943
345.318,268.298,170.0,0.116322335361,0.384937217593,0.220209747943
345.336,266.276,170.0,0.116322335361,0.384937217593,0.220209747943
344.696,264.565,170.0,0.116322335361,0.384937217593,0.220209747943
343.329,263.197,170.0,0.116322335361,0.384937217593,0.220209747943
341.445,262.075,170.0,0.116322335361,0.384937217593,0.220209747943
339.249,261.099,170.0,0.116322335361,0.384937217593,0.220209747943
