335.252,258.204,174.0,0.66948481468,0.930717338156,0.726831367731
333.517,259.941,174.0,0.66948481468,0.930717338156,0.726831367731
331.698,261.642,174.0,0.66948481468,0.930717338156,0.726831367731
330.713,263.689,174.0,0.66948481468,0.930717338156,0.726831367731
330.834,266.194,174.0,0.66948481468,0.930717338156,0.726831367731
330.843,268.651,174.0,0.66948481468,0.930717338156,0.726831367731
330.847,271.105,174.0,0.66948481468,0.930717338156,0.726831367731
331.255,273.465,174.0,0.66948481468,0.930717338156,0.726831367731
332.127,275.726,174.0,0.66948481468,0.930717338156,0.726831367731
333.374,277.654,174.0,0.66948481468,0.930717338156,0.726831367731
334.492,279.833,174.0,0.66948481468,0.930717338156,0.726831367731
335.6,282.021,174.0,0.66948481468,0.930717338156,0.726831367731
336.704,284.212,174.0,0.66948481468,0.930717338156,0.726831367731
337.99,286.272,174.0,0.66948481468,0.930717338156,0.726831367731
339.383,288.255,174.0,0.66948481468,0.930717338156,0.726831367731
340.699,290.293,174.0,0.66948481468,0.930717338156,0.726831367731
342.056,292.302,174.0,0.66948481468,0.930717338156,0.726831367731
343.791,294.045,174.0,0.66948481468,0.930717338156,0.726831367731
345.584,295.64,174.0,0.66948481468,0.930717338156,0.726831367731
347.85,295.127,174.0,0.66948481468,0.930717338156,0.726831367731
349.227,293.12,174.0,0.66948481468,0.930717338156,0.726831367731
350.633,291.083,174.0,0.66948481468,0.930717338156,0.726831367731
351.287,288.898,174.0,0.66948481468,0.930717338156,0.726831367731
351.296,286.446,174.0,0.66948481468,0.930717338156,0.726831367731
351.309,283.986,174.0,0.66948481468,0.930717338156,0.726831367731
351.265,281.55,174.0,0.66948481468,0.930717338156,0.726831367731
350.796,279.289,174.0,0.66948481468,0.930717338156,0.726831367731
350.763,276.848,174.0,0.66948481468,0.930717338156,0.726831367731
349.919,274.742,174.0,0.66948481468,0.930717338156,0.726831367731
349.331,272.531,174.0,0.66948481468,0.930717338156,0.726831367731
349.327,270.078,174.0,0.66948481468,0.930717338156,0.726831367731
348.907,267.802,174.0,0.66948481468,0.930717338156,0.726831367731
347.911,265.774,174.0,0.66948481468,0.930717338156,0.726831367731
346.43,263.955,174.0,0.66948481468,0.930717338156,0.726831367731
344.551,262.307,174.0,0.66948481468,0.930717338156,0.726831367731
342.363,260.792,174.0,0.66948481468,0.930717338156,0.726831367731
339.954,259.372,174.0,0.66948481468,0.930717338156,0.726831367731
337.413,258.009,174.0,0.66948481468,0.930717338156,0.726831367731
