305.868,206.981,179.0,0.116322335361,0.384937217593,0.220209747943
303.314,207.152,179.0,0.116322335361,0.384937217593,0.220209747943
300.915,207.846,179.0,0.116322335361,0.384937217593,0.220209747943
298.589,208.837,179.0,0.116322335361,0.384937217593,0.220209747943
296.324,210.011,179.0,0.116322335361,0.384937217593,0.220209747943
294.531,211.844,179.0,0.116322335361,0.384937217593,0.220209747943
293.206,213.967,179.0,0.116322335361,0.384937217593,0.220209747943
293.885,216.28,179.0,0.116322335361,0.384937217593,0.220209747943
295.684,218.0,179.0,0.116322335361,0.384937217593,0.220209747943
297.787,219.361,179.0,0.116322335361,0.384937217593,0.220209747943
300.324,219.981,179.0,0.116322335361,0.384937217593,0.220209747943
302.787,220.376,179.0,0.116322335361,0.384937217593,0.220209747943
305.349,220.401,179.0,0.116322335361,0.384937217593,0.220209747943
307.865,220.113,179.0,0.116322335361,0.384937217593,0.220209747943
310.368,219.731,179.0,0.116322335361,0.384937217593,0.220209747943
312.645,218.546,179.0,0.116322335361,0.384937217593,0.220209747943
315.185,217.997,179.0,0.116322335361,0.384937217593,0.220209747943
317.082,216.336,179.0,0.116322335361,0.384937217593,0.220209747943
318.934,214.538,179.0,0.116322335361,0.384937217593,0.220209747943
320.27,212.524,179.0,0.116322335361,0.384937217593,0.220209747943
320.632,210.463,179.0,0.116322335361,0.384937217593,0.220209747943
318.129,210.339,179.0,0.116322335361,0.384937217593,0.220209747943
315.715,209.837,179.0,0.116322335361,0.384937217593,0.220209747943
313.271,209.077,179.0,0.116322335361,0.384937217593,0.220209747943
310.806,208.132,179.0,0.116322335361,0.384937217593,0.220209747943
308.329,207.077,179.0,0.116322335361,0.384937217593,0.220209747943
