337.475,255.342,184.0,0.66948481468,0.930717338156,0.726831367731
336.137,255.794,184.0,0.66948481468,0.930717338156,0.726831367731
334.542,255.981,184.0,0.66948481468,0.930717338156,0.726831367731
333.68,257.049,184.0,0.66948481468,0.930717338156,0.726831367731
332.112,258.007,184.0,0.66948481468,0.930717338156,0.726831367731
330.678,258.847,184.0,0.66948481468,0.930717338156,0.726831367731
329.406,260.081,184.0,0.66948481468,0.930717338156,0.726831367731
328.123,261.3,184.0,0.66948481468,0.930717338156,0.726831367731
327.258,262.386,184.0,0.66948481468,0.930717338156,0.726831367731
326.204,263.717,184.0,0.66948481468,0.930717338156,0.726831367731
326.224,265.505,184.0,0.66948481468,0.930717338156,0.726831367731
326.224,267.286,184.0,0.66948481468,0.930717338156,0.726831367731
326.19,269.075,184.0,0.66948481468,0.930717338156,0.726831367731
326.595,270.76,184.0,0.66948481468,0.930717338156,0.726831367731
327.657,272.29,184.0,0.66948481468,0.930717338156,0.726831367731
328.201,273.944,184.0,0.66948481468,0.930717338156,0.726831367731
328.469,275.656,184.0,0.66948481468,0.930717338156,0.726831367731
328.774,277.392,184.0,0.66948481468,0.930717338156,0.726831367731
329.532,278.849,184.0,0.66948481468,0.930717338156,0.726831367731
330.185,280.483,184.0,0.66948481468,0.930717338156,0.726831367731
330.939,281.948,184.0,0.66948481468,0.930717338156,0.726831367731
330.805,283.827,184.0,0.66948481468,0.930717338156,0.726831367731
331.367,285.518,184.0,0.66948481468,0.930717338156,0.726831367731
332.657,286.772,184.0,0.66948481468,0.930717338156,0.726831367731
332.879,288.461,184.0,0.66948481468,0.930717338156,0.726831367731
334.054,289.845,184.0,0.66948481468,0.930717338156,0.726831367731
334.407,291.551,184.0,0.66948481468,0.930717338156,0.726831367731
334.748,293.276,184.0,0.66948481468,0.930717338156,0.726831367731
335.793,294.648,184.0,0.66948481468,0.930717338156,0.726831367731
336.026,296.426,184.0,0.66948481468,0.930717338156,0.726831367731
336.842,297.861,184.0,0.66948481468,0.930717338156,0.726831367731
337.279,299.46,184.0,0.66948481468,0.930717338156,0.726831367731
338.106,300.899,184.0,0.66948481468,0.930717338156,0.726831367731
338.839,302.375,184.0,0.66948481468,0.930717338156,0.726831367731
339.824,303.817,184.0,0.66948481468,0.930717338156,0.726831367731
340.135,305.596,184.0,0.66948481468,0.930717338156,0.726831367731
341.404,306.849,184.0,0.66948481468,0.930717338156,0.726831367731
342.267,308.273,184.0,0.66948481468,0.930717338156,0.726831367731
342.928,309.78,184.0,0.66948481468,0.930717338156,0.726831367731
344.258,311.01,184.0,0.66948481468,0.930717338156,0.726831367731
345.528,312.262,184.0,0.66948481468,0.930717338156,0.726831367731
346.786,313.519,184.0,0.66948481468,0.930717338156,0.726831367731
348.059,314.746,184.0,0.66948481468,0.930717338156,0.726831367731
349.565,315.412,184.0,0.66948481468,0.930717338156,0.726831367731
351.065,316.09,184.0,0.66948481468,0.930717338156,0.726831367731
352.857,316.064,184.0,0.66948481468,0.930717338156,0.726831367731
354.64,316.061,184.0,0.66948481468,0.930717338156,0.726831367731
356.336,315.601,184.0,0.66948481468,0.930717338156,0.726831367731
357.698,314.392,184.0,0.66948481468,0.930717338156,0.726831367731
358.446,312.922,184.0,0.66948481468,0.930717338156,0.726831367731
359.205,311.455,184.0,0.66948481468,0.930717338156,0.726831367731
359.528,309.808,184.0,0.66948481468,0.930717338156,0.726831367731
359.872,308.169,184.0,0.66948481468,0.930717338156,0.726831367731
359.873,306.389,184.0,0.66948481468,0.930717338156,0.726831367731
359.873,304.607,184.0,0.66948481468,0.930717338156,0.726831367731
359.873,302.826,184.0,0.66948481468,0.930717338156,0.726831367731
359.874,301.045,184.0,0.66948481468,0.930717338156,0.726831367731
359.774,299.288,184.0,0.66948481468,0.930717338156,0.726831367731
359.211,297.639,184.0,0.66948481468,0.930717338156,0.726831367731
358.919,295.98,184.0,0.66948481468,0.930717338156,0.726831367731
358.109,294.534,184.0,0.66948481468,0.930717338156,0.726831367731
357.334,293.073,184.0,0.66948481468,0.930717338156,0.726831367731
357.217,291.328,184.0,0.66948481468,0.930717338156,0.726831367731
356.175,289.855,184.0,0.66948481468,0.930717338156,0.726831367731
355.266,288.44,184.0,0.66948481468,0.930717338156,0.726831367731
354.037,287.173,184.0,0.66948481468,0.930717338156,0.726831367731
353.196,285.615,184.0,0.66948481468,0.930717338156,0.726831367731
352.134,284.214,184.0,0.66948481468,0.930717338156,0.726831367731
351.419,282.562,184.0,0.66948481468,0.930717338156,0.726831367731
350.336,281.176,184.0,0.66948481468,0.930717338156,0.726831367731
349.301,279.755,184.0,0.66948481468,0.930717338156,0.726831367731
348.014,278.506,184.0,0.66948481468,0.930717338156,0.726831367731
347.214,277.056,184.0,0.66948481468,0.930717338156,0.726831367731
346.484,275.577,184.0,0.66948481468,0.930717338156,0.726831367731
345.846,274.028,184.0,0.66948481468,0.930717338156,0.726831367731
345.436,272.324,184.0,0.66948481468,0.930717338156,0.726831367731
344.704,270.854,184.0,0.66948481468,0.930717338156,0.726831367731
344.055,269.343,184.0,0.66948481468,0.930717338156,0.726831367731
343.375,267.832,184.0,0.66948481468,0.930717338156,0.726831367731
344.616,267.313,184.0,0.66948481468,0.930717338156,0.726831367731
345.943,267.125,184.0,0.66948481468,0.930717338156,0.726831367731
346.33,266.297,184.0,0.66948481468,0.930717338156,0.726831367731
345.92,264.927,184.0,0.66948481468,0.930717338156,0.726831367731
344.858,263.114,184.0,0.66948481468,0.930717338156,0.726831367731
343.289,260.956,184.0,0.66948481468,0.930717338156,0.726831367731
341.358,258.551,184.0,0.66948481468,0.930717338156,0.726831367731
339.21,255.998,184.0,0.66948481468,0.930717338156,0.726831367731
