333.255,255.578,187.0,0.116322335361,0.384937217593,0.220209747943
331.438,257.459,187.0,0.116322335361,0.384937217593,0.220209747943
329.065,257.952,187.0,0.116322335361,0.384937217593,0.220209747943
327.188,259.531,187.0,0.116322335361,0.384937217593,0.220209747943
325.219,261.014,187.0,0.116322335361,0.384937217593,0.220209747943
323.108,262.321,187.0,0.116322335361,0.384937217593,0.220209747943
321.337,264.131,187.0,0.116322335361,0.384937217593,0.220209747943
320.373,266.339,187.0,0.116322335361,0.384937217593,0.220209747943
320.288,268.817,187.0,0.116322335361,0.384937217593,0.220209747943
320.331,271.312,187.0,0.116322335361,0.384937217593,0.220209747943
320.899,273.695,187.0,0.116322335361,0.384937217593,0.220209747943
322.23,275.758,187.0,0.116322335361,0.384937217593,0.220209747943
323.986,277.542,187.0,0.116322335361,0.384937217593,0.220209747943
325.694,279.36,187.0,0.116322335361,0.384937217593,0.220209747943
327.413,280.992,187.0,0.116322335361,0.384937217593,0.220209747943
328.802,283.022,187.0,0.116322335361,0.384937217593,0.220209747943
330.196,285.062,187.0,0.116322335361,0.384937217593,0.220209747943
332.013,286.606,187.0,0.116322335361,0.384937217593,0.220209747943
333.09,288.909,187.0,0.116322335361,0.384937217593,0.220209747943
334.813,290.634,187.0,0.116322335361,0.384937217593,0.220209747943
336.213,292.584,187.0,0.116322335361,0.384937217593,0.220209747943
337.627,294.607,187.0,0.116322335361,0.384937217593,0.220209747943
339.03,296.64,187.0,0.116322335361,0.384937217593,0.220209747943
340.096,298.919,187.0,0.116322335361,0.384937217593,0.220209747943
342.058,300.321,187.0,0.116322335361,0.384937217593,0.220209747943
342.946,302.775,187.0,0.116322335361,0.384937217593,0.220209747943
344.689,304.482,187.0,0.116322335361,0.384937217593,0.220209747943
346.108,306.407,187.0,0.116322335361,0.384937217593,0.220209747943
347.638,308.313,187.0,0.116322335361,0.384937217593,0.220209747943
349.54,309.841,187.0,0.116322335361,0.384937217593,0.220209747943
350.829,312.015,187.0,0.116322335361,0.384937217593,0.220209747943
353.077,313.203,187.0,0.116322335361,0.384937217593,0.220209747943
354.658,314.759,187.0,0.116322335361,0.384937217593,0.220209747943
356.384,316.632,187.0,0.116322335361,0.384937217593,0.220209747943
358.58,317.375,187.0,0.116322335361,0.384937217593,0.220209747943
360.962,317.057,187.0,0.116322335361,0.384937217593,0.220209747943
362.185,314.836,187.0,0.116322335361,0.384937217593,0.220209747943
362.508,312.406,187.0,0.116322335361,0.384937217593,0.220209747943
362.512,309.903,187.0,0.116322335361,0.384937217593,0.220209747943
362.512,307.399,187.0,0.116322335361,0.384937217593,0.220209747943
362.512,304.895,187.0,0.116322335361,0.384937217593,0.220209747943
362.518,302.389,187.0,0.116322335361,0.384937217593,0.220209747943
362.621,299.843,187.0,0.116322335361,0.384937217593,0.220209747943
361.889,297.645,187.0,0.116322335361,0.384937217593,0.220209747943
361.558,295.175,187.0,0.116322335361,0.384937217593,0.220209747943
360.522,292.89,187.0,0.116322335361,0.384937217593,0.220209747943
360.003,290.507,187.0,0.116322335361,0.384937217593,0.220209747943
359.277,288.156,187.0,0.116322335361,0.384937217593,0.220209747943
357.957,286.119,187.0,0.116322335361,0.384937217593,0.220209747943
357.352,283.841,187.0,0.116322335361,0.384937217593,0.220209747943
356.298,281.567,187.0,0.116322335361,0.384937217593,0.220209747943
355.066,279.541,187.0,0.116322335361,0.384937217593,0.220209747943
353.66,277.62,187.0,0.116322335361,0.384937217593,0.220209747943
352.577,275.568,187.0,0.116322335361,0.384937217593,0.220209747943
351.533,273.371,187.0,0.116322335361,0.384937217593,0.220209747943
350.194,271.427,187.0,0.116322335361,0.384937217593,0.220209747943
349.973,269.015,187.0,0.116322335361,0.384937217593,0.220209747943
349.607,266.673,187.0,0.116322335361,0.384937217593,0.220209747943
348.68,264.577,187.0,0.116322335361,0.384937217593,0.220209747943
347.266,262.696,187.0,0.116322335361,0.384937217593,0.220209747943
345.441,260.995,187.0,0.116322335361,0.384937217593,0.220209747943
343.279,259.442,187.0,0.116322335361,0.384937217593,0.220209747943
340.855,258.004,187.0,0.116322335361,0.384937217593,0.220209747943
338.244,256.649,187.0,0.116322335361,0.384937217593,0.220209747943
335.521,255.342,187.0,0.116322335361,0.384937217593,0.220209747943
