308.384,189.401,187.0,0.66948481468,0.930717338156,0.726831367731
307.011,190.766,187.0,0.66948481468,0.930717338156,0.726831367731
305.2,191.337,187.0,0.66948481468,0.930717338156,0.726831367731
303.811,192.65,187.0,0.66948481468,0.930717338156,0.726831367731
302.17,193.457,187.0,0.66948481468,0.930717338156,0.726831367731
301.406,195.136,187.0,0.66948481468,0.930717338156,0.726831367731
300.279,196.655,187.0,0.66948481468,0.930717338156,0.726831367731
299.383,198.337,187.0,0.66948481468,0.930717338156,0.726831367731
299.091,200.16,187.0,0.66948481468,0.930717338156,0.726831367731
298.518,201.96,187.0,0.66948481468,0.930717338156,0.726831367731
297.891,203.746,187.0,0.66948481468,0.930717338156,0.726831367731
297.973,205.639,187.0,0.66948481468,0.930717338156,0.726831367731
298.988,207.337,187.0,0.66948481468,0.930717338156,0.726831367731
300.18,208.833,187.0,0.66948481468,0.930717338156,0.726831367731
301.148,210.488,187.0,0.66948481468,0.930717338156,0.726831367731
302.262,212.017,187.0,0.66948481468,0.930717338156,0.726831367731
303.655,213.142,187.0,0.66948481468,0.930717338156,0.726831367731
305.249,213.947,187.0,0.66948481468,0.930717338156,0.726831367731
306.644,215.287,187.0,0.66948481468,0.930717338156,0.726831367731
308.478,215.769,187.0,0.66948481468,0.930717338156,0.726831367731
310.201,216.28,187.0,0.66948481468,0.930717338156,0.726831367731
312.072,216.431,187.0,0.66948481468,0.930717338156,0.726831367731
314.021,216.463,187.0,0.66948481468,0.930717338156,0.726831367731
315.667,215.767,187.0,0.66948481468,0.930717338156,0.726831367731
317.461,215.21,187.0,0.66948481468,0.930717338156,0.726831367731
318.329,213.776,187.0,0.66948481468,0.930717338156,0.726831367731
319.143,212.178,187.0,0.66948481468,0.930717338156,0.726831367731
320.541,210.793,187.0,0.66948481468,0.930717338156,0.726831367731
320.91,208.926,187.0,0.66948481468,0.930717338156,0.726831367731
321.622,207.286,187.0,0.66948481468,0.930717338156,0.726831367731
322.307,205.636,187.0,0.66948481468,0.930717338156,0.726831367731
322.262,203.684,187.0,0.66948481468,0.930717338156,0.726831367731
322.264,201.751,187.0,0.66948481468,0.930717338156,0.726831367731
322.264,199.817,187.0,0.66948481468,0.930717338156,0.726831367731
322.274,197.872,187.0,0.66948481468,0.930717338156,0.726831367731
320.765,197.421,187.0,0.66948481468,0.930717338156,0.726831367731
318.597,197.405,187.0,0.66948481468,0.930717338156,0.726831367731
316.69,196.898,187.0,0.66948481468,0.930717338156,0.726831367731
315.003,195.977,187.0,0.66948481468,0.930717338156,0.726831367731
313.497,194.716,187.0,0.66948481468,0.930717338156,0.726831367731
312.131,193.19,187.0,0.66948481468,0.930717338156,0.726831367731
310.866,191.476,187.0,0.66948481468,0.930717338156,0.726831367731
309.661,189.649,187.0,0.66948481468,0.930717338156,0.726831367731
