341.096,255.357,189.0,0.66948481468,0.930717338156,0.726831367731
339.172,255.359,189.0,0.66948481468,0.930717338156,0.726831367731
337.243,255.351,189.0,0.66948481468,0.930717338156,0.726831367731
335.314,255.341,189.0,0.66948481468,0.930717338156,0.726831367731
333.822,256.37,189.0,0.66948481468,0.930717338156,0.726831367731
332.173,257.336,189.0,0.66948481468,0.930717338156,0.726831367731
330.636,258.248,189.0,0.66948481468,0.930717338156,0.726831367731
329.055,259.496,189.0,0.66948481468,0.930717338156,0.726831367731
328.333,261.128,189.0,0.66948481468,0.930717338156,0.726831367731
328.246,263.017,189.0,0.66948481468,0.930717338156,0.726831367731
327.524,264.643,189.0,0.66948481468,0.930717338156,0.726831367731
326.913,266.315,189.0,0.66948481468,0.930717338156,0.726831367731
326.883,268.227,189.0,0.66948481468,0.930717338156,0.726831367731
326.883,270.152,189.0,0.66948481468,0.930717338156,0.726831367731
326.885,272.077,189.0,0.66948481468,0.930717338156,0.726831367731
327.126,273.968,189.0,0.66948481468,0.930717338156,0.726831367731
328.236,275.484,189.0,0.66948481468,0.930717338156,0.726831367731
328.56,277.338,189.0,0.66948481468,0.930717338156,0.726831367731
329.51,279.039,189.0,0.66948481468,0.930717338156,0.726831367731
329.684,280.924,189.0,0.66948481468,0.930717338156,0.726831367731
330.652,282.618,189.0,0.66948481468,0.930717338156,0.726831367731
331.245,284.435,189.0,0.66948481468,0.930717338156,0.726831367731
331.621,286.339,189.0,0.66948481468,0.930717338156,0.726831367731
332.105,288.199,189.0,0.66948481468,0.930717338156,0.726831367731
332.975,289.92,189.0,0.66948481468,0.930717338156,0.726831367731
333.539,291.712,189.0,0.66948481468,0.930717338156,0.726831367731
333.489,293.649,189.0,0.66948481468,0.930717338156,0.726831367731
334.114,295.442,189.0,0.66948481468,0.930717338156,0.726831367731
334.854,297.049,189.0,0.66948481468,0.930717338156,0.726831367731
335.054,298.94,189.0,0.66948481468,0.930717338156,0.726831367731
335.904,300.694,189.0,0.66948481468,0.930717338156,0.726831367731
336.15,302.602,189.0,0.66948481468,0.930717338156,0.726831367731
336.013,304.579,189.0,0.66948481468,0.930717338156,0.726831367731
336.767,306.193,189.0,0.66948481468,0.930717338156,0.726831367731
337.489,307.819,189.0,0.66948481468,0.930717338156,0.726831367731
338.111,309.486,189.0,0.66948481468,0.930717338156,0.726831367731
338.532,311.231,189.0,0.66948481468,0.930717338156,0.726831367731
339.194,313.026,189.0,0.66948481468,0.930717338156,0.726831367731
340.066,314.617,189.0,0.66948481468,0.930717338156,0.726831367731
341.343,316.016,189.0,0.66948481468,0.930717338156,0.726831367731
342.314,317.38,189.0,0.66948481468,0.930717338156,0.726831367731
343.608,318.068,189.0,0.66948481468,0.930717338156,0.726831367731
345.356,318.698,189.0,0.66948481468,0.930717338156,0.726831367731
347.03,319.306,189.0,0.66948481468,0.930717338156,0.726831367731
348.66,320.018,189.0,0.66948481468,0.930717338156,0.726831367731
350.575,319.99,189.0,0.66948481468,0.930717338156,0.726831367731
352.6,320.237,189.0,0.66948481468,0.930717338156,0.726831367731
354.158,319.351,189.0,0.66948481468,0.930717338156,0.726831367731
355.789,318.64,189.0,0.66948481468,0.930717338156,0.726831367731
357.374,317.82,189.0,0.66948481468,0.930717338156,0.726831367731
358.981,317.048,189.0,0.66948481468,0.930717338156,0.726831367731
360.43,315.787,189.0,0.66948481468,0.930717338156,0.726831367731
361.952,314.645,189.0,0.66948481468,0.930717338156,0.726831367731
363.398,313.426,189.0,0.66948481468,0.930717338156,0.726831367731
364.378,312.179,189.0,0.66948481468,0.930717338156,0.726831367731
365.785,310.841,189.0,0.66948481468,0.930717338156,0.726831367731
365.808,308.926,189.0,0.66948481468,0.930717338156,0.726831367731
365.811,307.002,189.0,0.66948481468,0.930717338156,0.726831367731
365.811,305.077,189.0,0.66948481468,0.930717338156,0.726831367731
365.812,303.152,189.0,0.66948481468,0.930717338156,0.726831367731
365.773,301.232,189.0,0.66948481468,0.930717338156,0.726831367731
365.082,299.424,189.0,0.66948481468,0.930717338156,0.726831367731
364.221,297.705,189.0,0.66948481468,0.930717338156,0.726831367731
363.36,295.982,189.0,0.66948481468,0.930717338156,0.726831367731
362.499,294.26,189.0,0.66948481468,0.930717338156,0.726831367731
361.66,292.521,189.0,0.66948481468,0.930717338156,0.726831367731
360.537,290.99,189.0,0.66948481468,0.930717338156,0.726831367731
359.851,289.355,189.0,0.66948481468,0.930717338156,0.726831367731
359.22,287.579,189.0,0.66948481468,0.930717338156,0.726831367731
357.891,286.165,189.0,0.66948481468,0.930717338156,0.726831367731
357.182,284.533,189.0,0.66948481468,0.930717338156,0.726831367731
356.42,282.923,189.0,0.66948481468,0.930717338156,0.726831367731
355.25,281.482,189.0,0.66948481468,0.930717338156,0.726831367731
354.276,279.916,189.0,0.66948481468,0.930717338156,0.726831367731
353.184,278.373,189.0,0.66948481468,0.930717338156,0.726831367731
352.104,276.809,189.0,0.66948481468,0.930717338156,0.726831367731
351.262,275.074,189.0,0.66948481468,0.930717338156,0.726831367731
350.251,273.46,189.0,0.66948481468,0.930717338156,0.726831367731
349.288,271.812,189.0,0.66948481468,0.930717338156,0.726831367731
347.927,270.447,189.0,0.66948481468,0.930717338156,0.726831367731
347.327,268.658,189.0,0.66948481468,0.930717338156,0.726831367731
346.476,267.085,189.0,0.66948481468,0.930717338156,0.726831367731
345.034,265.711,189.0,0.66948481468,0.930717338156,0.726831367731
343.973,264.122,189.0,0.66948481468,0.930717338156,0.726831367731
343.224,262.356,189.0,0.66948481468,0.930717338156,0.726831367731
342.718,260.454,189.0,0.66948481468,0.930717338156,0.726831367731
342.385,258.455,189.0,0.66948481468,0.930717338156,0.726831367731
342.155,256.396,189.0,0.66948481468,0.930717338156,0.726831367731
