334.627,254.808,190.0,0.116322335361,0.384937217593,0.220209747943
332.729,256.027,190.0,0.116322335361,0.384937217593,0.220209747943
331.153,257.69,190.0,0.116322335361,0.384937217593,0.220209747943
329.749,259.454,190.0,0.116322335361,0.384937217593,0.220209747943
328.777,261.527,190.0,0.116322335361,0.384937217593,0.220209747943
327.529,263.387,190.0,0.116322335361,0.384937217593,0.220209747943
326.388,265.257,190.0,0.116322335361,0.384937217593,0.220209747943
326.015,267.489,190.0,0.116322335361,0.384937217593,0.220209747943
325.594,269.598,190.0,0.116322335361,0.384937217593,0.220209747943
325.563,271.867,190.0,0.116322335361,0.384937217593,0.220209747943
325.564,274.149,190.0,0.116322335361,0.384937217593,0.220209747943
325.577,276.428,190.0,0.116322335361,0.384937217593,0.220209747943
325.397,278.752,190.0,0.116322335361,0.384937217593,0.220209747943
326.157,280.855,190.0,0.116322335361,0.384937217593,0.220209747943
326.535,283.048,190.0,0.116322335361,0.384937217593,0.220209747943
326.917,285.24,190.0,0.116322335361,0.384937217593,0.220209747943
328.095,287.237,190.0,0.116322335361,0.384937217593,0.220209747943
328.516,289.364,190.0,0.116322335361,0.384937217593,0.220209747943
329.665,291.326,190.0,0.116322335361,0.384937217593,0.220209747943
330.716,293.348,190.0,0.116322335361,0.384937217593,0.220209747943
331.858,295.302,190.0,0.116322335361,0.384937217593,0.220209747943
332.959,297.285,190.0,0.116322335361,0.384937217593,0.220209747943
334.33,299.074,190.0,0.116322335361,0.384937217593,0.220209747943
335.504,301.004,190.0,0.116322335361,0.384937217593,0.220209747943
336.779,302.862,190.0,0.116322335361,0.384937217593,0.220209747943
337.553,304.994,190.0,0.116322335361,0.384937217593,0.220209747943
339.173,306.601,190.0,0.116322335361,0.384937217593,0.220209747943
340.038,308.524,190.0,0.116322335361,0.384937217593,0.220209747943
341.482,310.208,190.0,0.116322335361,0.384937217593,0.220209747943
343.098,311.821,190.0,0.116322335361,0.384937217593,0.220209747943
344.712,313.435,190.0,0.116322335361,0.384937217593,0.220209747943
346.323,315.054,190.0,0.116322335361,0.384937217593,0.220209747943
347.924,316.699,190.0,0.116322335361,0.384937217593,0.220209747943
349.927,317.372,190.0,0.116322335361,0.384937217593,0.220209747943
351.777,318.671,190.0,0.116322335361,0.384937217593,0.220209747943
354.065,318.685,190.0,0.116322335361,0.384937217593,0.220209747943
356.045,319.421,190.0,0.116322335361,0.384937217593,0.220209747943
358.411,319.417,190.0,0.116322335361,0.384937217593,0.220209747943
359.679,317.755,190.0,0.116322335361,0.384937217593,0.220209747943
360.495,315.802,190.0,0.116322335361,0.384937217593,0.220209747943
361.178,313.803,190.0,0.116322335361,0.384937217593,0.220209747943
361.61,311.7,190.0,0.116322335361,0.384937217593,0.220209747943
361.836,309.514,190.0,0.116322335361,0.384937217593,0.220209747943
362.562,307.403,190.0,0.116322335361,0.384937217593,0.220209747943
362.516,305.111,190.0,0.116322335361,0.384937217593,0.220209747943
362.511,302.828,190.0,0.116322335361,0.384937217593,0.220209747943
362.566,300.533,190.0,0.116322335361,0.384937217593,0.220209747943
361.791,298.44,190.0,0.116322335361,0.384937217593,0.220209747943
361.741,296.077,190.0,0.116322335361,0.384937217593,0.220209747943
360.48,294.229,190.0,0.116322335361,0.384937217593,0.220209747943
359.948,292.043,190.0,0.116322335361,0.384937217593,0.220209747943
358.755,290.201,190.0,0.116322335361,0.384937217593,0.220209747943
357.782,288.132,190.0,0.116322335361,0.384937217593,0.220209747943
356.762,286.091,190.0,0.116322335361,0.384937217593,0.220209747943
355.714,284.065,190.0,0.116322335361,0.384937217593,0.220209747943
354.456,282.162,190.0,0.116322335361,0.384937217593,0.220209747943
353.451,280.113,190.0,0.116322335361,0.384937217593,0.220209747943
352.441,278.069,190.0,0.116322335361,0.384937217593,0.220209747943
351.34,276.052,190.0,0.116322335361,0.384937217593,0.220209747943
350.804,273.985,190.0,0.116322335361,0.384937217593,0.220209747943
349.75,271.968,190.0,0.116322335361,0.384937217593,0.220209747943
348.463,270.018,190.0,0.116322335361,0.384937217593,0.220209747943
348.11,267.775,190.0,0.116322335361,0.384937217593,0.220209747943
347.299,265.833,190.0,0.116322335361,0.384937217593,0.220209747943
346.665,263.814,190.0,0.116322335361,0.384937217593,0.220209747943
346.107,261.78,190.0,0.116322335361,0.384937217593,0.220209747943
344.966,260.011,190.0,0.116322335361,0.384937217593,0.220209747943
343.348,258.459,190.0,0.116322335361,0.384937217593,0.220209747943
341.359,257.075,190.0,0.116322335361,0.384937217593,0.220209747943
339.106,255.812,190.0,0.116322335361,0.384937217593,0.220209747943
336.693,254.621,190.0,0.116322335361,0.384937217593,0.220209747943
