339.59,254.477,192.0,0.66948481468,0.930717338156,0.726831367731
338.363,255.836,192.0,0.66948481468,0.930717338156,0.726831367731
336.49,257.421,192.0,0.66948481468,0.930717338156,0.726831367731
335.476,259.381,192.0,0.66948481468,0.930717338156,0.726831367731
334.393,261.314,192.0,0.66948481468,0.930717338156,0.726831367731
333.384,263.278,192.0,0.66948481468,0.930717338156,0.726831367731
332.258,265.134,192.0,0.66948481468,0.930717338156,0.726831367731
331.8,267.503,192.0,0.66948481468,0.930717338156,0.726831367731
330.636,268.79,192.0,0.66948481468,0.930717338156,0.726831367731
329.851,270.815,192.0,0.66948481468,0.930717338156,0.726831367731
328.945,272.997,192.0,0.66948481468,0.930717338156,0.726831367731
328.07,275.174,192.0,0.66948481468,0.930717338156,0.726831367731
328.116,277.566,192.0,0.66948481468,0.930717338156,0.726831367731
328.119,279.948,192.0,0.66948481468,0.930717338156,0.726831367731
328.119,282.33,192.0,0.66948481468,0.930717338156,0.726831367731
328.116,284.713,192.0,0.66948481468,0.930717338156,0.726831367731
328.173,287.071,192.0,0.66948481468,0.930717338156,0.726831367731
328.935,289.136,192.0,0.66948481468,0.930717338156,0.726831367731
329.922,291.109,192.0,0.66948481468,0.930717338156,0.726831367731
330.762,293.143,192.0,0.66948481468,0.930717338156,0.726831367731
331.219,295.335,192.0,0.66948481468,0.930717338156,0.726831367731
331.638,297.544,192.0,0.66948481468,0.930717338156,0.726831367731
332.681,299.696,192.0,0.66948481468,0.930717338156,0.726831367731
334.101,301.602,192.0,0.66948481468,0.930717338156,0.726831367731
335.1,303.567,192.0,0.66948481468,0.930717338156,0.726831367731
336.055,305.553,192.0,0.66948481468,0.930717338156,0.726831367731
337.283,307.425,192.0,0.66948481468,0.930717338156,0.726831367731
338.018,309.503,192.0,0.66948481468,0.930717338156,0.726831367731
339.96,311.08,192.0,0.66948481468,0.930717338156,0.726831367731
341.623,312.771,192.0,0.66948481468,0.930717338156,0.726831367731
343.312,314.44,192.0,0.66948481468,0.930717338156,0.726831367731
345.063,315.963,192.0,0.66948481468,0.930717338156,0.726831367731
347.067,316.861,192.0,0.66948481468,0.930717338156,0.726831367731
349.254,317.726,192.0,0.66948481468,0.930717338156,0.726831367731
351.637,317.72,192.0,0.66948481468,0.930717338156,0.726831367731
354.02,317.714,192.0,0.66948481468,0.930717338156,0.726831367731
356.402,317.712,192.0,0.66948481468,0.930717338156,0.726831367731
358.762,317.52,192.0,0.66948481468,0.930717338156,0.726831367731
360.597,315.964,192.0,0.66948481468,0.930717338156,0.726831367731
362.838,315.611,192.0,0.66948481468,0.930717338156,0.726831367731
364.589,313.913,192.0,0.66948481468,0.930717338156,0.726831367731
365.797,312.47,192.0,0.66948481468,0.930717338156,0.726831367731
366.507,310.294,192.0,0.66948481468,0.930717338156,0.726831367731
366.761,308.002,192.0,0.66948481468,0.930717338156,0.726831367731
366.76,305.62,192.0,0.66948481468,0.930717338156,0.726831367731
366.756,303.238,192.0,0.66948481468,0.930717338156,0.726831367731
366.799,300.856,192.0,0.66948481468,0.930717338156,0.726831367731
366.103,298.607,192.0,0.66948481468,0.930717338156,0.726831367731
365.011,296.662,192.0,0.66948481468,0.930717338156,0.726831367731
364.148,294.639,192.0,0.66948481468,0.930717338156,0.726831367731
363.631,292.358,192.0,0.66948481468,0.930717338156,0.726831367731
362.757,290.103,192.0,0.66948481468,0.930717338156,0.726831367731
361.493,288.216,192.0,0.66948481468,0.930717338156,0.726831367731
359.922,286.484,192.0,0.66948481468,0.930717338156,0.726831367731
358.95,284.505,192.0,0.66948481468,0.930717338156,0.726831367731
357.951,282.537,192.0,0.66948481468,0.930717338156,0.726831367731
357.578,280.308,192.0,0.66948481468,0.930717338156,0.726831367731
355.925,278.582,192.0,0.66948481468,0.930717338156,0.726831367731
354.886,276.425,192.0,0.66948481468,0.930717338156,0.726831367731
353.98,274.207,192.0,0.66948481468,0.930717338156,0.726831367731
352.809,272.137,192.0,0.66948481468,0.930717338156,0.726831367731
351.84,270.153,192.0,0.66948481468,0.930717338156,0.726831367731
351.623,267.849,192.0,0.66948481468,0.930717338156,0.726831367731
350.973,265.684,192.0,0.66948481468,0.930717338156,0.726831367731
349.961,263.632,192.0,0.66948481468,0.930717338156,0.726831367731
348.643,261.678,192.0,0.66948481468,0.930717338156,0.726831367731
347.074,259.802,192.0,0.66948481468,0.930717338156,0.726831367731
345.311,257.988,192.0,0.66948481468,0.930717338156,0.726831367731
343.408,256.217,192.0,0.66948481468,0.930717338156,0.726831367731
341.421,254.473,192.0,0.66948481468,0.930717338156,0.726831367731
