314.162,199.658,193.0,0.66948481468,0.930717338156,0.726831367731
311.922,198.773,193.0,0.66948481468,0.930717338156,0.726831367731
309.801,197.598,193.0,0.66948481468,0.930717338156,0.726831367731
307.635,196.533,193.0,0.66948481468,0.930717338156,0.726831367731
305.031,196.523,193.0,0.66948481468,0.930717338156,0.726831367731
302.424,196.522,193.0,0.66948481468,0.930717338156,0.726831367731
299.817,196.525,193.0,0.66948481468,0.930717338156,0.726831367731
297.278,197.002,193.0,0.66948481468,0.930717338156,0.726831367731
296.51,199.453,193.0,0.66948481468,0.930717338156,0.726831367731
296.504,202.06,193.0,0.66948481468,0.930717338156,0.726831367731
296.511,204.665,193.0,0.66948481468,0.930717338156,0.726831367731
297.253,206.965,193.0,0.66948481468,0.930717338156,0.726831367731
299.121,208.799,193.0,0.66948481468,0.930717338156,0.726831367731
300.963,210.644,193.0,0.66948481468,0.930717338156,0.726831367731
302.793,212.522,193.0,0.66948481468,0.930717338156,0.726831367731
304.954,213.597,193.0,0.66948481468,0.930717338156,0.726831367731
306.994,214.966,193.0,0.66948481468,0.930717338156,0.726831367731
309.186,216.371,193.0,0.66948481468,0.930717338156,0.726831367731
311.304,217.531,193.0,0.66948481468,0.930717338156,0.726831367731
313.489,218.552,193.0,0.66948481468,0.930717338156,0.726831367731
315.774,219.329,193.0,0.66948481468,0.930717338156,0.726831367731
318.371,219.353,193.0,0.66948481468,0.930717338156,0.726831367731
320.982,219.359,193.0,0.66948481468,0.930717338156,0.726831367731
322.882,218.846,193.0,0.66948481468,0.930717338156,0.726831367731
323.622,217.499,193.0,0.66948481468,0.930717338156,0.726831367731
323.382,215.446,193.0,0.66948481468,0.930717338156,0.726831367731
322.339,212.815,193.0,0.66948481468,0.930717338156,0.726831367731
320.673,209.736,193.0,0.66948481468,0.930717338156,0.726831367731
318.56,206.335,193.0,0.66948481468,0.930717338156,0.726831367731
316.181,202.742,193.0,0.66948481468,0.930717338156,0.726831367731
