325.522,206.619,198.0,0.66948481468,0.930717338156,0.726831367731
323.182,205.57,198.0,0.66948481468,0.930717338156,0.726831367731
320.891,204.401,198.0,0.66948481468,0.930717338156,0.726831367731
318.469,203.55,198.0,0.66948481468,0.930717338156,0.726831367731
316.482,201.608,198.0,0.66948481468,0.930717338156,0.726831367731
313.906,200.796,198.0,0.66948481468,0.930717338156,0.726831367731
311.716,199.378,198.0,0.66948481468,0.930717338156,0.726831367731
309.407,198.255,198.0,0.66948481468,0.930717338156,0.726831367731
306.983,197.409,198.0,0.66948481468,0.930717338156,0.726831367731
304.213,197.407,198.0,0.66948481468,0.930717338156,0.726831367731
301.793,198.259,198.0,0.66948481468,0.930717338156,0.726831367731
299.362,199.653,198.0,0.66948481468,0.930717338156,0.726831367731
298.773,202.201,198.0,0.66948481468,0.930717338156,0.726831367731
298.276,204.769,198.0,0.66948481468,0.930717338156,0.726831367731
298.214,207.558,198.0,0.66948481468,0.930717338156,0.726831367731
299.671,209.821,198.0,0.66948481468,0.930717338156,0.726831367731
301.399,211.942,198.0,0.66948481468,0.930717338156,0.726831367731
303.352,213.907,198.0,0.66948481468,0.930717338156,0.726831367731
305.315,215.869,198.0,0.66948481468,0.930717338156,0.726831367731
307.369,217.609,198.0,0.66948481468,0.930717338156,0.726831367731
309.496,219.178,198.0,0.66948481468,0.930717338156,0.726831367731
311.727,220.743,198.0,0.66948481468,0.930717338156,0.726831367731
314.035,221.99,198.0,0.66948481468,0.930717338156,0.726831367731
316.545,223.205,198.0,0.66948481468,0.930717338156,0.726831367731
318.731,224.837,198.0,0.66948481468,0.930717338156,0.726831367731
321.318,225.91,198.0,0.66948481468,0.930717338156,0.726831367731
323.575,227.259,198.0,0.66948481468,0.930717338156,0.726831367731
325.965,228.197,198.0,0.66948481468,0.930717338156,0.726831367731
328.697,228.41,198.0,0.66948481468,0.930717338156,0.726831367731
331.325,229.041,198.0,0.66948481468,0.930717338156,0.726831367731
334.105,229.016,198.0,0.66948481468,0.930717338156,0.726831367731
336.881,229.016,198.0,0.66948481468,0.930717338156,0.726831367731
338.88,228.537,198.0,0.66948481468,0.930717338156,0.726831367731
339.665,227.308,198.0,0.66948481468,0.930717338156,0.726831367731
339.399,225.428,198.0,0.66948481468,0.930717338156,0.726831367731
338.242,222.998,198.0,0.66948481468,0.930717338156,0.726831367731
336.357,220.119,198.0,0.66948481468,0.930717338156,0.726831367731
333.906,216.889,198.0,0.66948481468,0.930717338156,0.726831367731
331.051,213.409,198.0,0.66948481468,0.930717338156,0.726831367731
327.952,209.779,198.0,0.66948481468,0.930717338156,0.726831367731
