314.756,198.933,206.0,0.66948481468,0.930717338156,0.726831367731
316.2,200.07,206.0,0.66948481468,0.930717338156,0.726831367731
318.061,200.511,206.0,0.66948481468,0.930717338156,0.726831367731
319.481,201.801,206.0,0.66948481468,0.930717338156,0.726831367731
321.049,202.653,206.0,0.66948481468,0.930717338156,0.726831367731
322.652,203.418,206.0,0.66948481468,0.930717338156,0.726831367731
324.291,204.112,206.0,0.66948481468,0.930717338156,0.726831367731
326.191,204.445,206.0,0.66948481468,0.930717338156,0.726831367731
327.183,205.933,206.0,0.66948481468,0.930717338156,0.726831367731
328.604,206.702,206.0,0.66948481468,0.930717338156,0.726831367731
329.883,207.516,206.0,0.66948481468,0.930717338156,0.726831367731
330.752,209.155,206.0,0.66948481468,0.930717338156,0.726831367731
331.821,209.95,206.0,0.66948481468,0.930717338156,0.726831367731
331.951,211.971,206.0,0.66948481468,0.930717338156,0.726831367731
333.395,213.27,206.0,0.66948481468,0.930717338156,0.726831367731
334.194,214.858,206.0,0.66948481468,0.930717338156,0.726831367731
334.278,216.743,206.0,0.66948481468,0.930717338156,0.726831367731
335.174,218.292,206.0,0.66948481468,0.930717338156,0.726831367731
335.568,220.113,206.0,0.66948481468,0.930717338156,0.726831367731
336.005,221.942,206.0,0.66948481468,0.930717338156,0.726831367731
336.877,223.499,206.0,0.66948481468,0.930717338156,0.726831367731
337.782,225.044,206.0,0.66948481468,0.930717338156,0.726831367731
338.683,226.589,206.0,0.66948481468,0.930717338156,0.726831367731
339.542,228.153,206.0,0.66948481468,0.930717338156,0.726831367731
340.024,229.959,206.0,0.66948481468,0.930717338156,0.726831367731
340.479,231.759,206.0,0.66948481468,0.930717338156,0.726831367731
341.277,233.348,206.0,0.66948481468,0.930717338156,0.726831367731
342.15,234.906,206.0,0.66948481468,0.930717338156,0.726831367731
343.072,236.443,206.0,0.66948481468,0.930717338156,0.726831367731
344.109,237.93,206.0,0.66948481468,0.930717338156,0.726831367731
345.161,239.483,206.0,0.66948481468,0.930717338156,0.726831367731
346.34,241.015,206.0,0.66948481468,0.930717338156,0.726831367731
346.462,242.924,206.0,0.66948481468,0.930717338156,0.726831367731
347.428,243.869,206.0,0.66948481468,0.930717338156,0.726831367731
348.263,245.502,206.0,0.66948481468,0.930717338156,0.726831367731
349.217,246.441,206.0,0.66948481468,0.930717338156,0.726831367731
349.944,248.231,206.0,0.66948481468,0.930717338156,0.726831367731
350.987,249.721,206.0,0.66948481468,0.930717338156,0.726831367731
350.953,251.654,206.0,0.66948481468,0.930717338156,0.726831367731
350.951,253.574,206.0,0.66948481468,0.930717338156,0.726831367731
350.927,255.488,206.0,0.66948481468,0.930717338156,0.726831367731
350.017,257.19,206.0,0.66948481468,0.930717338156,0.726831367731
348.757,258.736,206.0,0.66948481468,0.930717338156,0.726831367731
348.302,260.506,206.0,0.66948481468,0.930717338156,0.726831367731
347.606,262.136,206.0,0.66948481468,0.930717338156,0.726831367731
346.934,263.777,206.0,0.66948481468,0.930717338156,0.726831367731
346.575,265.547,206.0,0.66948481468,0.930717338156,0.726831367731
346.562,267.461,206.0,0.66948481468,0.930717338156,0.726831367731
346.561,269.38,206.0,0.66948481468,0.930717338156,0.726831367731
346.559,271.301,206.0,0.66948481468,0.930717338156,0.726831367731
346.496,273.282,206.0,0.66948481468,0.930717338156,0.726831367731
347.49,274.185,206.0,0.66948481468,0.930717338156,0.726831367731
348.539,275.714,206.0,0.66948481468,0.930717338156,0.726831367731
349.59,277.295,206.0,0.66948481468,0.930717338156,0.726831367731
350.708,278.799,206.0,0.66948481468,0.930717338156,0.726831367731
352.213,279.918,206.0,0.66948481468,0.930717338156,0.726831367731
353.199,280.835,206.0,0.66948481468,0.930717338156,0.726831367731
354.029,282.195,206.0,0.66948481468,0.930717338156,0.726831367731
354.685,283.816,206.0,0.66948481468,0.930717338156,0.726831367731
355.845,285.35,206.0,0.66948481468,0.930717338156,0.726831367731
357.026,286.847,206.0,0.66948481468,0.930717338156,0.726831367731
357.1,288.734,206.0,0.66948481468,0.930717338156,0.726831367731
357.921,290.362,206.0,0.66948481468,0.930717338156,0.726831367731
358.866,291.322,206.0,0.66948481468,0.930717338156,0.726831367731
359.541,292.956,206.0,0.66948481468,0.930717338156,0.726831367731
360.571,294.602,206.0,0.66948481468,0.930717338156,0.726831367731
360.612,296.517,206.0,0.66948481468,0.930717338156,0.726831367731
360.613,298.436,206.0,0.66948481468,0.930717338156,0.726831367731
360.612,300.355,206.0,0.66948481468,0.930717338156,0.726831367731
360.599,302.268,206.0,0.66948481468,0.930717338156,0.726831367731
360.752,304.26,206.0,0.66948481468,0.930717338156,0.726831367731
359.757,305.803,206.0,0.66948481468,0.930717338156,0.726831367731
358.776,306.71,206.0,0.66948481468,0.930717338156,0.726831367731
358.905,308.727,206.0,0.66948481468,0.930717338156,0.726831367731
357.92,310.242,206.0,0.66948481468,0.930717338156,0.726831367731
357.838,312.166,206.0,0.66948481468,0.930717338156,0.726831367731
356.629,313.709,206.0,0.66948481468,0.930717338156,0.726831367731
356.281,315.476,206.0,0.66948481468,0.930717338156,0.726831367731
355.292,316.985,206.0,0.66948481468,0.930717338156,0.726831367731
355.137,318.844,206.0,0.66948481468,0.930717338156,0.726831367731
354.474,320.505,206.0,0.66948481468,0.930717338156,0.726831367731
353.487,322.107,206.0,0.66948481468,0.930717338156,0.726831367731
352.64,323.25,206.0,0.66948481468,0.930717338156,0.726831367731
350.902,323.859,206.0,0.66948481468,0.930717338156,0.726831367731
348.98,323.874,206.0,0.66948481468,0.930717338156,0.726831367731
347.2,323.279,206.0,0.66948481468,0.930717338156,0.726831367731
345.337,323.024,206.0,0.66948481468,0.930717338156,0.726831367731
343.84,322.002,206.0,0.66948481468,0.930717338156,0.726831367731
342.476,320.66,206.0,0.66948481468,0.930717338156,0.726831367731
341.121,319.299,206.0,0.66948481468,0.930717338156,0.726831367731
339.761,317.941,206.0,0.66948481468,0.930717338156,0.726831367731
338.384,316.581,206.0,0.66948481468,0.930717338156,0.726831367731
337.085,315.06,206.0,0.66948481468,0.930717338156,0.726831367731
336.831,313.204,206.0,0.66948481468,0.930717338156,0.726831367731
336.012,311.624,206.0,0.66948481468,0.930717338156,0.726831367731
335.264,310.014,206.0,0.66948481468,0.930717338156,0.726831367731
334.583,308.377,206.0,0.66948481468,0.930717338156,0.726831367731
334.307,306.577,206.0,0.66948481468,0.930717338156,0.726831367731
333.498,304.85,206.0,0.66948481468,0.930717338156,0.726831367731
333.437,302.938,206.0,0.66948481468,0.930717338156,0.726831367731
332.445,301.429,206.0,0.66948481468,0.930717338156,0.726831367731
332.002,299.693,206.0,0.66948481468,0.930717338156,0.726831367731
331.347,298.044,206.0,0.66948481468,0.930717338156,0.726831367731
330.748,296.362,206.0,0.66948481468,0.930717338156,0.726831367731
329.685,294.732,206.0,0.66948481468,0.930717338156,0.726831367731
328.997,293.105,206.0,0.66948481468,0.930717338156,0.726831367731
328.136,291.389,206.0,0.66948481468,0.930717338156,0.726831367731
327.241,289.683,206.0,0.66948481468,0.930717338156,0.726831367731
326.523,288.06,206.0,0.66948481468,0.930717338156,0.726831367731
326.393,286.193,206.0,0.66948481468,0.930717338156,0.726831367731
325.097,284.772,206.0,0.66948481468,0.930717338156,0.726831367731
324.578,282.947,206.0,0.66948481468,0.930717338156,0.726831367731
324.108,281.226,206.0,0.66948481468,0.930717338156,0.726831367731
323.742,279.459,206.0,0.66948481468,0.930717338156,0.726831367731
323.729,277.545,206.0,0.66948481468,0.930717338156,0.726831367731
323.728,275.626,206.0,0.66948481468,0.930717338156,0.726831367731
323.728,273.707,206.0,0.66948481468,0.930717338156,0.726831367731
323.726,271.787,206.0,0.66948481468,0.930717338156,0.726831367731
323.672,269.845,206.0,0.66948481468,0.930717338156,0.726831367731
324.628,268.322,206.0,0.66948481468,0.930717338156,0.726831367731
325.491,266.761,206.0,0.66948481468,0.930717338156,0.726831367731
326.127,265.105,206.0,0.66948481468,0.930717338156,0.726831367731
327.289,263.667,206.0,0.66948481468,0.930717338156,0.726831367731
327.606,261.878,206.0,0.66948481468,0.930717338156,0.726831367731
329.004,260.538,206.0,0.66948481468,0.930717338156,0.726831367731
329.842,258.977,206.0,0.66948481468,0.930717338156,0.726831367731
330.787,257.975,206.0,0.66948481468,0.930717338156,0.726831367731
330.932,255.815,206.0,0.66948481468,0.930717338156,0.726831367731
332.571,255.253,206.0,0.66948481468,0.930717338156,0.726831367731
332.516,253.274,206.0,0.66948481468,0.930717338156,0.726831367731
332.511,251.349,206.0,0.66948481468,0.930717338156,0.726831367731
332.514,249.428,206.0,0.66948481468,0.930717338156,0.726831367731
332.66,247.439,206.0,0.66948481468,0.930717338156,0.726831367731
331.724,245.938,206.0,0.66948481468,0.930717338156,0.726831367731
330.809,244.86,206.0,0.66948481468,0.930717338156,0.726831367731
329.845,243.902,206.0,0.66948481468,0.930717338156,0.726831367731
328.783,242.968,206.0,0.66948481468,0.930717338156,0.726831367731
327.209,242.184,206.0,0.66948481468,0.930717338156,0.726831367731
325.919,240.669,206.0,0.66948481468,0.930717338156,0.726831367731
324.265,240.071,206.0,0.66948481468,0.930717338156,0.726831367731
322.825,239.275,206.0,0.66948481468,0.930717338156,0.726831367731
321.551,238.493,206.0,0.66948481468,0.930717338156,0.726831367731
320.299,236.941,206.0,0.66948481468,0.930717338156,0.726831367731
318.622,236.319,206.0,0.66948481468,0.930717338156,0.726831367731
317.749,234.56,206.0,0.66948481468,0.930717338156,0.726831367731
316.394,233.196,206.0,0.66948481468,0.930717338156,0.726831367731
315.762,231.538,206.0,0.66948481468,0.930717338156,0.726831367731
314.96,229.951,206.0,0.66948481468,0.930717338156,0.726831367731
314.067,228.402,206.0,0.66948481468,0.930717338156,0.726831367731
312.806,227.005,206.0,0.66948481468,0.930717338156,0.726831367731
312.404,225.251,206.0,0.66948481468,0.930717338156,0.726831367731
311.431,223.736,206.0,0.66948481468,0.930717338156,0.726831367731
310.632,222.164,206.0,0.66948481468,0.930717338156,0.726831367731
309.697,221.119,206.0,0.66948481468,0.930717338156,0.726831367731
309.563,219.331,206.0,0.66948481468,0.930717338156,0.726831367731
308.76,218.149,206.0,0.66948481468,0.930717338156,0.726831367731
307.887,216.479,206.0,0.66948481468,0.930717338156,0.726831367731
307.918,214.548,206.0,0.66948481468,0.930717338156,0.726831367731
307.92,212.628,206.0,0.66948481468,0.930717338156,0.726831367731
307.919,210.709,206.0,0.66948481468,0.930717338156,0.726831367731
307.926,208.791,206.0,0.66948481468,0.930717338156,0.726831367731
308.795,207.077,206.0,0.66948481468,0.930717338156,0.726831367731
308.811,205.163,206.0,0.66948481468,0.930717338156,0.726831367731
309.304,203.405,206.0,0.66948481468,0.930717338156,0.726831367731
310.304,201.818,206.0,0.66948481468,0.930717338156,0.726831367731
311.665,200.353,206.0,0.66948481468,0.930717338156,0.726831367731
313.243,198.962,206.0,0.66948481468,0.930717338156,0.726831367731
