326.11,203.48,209.0,0.66948481468,0.930717338156,0.726831367731
327.232,204.38,209.0,0.66948481468,0.930717338156,0.726831367731
328.985,205.263,209.0,0.66948481468,0.930717338156,0.726831367731
330.039,206.222,209.0,0.66948481468,0.930717338156,0.726831367731
331.366,207.717,209.0,0.66948481468,0.930717338156,0.726831367731
332.727,209.156,209.0,0.66948481468,0.930717338156,0.726831367731
334.317,209.844,209.0,0.66948481468,0.930717338156,0.726831367731
335.201,211.491,209.0,0.66948481468,0.930717338156,0.726831367731
336.555,212.893,209.0,0.66948481468,0.930717338156,0.726831367731
337.806,214.344,209.0,0.66948481468,0.930717338156,0.726831367731
338.398,216.185,209.0,0.66948481468,0.930717338156,0.726831367731
338.593,218.11,209.0,0.66948481468,0.930717338156,0.726831367731
339.593,219.662,209.0,0.66948481468,0.930717338156,0.726831367731
339.532,221.637,209.0,0.66948481468,0.930717338156,0.726831367731
340.105,223.643,209.0,0.66948481468,0.930717338156,0.726831367731
341.31,224.481,209.0,0.66948481468,0.930717338156,0.726831367731
341.333,226.452,209.0,0.66948481468,0.930717338156,0.726831367731
342.157,228.076,209.0,0.66948481468,0.930717338156,0.726831367731
343.142,229.635,209.0,0.66948481468,0.930717338156,0.726831367731
343.575,231.422,209.0,0.66948481468,0.930717338156,0.726831367731
345.364,232.648,209.0,0.66948481468,0.930717338156,0.726831367731
345.786,234.44,209.0,0.66948481468,0.930717338156,0.726831367731
346.569,236.082,209.0,0.66948481468,0.930717338156,0.726831367731
348.119,237.407,209.0,0.66948481468,0.930717338156,0.726831367731
348.758,239.108,209.0,0.66948481468,0.930717338156,0.726831367731
349.467,240.781,209.0,0.66948481468,0.930717338156,0.726831367731
350.023,242.517,209.0,0.66948481468,0.930717338156,0.726831367731
350.993,244.082,209.0,0.66948481468,0.930717338156,0.726831367731
350.909,246.084,209.0,0.66948481468,0.930717338156,0.726831367731
351.882,247.647,209.0,0.66948481468,0.930717338156,0.726831367731
351.835,249.634,209.0,0.66948481468,0.930717338156,0.726831367731
351.83,251.602,209.0,0.66948481468,0.930717338156,0.726831367731
351.831,253.569,209.0,0.66948481468,0.930717338156,0.726831367731
351.831,255.535,209.0,0.66948481468,0.930717338156,0.726831367731
351.831,257.502,209.0,0.66948481468,0.930717338156,0.726831367731
351.831,259.468,209.0,0.66948481468,0.930717338156,0.726831367731
351.831,261.435,209.0,0.66948481468,0.930717338156,0.726831367731
351.831,263.402,209.0,0.66948481468,0.930717338156,0.726831367731
351.83,265.368,209.0,0.66948481468,0.930717338156,0.726831367731
351.826,267.336,209.0,0.66948481468,0.930717338156,0.726831367731
351.796,269.316,209.0,0.66948481468,0.930717338156,0.726831367731
352.741,270.891,209.0,0.66948481468,0.930717338156,0.726831367731
352.588,272.921,209.0,0.66948481468,0.930717338156,0.726831367731
353.48,274.518,209.0,0.66948481468,0.930717338156,0.726831367731
353.588,276.44,209.0,0.66948481468,0.930717338156,0.726831367731
354.496,278.03,209.0,0.66948481468,0.930717338156,0.726831367731
355.165,279.719,209.0,0.66948481468,0.930717338156,0.726831367731
355.325,281.617,209.0,0.66948481468,0.930717338156,0.726831367731
356.198,283.378,209.0,0.66948481468,0.930717338156,0.726831367731
356.279,285.315,209.0,0.66948481468,0.930717338156,0.726831367731
357.104,286.94,209.0,0.66948481468,0.930717338156,0.726831367731
357.099,288.908,209.0,0.66948481468,0.930717338156,0.726831367731
357.1,290.874,209.0,0.66948481468,0.930717338156,0.726831367731
357.1,292.841,209.0,0.66948481468,0.930717338156,0.726831367731
357.1,294.808,209.0,0.66948481468,0.930717338156,0.726831367731
357.1,296.774,209.0,0.66948481468,0.930717338156,0.726831367731
357.1,298.741,209.0,0.66948481468,0.930717338156,0.726831367731
357.1,300.707,209.0,0.66948481468,0.930717338156,0.726831367731
357.1,302.674,209.0,0.66948481468,0.930717338156,0.726831367731
357.1,304.641,209.0,0.66948481468,0.930717338156,0.726831367731
357.105,306.612,209.0,0.66948481468,0.930717338156,0.726831367731
357.194,308.668,209.0,0.66948481468,0.930717338156,0.726831367731
356.19,309.63,209.0,0.66948481468,0.930717338156,0.726831367731
356.234,311.641,209.0,0.66948481468,0.930717338156,0.726831367731
355.242,312.621,209.0,0.66948481468,0.930717338156,0.726831367731
355.021,314.549,209.0,0.66948481468,0.930717338156,0.726831367731
354.556,316.368,209.0,0.66948481468,0.930717338156,0.726831367731
353.595,317.392,209.0,0.66948481468,0.930717338156,0.726831367731
352.154,318.231,209.0,0.66948481468,0.930717338156,0.726831367731
350.351,318.581,209.0,0.66948481468,0.930717338156,0.726831367731
348.39,318.592,209.0,0.66948481468,0.930717338156,0.726831367731
346.424,318.592,209.0,0.66948481468,0.930717338156,0.726831367731
344.463,318.579,209.0,0.66948481468,0.930717338156,0.726831367731
342.681,318.178,209.0,0.66948481468,0.930717338156,0.726831367731
341.25,317.382,209.0,0.66948481468,0.930717338156,0.726831367731
340.21,315.784,209.0,0.66948481468,0.930717338156,0.726831367731
339.539,313.938,209.0,0.66948481468,0.930717338156,0.726831367731
339.335,312.035,209.0,0.66948481468,0.930717338156,0.726831367731
338.694,310.201,209.0,0.66948481468,0.930717338156,0.726831367731
337.723,308.641,209.0,0.66948481468,0.930717338156,0.726831367731
337.834,306.629,209.0,0.66948481468,0.930717338156,0.726831367731
336.846,305.072,209.0,0.66948481468,0.930717338156,0.726831367731
336.983,303.048,209.0,0.66948481468,0.930717338156,0.726831367731
336.304,301.363,209.0,0.66948481468,0.930717338156,0.726831367731
336.086,299.487,209.0,0.66948481468,0.930717338156,0.726831367731
335.098,297.929,209.0,0.66948481468,0.930717338156,0.726831367731
335.176,295.931,209.0,0.66948481468,0.930717338156,0.726831367731
333.784,294.54,209.0,0.66948481468,0.930717338156,0.726831367731
333.488,292.697,209.0,0.66948481468,0.930717338156,0.726831367731
332.482,291.147,209.0,0.66948481468,0.930717338156,0.726831367731
331.565,289.56,209.0,0.66948481468,0.930717338156,0.726831367731
330.221,288.15,209.0,0.66948481468,0.930717338156,0.726831367731
328.996,286.691,209.0,0.66948481468,0.930717338156,0.726831367731
328.09,285.1,209.0,0.66948481468,0.930717338156,0.726831367731
327.261,283.476,209.0,0.66948481468,0.930717338156,0.726831367731
326.393,281.869,209.0,0.66948481468,0.930717338156,0.726831367731
325.416,280.307,209.0,0.66948481468,0.930717338156,0.726831367731
324.928,278.543,209.0,0.66948481468,0.930717338156,0.726831367731
324.673,276.682,209.0,0.66948481468,0.930717338156,0.726831367731
323.669,275.131,209.0,0.66948481468,0.930717338156,0.726831367731
323.779,273.121,209.0,0.66948481468,0.930717338156,0.726831367731
323.728,271.173,209.0,0.66948481468,0.930717338156,0.726831367731
323.634,269.172,209.0,0.66948481468,0.930717338156,0.726831367731
324.414,267.462,209.0,0.66948481468,0.930717338156,0.726831367731
324.399,265.253,209.0,0.66948481468,0.930717338156,0.726831367731
325.483,264.422,209.0,0.66948481468,0.930717338156,0.726831367731
326.421,262.82,209.0,0.66948481468,0.930717338156,0.726831367731
326.609,260.827,209.0,0.66948481468,0.930717338156,0.726831367731
327.709,259.115,209.0,0.66948481468,0.930717338156,0.726831367731
328.086,257.225,209.0,0.66948481468,0.930717338156,0.726831367731
329.035,255.652,209.0,0.66948481468,0.930717338156,0.726831367731
328.998,253.67,209.0,0.66948481468,0.930717338156,0.726831367731
328.997,251.704,209.0,0.66948481468,0.930717338156,0.726831367731
328.996,249.738,209.0,0.66948481468,0.930717338156,0.726831367731
328.987,247.775,209.0,0.66948481468,0.930717338156,0.726831367731
328.543,245.992,209.0,0.66948481468,0.930717338156,0.726831367731
327.24,244.565,209.0,0.66948481468,0.930717338156,0.726831367731
326.338,242.972,209.0,0.66948481468,0.930717338156,0.726831367731
325.528,241.341,209.0,0.66948481468,0.930717338156,0.726831367731
324.098,239.967,209.0,0.66948481468,0.930717338156,0.726831367731
322.737,238.564,209.0,0.66948481468,0.930717338156,0.726831367731
321.347,237.173,209.0,0.66948481468,0.930717338156,0.726831367731
319.956,235.783,209.0,0.66948481468,0.930717338156,0.726831367731
318.566,234.391,209.0,0.66948481468,0.930717338156,0.726831367731
317.187,232.989,209.0,0.66948481468,0.930717338156,0.726831367731
315.798,231.596,209.0,0.66948481468,0.930717338156,0.726831367731
314.885,229.89,209.0,0.66948481468,0.930717338156,0.726831367731
313.994,228.756,209.0,0.66948481468,0.930717338156,0.726831367731
312.372,227.504,209.0,0.66948481468,0.930717338156,0.726831367731
311.461,226.392,209.0,0.66948481468,0.930717338156,0.726831367731
311.289,224.597,209.0,0.66948481468,0.930717338156,0.726831367731
310.663,223.256,209.0,0.66948481468,0.930717338156,0.726831367731
309.616,222.336,209.0,0.66948481468,0.930717338156,0.726831367731
309.676,220.31,209.0,0.66948481468,0.930717338156,0.726831367731
309.677,218.342,209.0,0.66948481468,0.930717338156,0.726831367731
309.677,216.376,209.0,0.66948481468,0.930717338156,0.726831367731
309.676,214.408,209.0,0.66948481468,0.930717338156,0.726831367731
309.673,212.439,209.0,0.66948481468,0.930717338156,0.726831367731
309.75,210.549,209.0,0.66948481468,0.930717338156,0.726831367731
310.521,209.355,209.0,0.66948481468,0.930717338156,0.726831367731
310.875,207.67,209.0,0.66948481468,0.930717338156,0.726831367731
311.766,206.334,209.0,0.66948481468,0.930717338156,0.726831367731
313.11,205.284,209.0,0.66948481468,0.930717338156,0.726831367731
314.837,204.478,209.0,0.66948481468,0.930717338156,0.726831367731
316.878,203.87,209.0,0.66948481468,0.930717338156,0.726831367731
319.163,203.417,209.0,0.66948481468,0.930717338156,0.726831367731
321.622,203.074,209.0,0.66948481468,0.930717338156,0.726831367731
324.185,202.797,209.0,0.66948481468,0.930717338156,0.726831367731
