331.832,205.23,213.0,0.66948481468,0.930717338156,0.726831367731
330.077,205.873,213.0,0.66948481468,0.930717338156,0.726831367731
328.56,207.082,213.0,0.66948481468,0.930717338156,0.726831367731
326.66,207.705,213.0,0.66948481468,0.930717338156,0.726831367731
325.248,209.195,213.0,0.66948481468,0.930717338156,0.726831367731
323.698,209.972,213.0,0.66948481468,0.930717338156,0.726831367731
322.153,210.456,213.0,0.66948481468,0.930717338156,0.726831367731
321.115,211.442,213.0,0.66948481468,0.930717338156,0.726831367731
320.358,213.114,213.0,0.66948481468,0.930717338156,0.726831367731
318.244,213.346,213.0,0.66948481468,0.930717338156,0.726831367731
316.744,214.8,213.0,0.66948481468,0.930717338156,0.726831367731
315.773,215.888,213.0,0.66948481468,0.930717338156,0.726831367731
315.753,217.969,213.0,0.66948481468,0.930717338156,0.726831367731
316.316,219.782,213.0,0.66948481468,0.930717338156,0.726831367731
316.967,221.531,213.0,0.66948481468,0.930717338156,0.726831367731
318.504,222.916,213.0,0.66948481468,0.930717338156,0.726831367731
319.942,224.343,213.0,0.66948481468,0.930717338156,0.726831367731
321.405,225.758,213.0,0.66948481468,0.930717338156,0.726831367731
322.046,227.517,213.0,0.66948481468,0.930717338156,0.726831367731
321.981,229.574,213.0,0.66948481468,0.930717338156,0.726831367731
322.006,231.624,213.0,0.66948481468,0.930717338156,0.726831367731
321.109,232.754,213.0,0.66948481468,0.930717338156,0.726831367731
320.808,234.64,213.0,0.66948481468,0.930717338156,0.726831367731
320.134,236.381,213.0,0.66948481468,0.930717338156,0.726831367731
320.214,238.435,213.0,0.66948481468,0.930717338156,0.726831367731
320.213,240.46,213.0,0.66948481468,0.930717338156,0.726831367731
321.06,242.131,213.0,0.66948481468,0.930717338156,0.726831367731
321.198,244.096,213.0,0.66948481468,0.930717338156,0.726831367731
321.948,245.807,213.0,0.66948481468,0.930717338156,0.726831367731
322.849,247.456,213.0,0.66948481468,0.930717338156,0.726831367731
322.819,249.491,213.0,0.66948481468,0.930717338156,0.726831367731
323.772,251.118,213.0,0.66948481468,0.930717338156,0.726831367731
323.683,253.177,213.0,0.66948481468,0.930717338156,0.726831367731
324.73,254.766,213.0,0.66948481468,0.930717338156,0.726831367731
324.597,256.843,213.0,0.66948481468,0.930717338156,0.726831367731
324.607,258.861,213.0,0.66948481468,0.930717338156,0.726831367731
324.762,260.947,213.0,0.66948481468,0.930717338156,0.726831367731
323.693,262.525,213.0,0.66948481468,0.930717338156,0.726831367731
323.293,264.495,213.0,0.66948481468,0.930717338156,0.726831367731
321.897,265.988,213.0,0.66948481468,0.930717338156,0.726831367731
321.073,267.825,213.0,0.66948481468,0.930717338156,0.726831367731
320.808,269.734,213.0,0.66948481468,0.930717338156,0.726831367731
320.231,271.517,213.0,0.66948481468,0.930717338156,0.726831367731
320.216,273.533,213.0,0.66948481468,0.930717338156,0.726831367731
320.215,275.555,213.0,0.66948481468,0.930717338156,0.726831367731
320.189,277.588,213.0,0.66948481468,0.930717338156,0.726831367731
321.247,279.171,213.0,0.66948481468,0.930717338156,0.726831367731
321.989,280.886,213.0,0.66948481468,0.930717338156,0.726831367731
323.437,282.309,213.0,0.66948481468,0.930717338156,0.726831367731
324.615,283.843,213.0,0.66948481468,0.930717338156,0.726831367731
325.726,285.405,213.0,0.66948481468,0.930717338156,0.726831367731
327.123,286.848,213.0,0.66948481468,0.930717338156,0.726831367731
328.554,288.278,213.0,0.66948481468,0.930717338156,0.726831367731
329.997,289.702,213.0,0.66948481468,0.930717338156,0.726831367731
330.762,291.407,213.0,0.66948481468,0.930717338156,0.726831367731
332.336,292.776,213.0,0.66948481468,0.930717338156,0.726831367731
332.935,294.542,213.0,0.66948481468,0.930717338156,0.726831367731
334.221,296.17,213.0,0.66948481468,0.930717338156,0.726831367731
334.679,298.027,213.0,0.66948481468,0.930717338156,0.726831367731
336.215,299.415,213.0,0.66948481468,0.930717338156,0.726831367731
336.955,301.131,213.0,0.66948481468,0.930717338156,0.726831367731
337.784,302.81,213.0,0.66948481468,0.930717338156,0.726831367731
339.287,304.201,213.0,0.66948481468,0.930717338156,0.726831367731
340.176,305.997,213.0,0.66948481468,0.930717338156,0.726831367731
341.303,307.573,213.0,0.66948481468,0.930717338156,0.726831367731
342.467,309.115,213.0,0.66948481468,0.930717338156,0.726831367731
343.155,310.852,213.0,0.66948481468,0.930717338156,0.726831367731
343.967,312.539,213.0,0.66948481468,0.930717338156,0.726831367731
344.804,314.215,213.0,0.66948481468,0.930717338156,0.726831367731
345.747,315.968,213.0,0.66948481468,0.930717338156,0.726831367731
347.437,316.803,213.0,0.66948481468,0.930717338156,0.726831367731
348.53,317.819,213.0,0.66948481468,0.930717338156,0.726831367731
350.219,318.578,213.0,0.66948481468,0.930717338156,0.726831367731
352.244,318.648,213.0,0.66948481468,0.930717338156,0.726831367731
354.094,317.942,213.0,0.66948481468,0.930717338156,0.726831367731
355.632,316.547,213.0,0.66948481468,0.930717338156,0.726831367731
357.062,315.12,213.0,0.66948481468,0.930717338156,0.726831367731
358.601,313.736,213.0,0.66948481468,0.930717338156,0.726831367731
359.277,311.994,213.0,0.66948481468,0.930717338156,0.726831367731
359.668,310.134,213.0,0.66948481468,0.930717338156,0.726831367731
360.768,308.567,213.0,0.66948481468,0.930717338156,0.726831367731
360.556,306.457,213.0,0.66948481468,0.930717338156,0.726831367731
361.527,304.837,213.0,0.66948481468,0.930717338156,0.726831367731
361.491,302.8,213.0,0.66948481468,0.930717338156,0.726831367731
361.468,300.773,213.0,0.66948481468,0.930717338156,0.726831367731
361.704,298.806,213.0,0.66948481468,0.930717338156,0.726831367731
362.39,296.946,213.0,0.66948481468,0.930717338156,0.726831367731
362.735,295.005,213.0,0.66948481468,0.930717338156,0.726831367731
363.246,293.104,213.0,0.66948481468,0.930717338156,0.726831367731
363.247,291.082,213.0,0.66948481468,0.930717338156,0.726831367731
363.247,289.06,213.0,0.66948481468,0.930717338156,0.726831367731
363.247,287.038,213.0,0.66948481468,0.930717338156,0.726831367731
363.245,285.017,213.0,0.66948481468,0.930717338156,0.726831367731
363.236,282.998,213.0,0.66948481468,0.930717338156,0.726831367731
362.797,281.158,213.0,0.66948481468,0.930717338156,0.726831367731
361.302,279.755,213.0,0.66948481468,0.930717338156,0.726831367731
359.867,278.326,213.0,0.66948481468,0.930717338156,0.726831367731
358.456,276.872,213.0,0.66948481468,0.930717338156,0.726831367731
356.734,275.845,213.0,0.66948481468,0.930717338156,0.726831367731
355.211,274.544,213.0,0.66948481468,0.930717338156,0.726831367731
353.804,273.109,213.0,0.66948481468,0.930717338156,0.726831367731
352.731,271.531,213.0,0.66948481468,0.930717338156,0.726831367731
351.772,269.906,213.0,0.66948481468,0.930717338156,0.726831367731
351.828,267.86,213.0,0.66948481468,0.930717338156,0.726831367731
351.83,265.837,213.0,0.66948481468,0.930717338156,0.726831367731
351.831,263.815,213.0,0.66948481468,0.930717338156,0.726831367731
351.831,261.793,213.0,0.66948481468,0.930717338156,0.726831367731
351.831,259.771,213.0,0.66948481468,0.930717338156,0.726831367731
351.831,257.749,213.0,0.66948481468,0.930717338156,0.726831367731
351.831,255.727,213.0,0.66948481468,0.930717338156,0.726831367731
351.831,253.704,213.0,0.66948481468,0.930717338156,0.726831367731
351.83,251.682,213.0,0.66948481468,0.930717338156,0.726831367731
351.824,249.662,213.0,0.66948481468,0.930717338156,0.726831367731
351.559,247.701,213.0,0.66948481468,0.930717338156,0.726831367731
350.935,245.829,213.0,0.66948481468,0.930717338156,0.726831367731
350.197,244.114,213.0,0.66948481468,0.930717338156,0.726831367731
350.052,242.152,213.0,0.66948481468,0.930717338156,0.726831367731
349.208,240.479,213.0,0.66948481468,0.930717338156,0.726831367731
348.317,238.83,213.0,0.66948481468,0.930717338156,0.726831367731
347.452,237.01,213.0,0.66948481468,0.930717338156,0.726831367731
346.668,235.309,213.0,0.66948481468,0.930717338156,0.726831367731
346.523,233.347,213.0,0.66948481468,0.930717338156,0.726831367731
345.689,231.67,213.0,0.66948481468,0.930717338156,0.726831367731
344.815,230.009,213.0,0.66948481468,0.930717338156,0.726831367731
343.435,228.511,213.0,0.66948481468,0.930717338156,0.726831367731
343.089,226.522,213.0,0.66948481468,0.930717338156,0.726831367731
342.12,224.903,213.0,0.66948481468,0.930717338156,0.726831367731
341.504,223.137,213.0,0.66948481468,0.930717338156,0.726831367731
341.287,221.204,213.0,0.66948481468,0.930717338156,0.726831367731
340.515,219.502,213.0,0.66948481468,0.930717338156,0.726831367731
340.53,217.464,213.0,0.66948481468,0.930717338156,0.726831367731
340.43,215.427,213.0,0.66948481468,0.930717338156,0.726831367731
339.915,213.518,213.0,0.66948481468,0.930717338156,0.726831367731
339.048,211.718,213.0,0.66948481468,0.930717338156,0.726831367731
337.894,210.005,213.0,0.66948481468,0.930717338156,0.726831367731
336.516,208.362,213.0,0.66948481468,0.930717338156,0.726831367731
334.977,206.768,213.0,0.66948481468,0.930717338156,0.726831367731
333.343,205.204,213.0,0.66948481468,0.930717338156,0.726831367731
