330.887,208.572,218.0,0.116322335361,0.384937217593,0.220209747943
329.538,210.175,218.0,0.116322335361,0.384937217593,0.220209747943
327.773,210.777,218.0,0.116322335361,0.384937217593,0.220209747943
326.39,212.3,218.0,0.116322335361,0.384937217593,0.220209747943
324.773,213.237,218.0,0.116322335361,0.384937217593,0.220209747943
323.743,214.209,218.0,0.116322335361,0.384937217593,0.220209747943
323.321,216.139,218.0,0.116322335361,0.384937217593,0.220209747943
321.957,217.647,218.0,0.116322335361,0.384937217593,0.220209747943
321.969,219.666,218.0,0.116322335361,0.384937217593,0.220209747943
321.972,221.681,218.0,0.116322335361,0.384937217593,0.220209747943
321.974,223.695,218.0,0.116322335361,0.384937217593,0.220209747943
322.511,225.574,218.0,0.116322335361,0.384937217593,0.220209747943
322.982,227.459,218.0,0.116322335361,0.384937217593,0.220209747943
323.697,229.178,218.0,0.116322335361,0.384937217593,0.220209747943
324.622,230.809,218.0,0.116322335361,0.384937217593,0.220209747943
324.61,232.828,218.0,0.116322335361,0.384937217593,0.220209747943
324.607,234.843,218.0,0.116322335361,0.384937217593,0.220209747943
324.606,236.857,218.0,0.116322335361,0.384937217593,0.220209747943
324.606,238.87,218.0,0.116322335361,0.384937217593,0.220209747943
324.592,240.878,218.0,0.116322335361,0.384937217593,0.220209747943
324.092,242.684,218.0,0.116322335361,0.384937217593,0.220209747943
323.743,244.55,218.0,0.116322335361,0.384937217593,0.220209747943
323.421,246.578,218.0,0.116322335361,0.384937217593,0.220209747943
322.092,248.122,218.0,0.116322335361,0.384937217593,0.220209747943
321.972,250.083,218.0,0.116322335361,0.384937217593,0.220209747943
321.834,252.04,218.0,0.116322335361,0.384937217593,0.220209747943
321.105,253.751,218.0,0.116322335361,0.384937217593,0.220209747943
321.096,255.762,218.0,0.116322335361,0.384937217593,0.220209747943
321.093,257.774,218.0,0.116322335361,0.384937217593,0.220209747943
321.094,259.788,218.0,0.116322335361,0.384937217593,0.220209747943
321.093,261.802,218.0,0.116322335361,0.384937217593,0.220209747943
321.09,263.816,218.0,0.116322335361,0.384937217593,0.220209747943
321.112,265.825,218.0,0.116322335361,0.384937217593,0.220209747943
320.969,267.873,218.0,0.116322335361,0.384937217593,0.220209747943
320.96,269.888,218.0,0.116322335361,0.384937217593,0.220209747943
321.866,271.689,218.0,0.116322335361,0.384937217593,0.220209747943
321.949,273.682,218.0,0.116322335361,0.384937217593,0.220209747943
322.831,275.489,218.0,0.116322335361,0.384937217593,0.220209747943
322.944,277.459,218.0,0.116322335361,0.384937217593,0.220209747943
323.714,279.154,218.0,0.116322335361,0.384937217593,0.220209747943
324.585,280.805,218.0,0.116322335361,0.384937217593,0.220209747943
325.497,282.599,218.0,0.116322335361,0.384937217593,0.220209747943
326.353,284.258,218.0,0.116322335361,0.384937217593,0.220209747943
327.852,285.651,218.0,0.116322335361,0.384937217593,0.220209747943
328.433,287.424,218.0,0.116322335361,0.384937217593,0.220209747943
329.964,288.804,218.0,0.116322335361,0.384937217593,0.220209747943
330.754,290.49,218.0,0.116322335361,0.384937217593,0.220209747943
332.319,291.856,218.0,0.116322335361,0.384937217593,0.220209747943
332.999,293.588,218.0,0.116322335361,0.384937217593,0.220209747943
333.772,295.282,218.0,0.116322335361,0.384937217593,0.220209747943
334.549,296.974,218.0,0.116322335361,0.384937217593,0.220209747943
335.278,298.686,218.0,0.116322335361,0.384937217593,0.220209747943
336.833,300.05,218.0,0.116322335361,0.384937217593,0.220209747943
337.741,301.846,218.0,0.116322335361,0.384937217593,0.220209747943
339.262,303.231,218.0,0.116322335361,0.384937217593,0.220209747943
339.852,305.002,218.0,0.116322335361,0.384937217593,0.220209747943
341.37,306.387,218.0,0.116322335361,0.384937217593,0.220209747943
342.903,307.766,218.0,0.116322335361,0.384937217593,0.220209747943
343.517,309.525,218.0,0.116322335361,0.384937217593,0.220209747943
345.098,310.884,218.0,0.116322335361,0.384937217593,0.220209747943
346.435,312.344,218.0,0.116322335361,0.384937217593,0.220209747943
347.425,313.947,218.0,0.116322335361,0.384937217593,0.220209747943
348.724,315.402,218.0,0.116322335361,0.384937217593,0.220209747943
350.12,316.839,218.0,0.116322335361,0.384937217593,0.220209747943
351.049,317.859,218.0,0.116322335361,0.384937217593,0.220209747943
353.009,316.564,218.0,0.116322335361,0.384937217593,0.220209747943
354.366,315.152,218.0,0.116322335361,0.384937217593,0.220209747943
356.168,314.242,218.0,0.116322335361,0.384937217593,0.220209747943
357.704,312.868,218.0,0.116322335361,0.384937217593,0.220209747943
358.398,311.146,218.0,0.116322335361,0.384937217593,0.220209747943
359.151,309.444,218.0,0.116322335361,0.384937217593,0.220209747943
359.665,307.643,218.0,0.116322335361,0.384937217593,0.220209747943
360.631,306.03,218.0,0.116322335361,0.384937217593,0.220209747943
361.546,304.395,218.0,0.116322335361,0.384937217593,0.220209747943
361.788,302.481,218.0,0.116322335361,0.384937217593,0.220209747943
362.536,300.777,218.0,0.116322335361,0.384937217593,0.220209747943
363.222,299.048,218.0,0.116322335361,0.384937217593,0.220209747943
363.251,297.046,218.0,0.116322335361,0.384937217593,0.220209747943
363.247,295.03,218.0,0.116322335361,0.384937217593,0.220209747943
363.247,293.017,218.0,0.116322335361,0.384937217593,0.220209747943
363.251,291.001,218.0,0.116322335361,0.384937217593,0.220209747943
363.356,288.944,218.0,0.116322335361,0.384937217593,0.220209747943
362.549,287.265,218.0,0.116322335361,0.384937217593,0.220209747943
361.8,285.561,218.0,0.116322335361,0.384937217593,0.220209747943
361.148,283.817,218.0,0.116322335361,0.384937217593,0.220209747943
359.728,282.392,218.0,0.116322335361,0.384937217593,0.220209747943
358.827,280.752,218.0,0.116322335361,0.384937217593,0.220209747943
358.518,278.765,218.0,0.116322335361,0.384937217593,0.220209747943
357.095,277.285,218.0,0.116322335361,0.384937217593,0.220209747943
356.247,275.622,218.0,0.116322335361,0.384937217593,0.220209747943
355.426,273.949,218.0,0.116322335361,0.384937217593,0.220209747943
354.643,272.259,218.0,0.116322335361,0.384937217593,0.220209747943
354.471,270.317,218.0,0.116322335361,0.384937217593,0.220209747943
353.583,268.513,218.0,0.116322335361,0.384937217593,0.220209747943
353.585,266.499,218.0,0.116322335361,0.384937217593,0.220209747943
353.587,264.485,218.0,0.116322335361,0.384937217593,0.220209747943
353.587,262.471,218.0,0.116322335361,0.384937217593,0.220209747943
353.587,260.457,218.0,0.116322335361,0.384937217593,0.220209747943
353.587,258.443,218.0,0.116322335361,0.384937217593,0.220209747943
353.59,256.428,218.0,0.116322335361,0.384937217593,0.220209747943
353.557,254.428,218.0,0.116322335361,0.384937217593,0.220209747943
352.705,252.768,218.0,0.116322335361,0.384937217593,0.220209747943
352.653,250.765,218.0,0.116322335361,0.384937217593,0.220209747943
351.791,248.957,218.0,0.116322335361,0.384937217593,0.220209747943
351.475,247.079,218.0,0.116322335361,0.384937217593,0.220209747943
351.021,245.254,218.0,0.116322335361,0.384937217593,0.220209747943
350.017,243.656,218.0,0.116322335361,0.384937217593,0.220209747943
350.071,241.62,218.0,0.116322335361,0.384937217593,0.220209747943
350.074,239.604,218.0,0.116322335361,0.384937217593,0.220209747943
350.074,237.591,218.0,0.116322335361,0.384937217593,0.220209747943
350.074,235.577,218.0,0.116322335361,0.384937217593,0.220209747943
350.074,233.563,218.0,0.116322335361,0.384937217593,0.220209747943
350.075,231.549,218.0,0.116322335361,0.384937217593,0.220209747943
350.059,229.543,218.0,0.116322335361,0.384937217593,0.220209747943
349.601,227.74,218.0,0.116322335361,0.384937217593,0.220209747943
348.677,226.393,218.0,0.116322335361,0.384937217593,0.220209747943
347.899,224.892,218.0,0.116322335361,0.384937217593,0.220209747943
346.534,223.464,218.0,0.116322335361,0.384937217593,0.220209747943
346.023,221.54,218.0,0.116322335361,0.384937217593,0.220209747943
344.601,220.08,218.0,0.116322335361,0.384937217593,0.220209747943
343.935,218.34,218.0,0.116322335361,0.384937217593,0.220209747943
343.933,216.327,218.0,0.116322335361,0.384937217593,0.220209747943
343.675,214.453,218.0,0.116322335361,0.384937217593,0.220209747943
342.827,212.902,218.0,0.116322335361,0.384937217593,0.220209747943
341.477,211.625,218.0,0.116322335361,0.384937217593,0.220209747943
339.716,210.573,218.0,0.116322335361,0.384937217593,0.220209747943
337.634,209.695,218.0,0.116322335361,0.384937217593,0.220209747943
335.325,208.943,218.0,0.116322335361,0.384937217593,0.220209747943
332.878,208.265,218.0,0.116322335361,0.384937217593,0.220209747943
