341.248,222.857,221.0,0.66948481468,0.930717338156,0.726831367731
340.487,221.256,221.0,0.66948481468,0.930717338156,0.726831367731
339.548,220.389,221.0,0.66948481468,0.930717338156,0.726831367731
338.691,218.833,221.0,0.66948481468,0.930717338156,0.726831367731
337.688,218.014,221.0,0.66948481468,0.930717338156,0.726831367731
337.309,216.312,221.0,0.66948481468,0.930717338156,0.726831367731
337.074,214.386,221.0,0.66948481468,0.930717338156,0.726831367731
336.034,213.63,221.0,0.66948481468,0.930717338156,0.726831367731
335.14,212.679,221.0,0.66948481468,0.930717338156,0.726831367731
333.632,212.317,221.0,0.66948481468,0.930717338156,0.726831367731
332.55,213.627,221.0,0.66948481468,0.930717338156,0.726831367731
331.594,214.448,221.0,0.66948481468,0.930717338156,0.726831367731
330.726,215.983,221.0,0.66948481468,0.930717338156,0.726831367731
329.941,217.505,221.0,0.66948481468,0.930717338156,0.726831367731
329.888,219.327,221.0,0.66948481468,0.930717338156,0.726831367731
328.848,220.74,221.0,0.66948481468,0.930717338156,0.726831367731
329.005,222.649,221.0,0.66948481468,0.930717338156,0.726831367731
328.998,224.49,221.0,0.66948481468,0.930717338156,0.726831367731
328.997,226.333,221.0,0.66948481468,0.930717338156,0.726831367731
328.997,228.177,221.0,0.66948481468,0.930717338156,0.726831367731
328.997,230.021,221.0,0.66948481468,0.930717338156,0.726831367731
328.997,231.865,221.0,0.66948481468,0.930717338156,0.726831367731
328.997,233.709,221.0,0.66948481468,0.930717338156,0.726831367731
328.997,235.553,221.0,0.66948481468,0.930717338156,0.726831367731
328.997,237.397,221.0,0.66948481468,0.930717338156,0.726831367731
328.996,239.241,221.0,0.66948481468,0.930717338156,0.726831367731
329.003,241.088,221.0,0.66948481468,0.930717338156,0.726831367731
329.119,242.98,221.0,0.66948481468,0.930717338156,0.726831367731
328.363,244.511,221.0,0.66948481468,0.930717338156,0.726831367731
328.133,246.26,221.0,0.66948481468,0.930717338156,0.726831367731
328.168,248.118,221.0,0.66948481468,0.930717338156,0.726831367731
327.091,249.516,221.0,0.66948481468,0.930717338156,0.726831367731
327.363,251.473,221.0,0.66948481468,0.930717338156,0.726831367731
326.833,253.097,221.0,0.66948481468,0.930717338156,0.726831367731
326.367,254.748,221.0,0.66948481468,0.930717338156,0.726831367731
326.151,256.502,221.0,0.66948481468,0.930717338156,0.726831367731
325.489,258.072,221.0,0.66948481468,0.930717338156,0.726831367731
325.411,259.884,221.0,0.66948481468,0.930717338156,0.726831367731
324.465,261.336,221.0,0.66948481468,0.930717338156,0.726831367731
324.604,263.238,221.0,0.66948481468,0.930717338156,0.726831367731
323.906,264.792,221.0,0.66948481468,0.930717338156,0.726831367731
323.736,266.566,221.0,0.66948481468,0.930717338156,0.726831367731
323.73,268.407,221.0,0.66948481468,0.930717338156,0.726831367731
323.735,270.252,221.0,0.66948481468,0.930717338156,0.726831367731
322.89,271.897,221.0,0.66948481468,0.930717338156,0.726831367731
322.849,273.732,221.0,0.66948481468,0.930717338156,0.726831367731
322.856,275.573,221.0,0.66948481468,0.930717338156,0.726831367731
323.779,277.035,221.0,0.66948481468,0.930717338156,0.726831367731
324.257,278.683,221.0,0.66948481468,0.930717338156,0.726831367731
324.73,280.354,221.0,0.66948481468,0.930717338156,0.726831367731
325.468,282.028,221.0,0.66948481468,0.930717338156,0.726831367731
326.371,283.493,221.0,0.66948481468,0.930717338156,0.726831367731
327.092,285.038,221.0,0.66948481468,0.930717338156,0.726831367731
327.192,286.841,221.0,0.66948481468,0.930717338156,0.726831367731
328.181,288.277,221.0,0.66948481468,0.930717338156,0.726831367731
328.345,290.086,221.0,0.66948481468,0.930717338156,0.726831367731
328.969,291.799,221.0,0.66948481468,0.930717338156,0.726831367731
329.922,293.243,221.0,0.66948481468,0.930717338156,0.726831367731
330.011,295.049,221.0,0.66948481468,0.930717338156,0.726831367731
330.74,296.593,221.0,0.66948481468,0.930717338156,0.726831367731
331.599,298.133,221.0,0.66948481468,0.930717338156,0.726831367731
333.058,298.691,221.0,0.66948481468,0.930717338156,0.726831367731
333.353,300.698,221.0,0.66948481468,0.930717338156,0.726831367731
334.507,302.041,221.0,0.66948481468,0.930717338156,0.726831367731
335.126,303.65,221.0,0.66948481468,0.930717338156,0.726831367731
336.054,304.565,221.0,0.66948481468,0.930717338156,0.726831367731
336.929,305.563,221.0,0.66948481468,0.930717338156,0.726831367731
338.33,306.814,221.0,0.66948481468,0.930717338156,0.726831367731
339.603,308.143,221.0,0.66948481468,0.930717338156,0.726831367731
341.13,308.904,221.0,0.66948481468,0.930717338156,0.726831367731
342.552,309.892,221.0,0.66948481468,0.930717338156,0.726831367731
343.911,310.345,221.0,0.66948481468,0.930717338156,0.726831367731
345.425,310.672,221.0,0.66948481468,0.930717338156,0.726831367731
347.249,310.674,221.0,0.66948481468,0.930717338156,0.726831367731
348.853,310.097,221.0,0.66948481468,0.930717338156,0.726831367731
350.486,309.587,221.0,0.66948481468,0.930717338156,0.726831367731
351.709,308.089,221.0,0.66948481468,0.930717338156,0.726831367731
353.33,307.544,221.0,0.66948481468,0.930717338156,0.726831367731
354.626,306.202,221.0,0.66948481468,0.930717338156,0.726831367731
356.277,305.378,221.0,0.66948481468,0.930717338156,0.726831367731
357.578,304.062,221.0,0.66948481468,0.930717338156,0.726831367731
358.883,302.764,221.0,0.66948481468,0.930717338156,0.726831367731
359.718,301.266,221.0,0.66948481468,0.930717338156,0.726831367731
360.893,299.908,221.0,0.66948481468,0.930717338156,0.726831367731
362.166,298.589,221.0,0.66948481468,0.930717338156,0.726831367731
363.466,297.267,221.0,0.66948481468,0.930717338156,0.726831367731
364.109,295.548,221.0,0.66948481468,0.930717338156,0.726831367731
364.969,294.064,221.0,0.66948481468,0.930717338156,0.726831367731
365.004,292.234,221.0,0.66948481468,0.930717338156,0.726831367731
365.004,290.39,221.0,0.66948481468,0.930717338156,0.726831367731
365.003,288.547,221.0,0.66948481468,0.930717338156,0.726831367731
365.015,286.698,221.0,0.66948481468,0.930717338156,0.726831367731
365.055,284.837,221.0,0.66948481468,0.930717338156,0.726831367731
364.109,283.385,221.0,0.66948481468,0.930717338156,0.726831367731
363.335,281.861,221.0,0.66948481468,0.930717338156,0.726831367731
362.677,280.291,221.0,0.66948481468,0.930717338156,0.726831367731
362.131,278.679,221.0,0.66948481468,0.930717338156,0.726831367731
360.785,277.293,221.0,0.66948481468,0.930717338156,0.726831367731
360.581,275.471,221.0,0.66948481468,0.930717338156,0.726831367731
359.137,274.223,221.0,0.66948481468,0.930717338156,0.726831367731
358.924,272.468,221.0,0.66948481468,0.930717338156,0.726831367731
357.955,271.026,221.0,0.66948481468,0.930717338156,0.726831367731
357.168,269.505,221.0,0.66948481468,0.930717338156,0.726831367731
357.349,267.465,221.0,0.66948481468,0.930717338156,0.726831367731
356.195,266.753,221.0,0.66948481468,0.930717338156,0.726831367731
356.217,264.886,221.0,0.66948481468,0.930717338156,0.726831367731
356.221,263.039,221.0,0.66948481468,0.930717338156,0.726831367731
356.222,261.194,221.0,0.66948481468,0.930717338156,0.726831367731
356.222,259.35,221.0,0.66948481468,0.930717338156,0.726831367731
356.22,257.507,221.0,0.66948481468,0.930717338156,0.726831367731
356.206,255.668,221.0,0.66948481468,0.930717338156,0.726831367731
355.749,254.014,221.0,0.66948481468,0.930717338156,0.726831367731
355.397,252.316,221.0,0.66948481468,0.930717338156,0.726831367731
354.375,250.897,221.0,0.66948481468,0.930717338156,0.726831367731
353.127,249.514,221.0,0.66948481468,0.930717338156,0.726831367731
352.756,247.718,221.0,0.66948481468,0.930717338156,0.726831367731
351.759,246.29,221.0,0.66948481468,0.930717338156,0.726831367731
351.55,244.533,221.0,0.66948481468,0.930717338156,0.726831367731
350.898,242.959,221.0,0.66948481468,0.930717338156,0.726831367731
350.091,241.449,221.0,0.66948481468,0.930717338156,0.726831367731
349.048,240.037,221.0,0.66948481468,0.930717338156,0.726831367731
349.191,238.134,221.0,0.66948481468,0.930717338156,0.726831367731
348.749,236.473,221.0,0.66948481468,0.930717338156,0.726831367731
348.333,234.801,221.0,0.66948481468,0.930717338156,0.726831367731
348.321,232.963,221.0,0.66948481468,0.930717338156,0.726831367731
348.344,231.112,221.0,0.66948481468,0.930717338156,0.726831367731
347.636,229.456,221.0,0.66948481468,0.930717338156,0.726831367731
347.739,227.738,221.0,0.66948481468,0.930717338156,0.726831367731
348.725,226.597,221.0,0.66948481468,0.930717338156,0.726831367731
348.084,225.511,221.0,0.66948481468,0.930717338156,0.726831367731
346.211,224.445,221.0,0.66948481468,0.930717338156,0.726831367731
343.599,223.393,221.0,0.66948481468,0.930717338156,0.726831367731
