335.844,215.843,222.0,0.116322335361,0.384937217593,0.220209747943
333.729,215.844,222.0,0.116322335361,0.384937217593,0.220209747943
331.613,215.841,222.0,0.116322335361,0.384937217593,0.220209747943
329.865,216.727,222.0,0.116322335361,0.384937217593,0.220209747943
328.114,217.094,222.0,0.116322335361,0.384937217593,0.220209747943
326.779,218.017,222.0,0.116322335361,0.384937217593,0.220209747943
325.686,219.975,222.0,0.116322335361,0.384937217593,0.220209747943
325.485,221.989,222.0,0.116322335361,0.384937217593,0.220209747943
324.456,223.678,222.0,0.116322335361,0.384937217593,0.220209747943
324.632,225.866,222.0,0.116322335361,0.384937217593,0.220209747943
324.604,227.97,222.0,0.116322335361,0.384937217593,0.220209747943
324.606,230.086,222.0,0.116322335361,0.384937217593,0.220209747943
324.607,232.201,222.0,0.116322335361,0.384937217593,0.220209747943
324.607,234.316,222.0,0.116322335361,0.384937217593,0.220209747943
324.606,236.431,222.0,0.116322335361,0.384937217593,0.220209747943
324.606,238.546,222.0,0.116322335361,0.384937217593,0.220209747943
324.606,240.662,222.0,0.116322335361,0.384937217593,0.220209747943
324.606,242.777,222.0,0.116322335361,0.384937217593,0.220209747943
324.606,244.892,222.0,0.116322335361,0.384937217593,0.220209747943
324.606,247.007,222.0,0.116322335361,0.384937217593,0.220209747943
324.606,249.122,222.0,0.116322335361,0.384937217593,0.220209747943
324.602,251.236,222.0,0.116322335361,0.384937217593,0.220209747943
324.384,253.3,222.0,0.116322335361,0.384937217593,0.220209747943
323.643,255.241,222.0,0.116322335361,0.384937217593,0.220209747943
323.741,257.375,222.0,0.116322335361,0.384937217593,0.220209747943
323.737,259.5,222.0,0.116322335361,0.384937217593,0.220209747943
323.573,261.448,222.0,0.116322335361,0.384937217593,0.220209747943
323.876,263.869,222.0,0.116322335361,0.384937217593,0.220209747943
322.892,264.999,222.0,0.116322335361,0.384937217593,0.220209747943
322.844,267.066,222.0,0.116322335361,0.384937217593,0.220209747943
322.849,269.186,222.0,0.116322335361,0.384937217593,0.220209747943
322.85,271.303,222.0,0.116322335361,0.384937217593,0.220209747943
322.849,273.418,222.0,0.116322335361,0.384937217593,0.220209747943
322.849,275.533,222.0,0.116322335361,0.384937217593,0.220209747943
323.049,277.566,222.0,0.116322335361,0.384937217593,0.220209747943
323.722,279.402,222.0,0.116322335361,0.384937217593,0.220209747943
324.162,281.327,222.0,0.116322335361,0.384937217593,0.220209747943
325.264,283.125,222.0,0.116322335361,0.384937217593,0.220209747943
326.431,284.778,222.0,0.116322335361,0.384937217593,0.220209747943
326.868,286.716,222.0,0.116322335361,0.384937217593,0.220209747943
328.166,288.293,222.0,0.116322335361,0.384937217593,0.220209747943
328.618,290.221,222.0,0.116322335361,0.384937217593,0.220209747943
329.916,291.8,222.0,0.116322335361,0.384937217593,0.220209747943
330.066,293.91,222.0,0.116322335361,0.384937217593,0.220209747943
331.528,295.521,222.0,0.116322335361,0.384937217593,0.220209747943
332.356,297.29,222.0,0.116322335361,0.384937217593,0.220209747943
333.2,299.055,222.0,0.116322335361,0.384937217593,0.220209747943
333.419,301.08,222.0,0.116322335361,0.384937217593,0.220209747943
334.266,302.846,222.0,0.116322335361,0.384937217593,0.220209747943
335.291,304.699,222.0,0.116322335361,0.384937217593,0.220209747943
336.795,306.172,222.0,0.116322335361,0.384937217593,0.220209747943
338.482,307.204,222.0,0.116322335361,0.384937217593,0.220209747943
340.28,307.97,222.0,0.116322335361,0.384937217593,0.220209747943
342.359,308.058,222.0,0.116322335361,0.384937217593,0.220209747943
344.475,308.051,222.0,0.116322335361,0.384937217593,0.220209747943
346.592,308.057,222.0,0.116322335361,0.384937217593,0.220209747943
348.339,307.169,222.0,0.116322335361,0.384937217593,0.220209747943
350.087,306.281,222.0,0.116322335361,0.384937217593,0.220209747943
351.597,304.803,222.0,0.116322335361,0.384937217593,0.220209747943
353.257,303.45,222.0,0.116322335361,0.384937217593,0.220209747943
354.453,302.111,222.0,0.116322335361,0.384937217593,0.220209747943
355.968,300.642,222.0,0.116322335361,0.384937217593,0.220209747943
356.926,299.306,222.0,0.116322335361,0.384937217593,0.220209747943
357.865,297.679,222.0,0.116322335361,0.384937217593,0.220209747943
358.721,295.926,222.0,0.116322335361,0.384937217593,0.220209747943
358.93,293.898,222.0,0.116322335361,0.384937217593,0.220209747943
359.785,292.137,222.0,0.116322335361,0.384937217593,0.220209747943
360.602,290.36,222.0,0.116322335361,0.384937217593,0.220209747943
360.625,288.255,222.0,0.116322335361,0.384937217593,0.220209747943
361.207,286.382,222.0,0.116322335361,0.384937217593,0.220209747943
361.497,284.384,222.0,0.116322335361,0.384937217593,0.220209747943
361.3,282.346,222.0,0.116322335361,0.384937217593,0.220209747943
360.616,280.515,222.0,0.116322335361,0.384937217593,0.220209747943
360.113,278.608,222.0,0.116322335361,0.384937217593,0.220209747943
359.344,276.812,222.0,0.116322335361,0.384937217593,0.220209747943
358.37,275.1,222.0,0.116322335361,0.384937217593,0.220209747943
358.9,272.765,222.0,0.116322335361,0.384937217593,0.220209747943
358.486,270.822,222.0,0.116322335361,0.384937217593,0.220209747943
358.047,268.888,222.0,0.116322335361,0.384937217593,0.220209747943
357.042,267.188,222.0,0.116322335361,0.384937217593,0.220209747943
356.724,265.142,222.0,0.116322335361,0.384937217593,0.220209747943
356.225,263.143,222.0,0.116322335361,0.384937217593,0.220209747943
356.281,261.003,222.0,0.116322335361,0.384937217593,0.220209747943
355.291,259.298,222.0,0.116322335361,0.384937217593,0.220209747943
355.339,257.163,222.0,0.116322335361,0.384937217593,0.220209747943
354.486,255.401,222.0,0.116322335361,0.384937217593,0.220209747943
354.413,253.3,222.0,0.116322335361,0.384937217593,0.220209747943
353.181,251.546,222.0,0.116322335361,0.384937217593,0.220209747943
352.431,249.75,222.0,0.116322335361,0.384937217593,0.220209747943
351.883,247.862,222.0,0.116322335361,0.384937217593,0.220209747943
350.537,246.305,222.0,0.116322335361,0.384937217593,0.220209747943
349.826,244.484,222.0,0.116322335361,0.384937217593,0.220209747943
349.124,242.66,222.0,0.116322335361,0.384937217593,0.220209747943
349.195,240.515,222.0,0.116322335361,0.384937217593,0.220209747943
349.196,238.4,222.0,0.116322335361,0.384937217593,0.220209747943
349.196,236.285,222.0,0.116322335361,0.384937217593,0.220209747943
349.197,234.169,222.0,0.116322335361,0.384937217593,0.220209747943
349.18,232.061,222.0,0.116322335361,0.384937217593,0.220209747943
348.578,230.196,222.0,0.116322335361,0.384937217593,0.220209747943
348.32,228.187,222.0,0.116322335361,0.384937217593,0.220209747943
348.153,226.142,222.0,0.116322335361,0.384937217593,0.220209747943
347.323,224.368,222.0,0.116322335361,0.384937217593,0.220209747943
347.462,222.224,222.0,0.116322335361,0.384937217593,0.220209747943
346.743,220.491,222.0,0.116322335361,0.384937217593,0.220209747943
345.304,219.101,222.0,0.116322335361,0.384937217593,0.220209747943
343.304,217.979,222.0,0.116322335361,0.384937217593,0.220209747943
340.903,217.048,222.0,0.116322335361,0.384937217593,0.220209747943
338.262,216.232,222.0,0.116322335361,0.384937217593,0.220209747943
