341.276,206.283,223.0,0.116322335361,0.384937217593,0.220209747943
340.376,207.378,223.0,0.116322335361,0.384937217593,0.220209747943
339.048,208.229,223.0,0.116322335361,0.384937217593,0.220209747943
337.72,209.766,223.0,0.116322335361,0.384937217593,0.220209747943
336.069,210.569,223.0,0.116322335361,0.384937217593,0.220209747943
335.213,212.238,223.0,0.116322335361,0.384937217593,0.220209747943
334.233,213.234,223.0,0.116322335361,0.384937217593,0.220209747943
333.314,214.371,223.0,0.116322335361,0.384937217593,0.220209747943
331.48,215.56,223.0,0.116322335361,0.384937217593,0.220209747943
330.799,217.285,223.0,0.116322335361,0.384937217593,0.220209747943
329.823,218.869,223.0,0.116322335361,0.384937217593,0.220209747943
329.927,220.901,223.0,0.116322335361,0.384937217593,0.220209747943
328.952,222.486,223.0,0.116322335361,0.384937217593,0.220209747943
329.015,224.499,223.0,0.116322335361,0.384937217593,0.220209747943
328.144,226.283,223.0,0.116322335361,0.384937217593,0.220209747943
328.118,228.266,223.0,0.116322335361,0.384937217593,0.220209747943
328.119,230.255,223.0,0.116322335361,0.384937217593,0.220209747943
328.107,232.242,223.0,0.116322335361,0.384937217593,0.220209747943
328.185,234.25,223.0,0.116322335361,0.384937217593,0.220209747943
327.667,236.117,223.0,0.116322335361,0.384937217593,0.220209747943
327.037,237.957,223.0,0.116322335361,0.384937217593,0.220209747943
327.201,239.985,223.0,0.116322335361,0.384937217593,0.220209747943
327.246,241.985,223.0,0.116322335361,0.384937217593,0.220209747943
327.241,243.973,223.0,0.116322335361,0.384937217593,0.220209747943
327.275,245.977,223.0,0.116322335361,0.384937217593,0.220209747943
326.323,247.572,223.0,0.116322335361,0.384937217593,0.220209747943
326.281,249.557,223.0,0.116322335361,0.384937217593,0.220209747943
325.235,251.298,223.0,0.116322335361,0.384937217593,0.220209747943
324.646,253.161,223.0,0.116322335361,0.384937217593,0.220209747943
323.673,254.744,223.0,0.116322335361,0.384937217593,0.220209747943
323.783,256.779,223.0,0.116322335361,0.384937217593,0.220209747943
322.794,258.358,223.0,0.116322335361,0.384937217593,0.220209747943
322.889,260.378,223.0,0.116322335361,0.384937217593,0.220209747943
322.483,262.274,223.0,0.116322335361,0.384937217593,0.220209747943
321.906,264.128,223.0,0.116322335361,0.384937217593,0.220209747943
321.944,266.118,223.0,0.116322335361,0.384937217593,0.220209747943
321.666,267.994,223.0,0.116322335361,0.384937217593,0.220209747943
321.109,269.753,223.0,0.116322335361,0.384937217593,0.220209747943
321.099,271.735,223.0,0.116322335361,0.384937217593,0.220209747943
321.302,273.69,223.0,0.116322335361,0.384937217593,0.220209747943
321.973,275.571,223.0,0.116322335361,0.384937217593,0.220209747943
322.048,277.543,223.0,0.116322335361,0.384937217593,0.220209747943
322.889,279.332,223.0,0.116322335361,0.384937217593,0.220209747943
323.21,281.183,223.0,0.116322335361,0.384937217593,0.220209747943
323.945,282.868,223.0,0.116322335361,0.384937217593,0.220209747943
324.685,284.547,223.0,0.116322335361,0.384937217593,0.220209747943
326.157,286.011,223.0,0.116322335361,0.384937217593,0.220209747943
326.432,287.961,223.0,0.116322335361,0.384937217593,0.220209747943
327.242,289.616,223.0,0.116322335361,0.384937217593,0.220209747943
328.097,291.251,223.0,0.116322335361,0.384937217593,0.220209747943
328.978,292.875,223.0,0.116322335361,0.384937217593,0.220209747943
329.903,294.476,223.0,0.116322335361,0.384937217593,0.220209747943
330.647,296.298,223.0,0.116322335361,0.384937217593,0.220209747943
331.175,298.088,223.0,0.116322335361,0.384937217593,0.220209747943
332.513,299.524,223.0,0.116322335361,0.384937217593,0.220209747943
333.432,301.133,223.0,0.116322335361,0.384937217593,0.220209747943
333.622,303.044,223.0,0.116322335361,0.384937217593,0.220209747943
334.341,304.736,223.0,0.116322335361,0.384937217593,0.220209747943
335.847,306.099,223.0,0.116322335361,0.384937217593,0.220209747943
337.258,307.485,223.0,0.116322335361,0.384937217593,0.220209747943
338.639,308.93,223.0,0.116322335361,0.384937217593,0.220209747943
339.713,309.85,223.0,0.116322335361,0.384937217593,0.220209747943
340.768,310.76,223.0,0.116322335361,0.384937217593,0.220209747943
342.688,311.443,223.0,0.116322335361,0.384937217593,0.220209747943
344.425,312.068,223.0,0.116322335361,0.384937217593,0.220209747943
346.259,312.422,223.0,0.116322335361,0.384937217593,0.220209747943
348.037,311.931,223.0,0.116322335361,0.384937217593,0.220209747943
349.415,310.46,223.0,0.116322335361,0.384937217593,0.220209747943
350.964,309.3,223.0,0.116322335361,0.384937217593,0.220209747943
352.682,308.217,223.0,0.116322335361,0.384937217593,0.220209747943
353.619,307.126,223.0,0.116322335361,0.384937217593,0.220209747943
354.813,306.228,223.0,0.116322335361,0.384937217593,0.220209747943
355.464,304.498,223.0,0.116322335361,0.384937217593,0.220209747943
357.138,303.624,223.0,0.116322335361,0.384937217593,0.220209747943
357.968,301.984,223.0,0.116322335361,0.384937217593,0.220209747943
359.46,300.612,223.0,0.116322335361,0.384937217593,0.220209747943
360.078,298.879,223.0,0.116322335361,0.384937217593,0.220209747943
360.543,297.082,223.0,0.116322335361,0.384937217593,0.220209747943
361.53,295.505,223.0,0.116322335361,0.384937217593,0.220209747943
362.129,293.643,223.0,0.116322335361,0.384937217593,0.220209747943
362.362,291.712,223.0,0.116322335361,0.384937217593,0.220209747943
362.369,289.725,223.0,0.116322335361,0.384937217593,0.220209747943
362.365,287.737,223.0,0.116322335361,0.384937217593,0.220209747943
362.173,285.827,223.0,0.116322335361,0.384937217593,0.220209747943
361.355,284.177,223.0,0.116322335361,0.384937217593,0.220209747943
361.269,282.223,223.0,0.116322335361,0.384937217593,0.220209747943
359.741,280.867,223.0,0.116322335361,0.384937217593,0.220209747943
358.937,279.211,223.0,0.116322335361,0.384937217593,0.220209747943
358.269,277.499,223.0,0.116322335361,0.384937217593,0.220209747943
357.089,276.003,223.0,0.116322335361,0.384937217593,0.220209747943
356.366,274.175,223.0,0.116322335361,0.384937217593,0.220209747943
356.225,272.221,223.0,0.116322335361,0.384937217593,0.220209747943
356.222,270.233,223.0,0.116322335361,0.384937217593,0.220209747943
356.222,268.243,223.0,0.116322335361,0.384937217593,0.220209747943
356.225,266.252,223.0,0.116322335361,0.384937217593,0.220209747943
356.207,264.271,223.0,0.116322335361,0.384937217593,0.220209747943
355.482,262.582,223.0,0.116322335361,0.384937217593,0.220209747943
355.343,260.65,223.0,0.116322335361,0.384937217593,0.220209747943
354.607,258.966,223.0,0.116322335361,0.384937217593,0.220209747943
353.607,257.389,223.0,0.116322335361,0.384937217593,0.220209747943
352.424,255.862,223.0,0.116322335361,0.384937217593,0.220209747943
351.544,254.101,223.0,0.116322335361,0.384937217593,0.220209747943
350.075,252.729,223.0,0.116322335361,0.384937217593,0.220209747943
349.251,251.081,223.0,0.116322335361,0.384937217593,0.220209747943
348.481,249.411,223.0,0.116322335361,0.384937217593,0.220209747943
348.328,247.485,223.0,0.116322335361,0.384937217593,0.220209747943
346.982,246.003,223.0,0.116322335361,0.384937217593,0.220209747943
346.482,244.099,223.0,0.116322335361,0.384937217593,0.220209747943
346.731,242.025,223.0,0.116322335361,0.384937217593,0.220209747943
345.696,240.462,223.0,0.116322335361,0.384937217593,0.220209747943
345.68,238.479,223.0,0.116322335361,0.384937217593,0.220209747943
345.683,236.488,223.0,0.116322335361,0.384937217593,0.220209747943
345.683,234.499,223.0,0.116322335361,0.384937217593,0.220209747943
345.683,232.51,223.0,0.116322335361,0.384937217593,0.220209747943
345.683,230.52,223.0,0.116322335361,0.384937217593,0.220209747943
345.683,228.531,223.0,0.116322335361,0.384937217593,0.220209747943
345.683,226.542,223.0,0.116322335361,0.384937217593,0.220209747943
345.683,224.553,223.0,0.116322335361,0.384937217593,0.220209747943
345.683,222.563,223.0,0.116322335361,0.384937217593,0.220209747943
345.683,220.574,223.0,0.116322335361,0.384937217593,0.220209747943
345.683,218.585,223.0,0.116322335361,0.384937217593,0.220209747943
345.632,216.603,223.0,0.116322335361,0.384937217593,0.220209747943
345.345,214.657,223.0,0.116322335361,0.384937217593,0.220209747943
344.853,212.742,223.0,0.116322335361,0.384937217593,0.220209747943
344.201,210.85,223.0,0.116322335361,0.384937217593,0.220209747943
343.435,208.976,223.0,0.116322335361,0.384937217593,0.220209747943
342.599,207.113,223.0,0.116322335361,0.384937217593,0.220209747943
