339.27,215.814,227.0,0.66948481468,0.930717338156,0.726831367731
337.224,216.342,227.0,0.66948481468,0.930717338156,0.726831367731
335.68,218.077,227.0,0.66948481468,0.930717338156,0.726831367731
333.821,219.0,227.0,0.66948481468,0.930717338156,0.726831367731
332.53,220.205,227.0,0.66948481468,0.930717338156,0.726831367731
331.548,221.607,227.0,0.66948481468,0.930717338156,0.726831367731
330.735,223.622,227.0,0.66948481468,0.930717338156,0.726831367731
329.866,225.526,227.0,0.66948481468,0.930717338156,0.726831367731
329.859,227.792,227.0,0.66948481468,0.930717338156,0.726831367731
329.916,230.044,227.0,0.66948481468,0.930717338156,0.726831367731
329.796,232.356,227.0,0.66948481468,0.930717338156,0.726831367731
330.985,234.112,227.0,0.66948481468,0.930717338156,0.726831367731
330.684,236.493,227.0,0.66948481468,0.930717338156,0.726831367731
331.609,238.551,227.0,0.66948481468,0.930717338156,0.726831367731
332.181,240.68,227.0,0.66948481468,0.930717338156,0.726831367731
332.525,242.863,227.0,0.66948481468,0.930717338156,0.726831367731
332.51,245.131,227.0,0.66948481468,0.930717338156,0.726831367731
332.51,247.396,227.0,0.66948481468,0.930717338156,0.726831367731
332.507,249.659,227.0,0.66948481468,0.930717338156,0.726831367731
332.511,251.924,227.0,0.66948481468,0.930717338156,0.726831367731
332.494,254.185,227.0,0.66948481468,0.930717338156,0.726831367731
332.6,256.476,227.0,0.66948481468,0.930717338156,0.726831367731
331.734,258.529,227.0,0.66948481468,0.930717338156,0.726831367731
331.576,260.75,227.0,0.66948481468,0.930717338156,0.726831367731
329.904,262.324,227.0,0.66948481468,0.930717338156,0.726831367731
329.781,264.557,227.0,0.66948481468,0.930717338156,0.726831367731
328.642,266.563,227.0,0.66948481468,0.930717338156,0.726831367731
328.105,268.751,227.0,0.66948481468,0.930717338156,0.726831367731
328.168,271.039,227.0,0.66948481468,0.930717338156,0.726831367731
326.531,272.625,227.0,0.66948481468,0.930717338156,0.726831367731
326.361,274.819,227.0,0.66948481468,0.930717338156,0.726831367731
326.362,277.084,227.0,0.66948481468,0.930717338156,0.726831367731
326.363,279.349,227.0,0.66948481468,0.930717338156,0.726831367731
326.363,281.613,227.0,0.66948481468,0.930717338156,0.726831367731
326.371,283.876,227.0,0.66948481468,0.930717338156,0.726831367731
326.287,286.16,227.0,0.66948481468,0.930717338156,0.726831367731
327.029,288.249,227.0,0.66948481468,0.930717338156,0.726831367731
327.244,290.463,227.0,0.66948481468,0.930717338156,0.726831367731
327.881,292.579,227.0,0.66948481468,0.930717338156,0.726831367731
328.085,294.799,227.0,0.66948481468,0.930717338156,0.726831367731
329.007,296.681,227.0,0.66948481468,0.930717338156,0.726831367731
330.571,298.387,227.0,0.66948481468,0.930717338156,0.726831367731
331.017,300.531,227.0,0.66948481468,0.930717338156,0.726831367731
332.743,302.074,227.0,0.66948481468,0.930717338156,0.726831367731
334.265,303.725,227.0,0.66948481468,0.930717338156,0.726831367731
335.613,304.819,227.0,0.66948481468,0.930717338156,0.726831367731
337.155,306.516,227.0,0.66948481468,0.930717338156,0.726831367731
338.774,308.07,227.0,0.66948481468,0.930717338156,0.726831367731
340.577,309.182,227.0,0.66948481468,0.930717338156,0.726831367731
342.62,309.717,227.0,0.66948481468,0.930717338156,0.726831367731
344.465,310.729,227.0,0.66948481468,0.930717338156,0.726831367731
346.747,310.686,227.0,0.66948481468,0.930717338156,0.726831367731
348.968,310.513,227.0,0.66948481468,0.930717338156,0.726831367731
350.801,309.088,227.0,0.66948481468,0.930717338156,0.726831367731
352.417,307.508,227.0,0.66948481468,0.930717338156,0.726831367731
354.187,306.311,227.0,0.66948481468,0.930717338156,0.726831367731
355.855,304.874,227.0,0.66948481468,0.930717338156,0.726831367731
357.458,303.289,227.0,0.66948481468,0.930717338156,0.726831367731
358.998,301.649,227.0,0.66948481468,0.930717338156,0.726831367731
360.233,299.749,227.0,0.66948481468,0.930717338156,0.726831367731
361.024,297.82,227.0,0.66948481468,0.930717338156,0.726831367731
362.338,296.1,227.0,0.66948481468,0.930717338156,0.726831367731
363.229,294.205,227.0,0.66948481468,0.930717338156,0.726831367731
364.222,292.365,227.0,0.66948481468,0.930717338156,0.726831367731
364.741,290.187,227.0,0.66948481468,0.930717338156,0.726831367731
365.001,287.989,227.0,0.66948481468,0.930717338156,0.726831367731
365.004,285.726,227.0,0.66948481468,0.930717338156,0.726831367731
365.004,283.461,227.0,0.66948481468,0.930717338156,0.726831367731
365.043,281.191,227.0,0.66948481468,0.930717338156,0.726831367731
364.363,279.032,227.0,0.66948481468,0.930717338156,0.726831367731
364.187,276.786,227.0,0.66948481468,0.930717338156,0.726831367731
363.216,274.923,227.0,0.66948481468,0.930717338156,0.726831367731
363.202,272.664,227.0,0.66948481468,0.930717338156,0.726831367731
363.289,270.364,227.0,0.66948481468,0.930717338156,0.726831367731
362.246,268.531,227.0,0.66948481468,0.930717338156,0.726831367731
362.348,266.225,227.0,0.66948481468,0.930717338156,0.726831367731
361.568,264.284,227.0,0.66948481468,0.930717338156,0.726831367731
360.64,262.404,227.0,0.66948481468,0.930717338156,0.726831367731
359.684,260.535,227.0,0.66948481468,0.930717338156,0.726831367731
358.767,258.651,227.0,0.66948481468,0.930717338156,0.726831367731
357.069,257.09,227.0,0.66948481468,0.930717338156,0.726831367731
355.4,255.517,227.0,0.66948481468,0.930717338156,0.726831367731
354.493,253.628,227.0,0.66948481468,0.930717338156,0.726831367731
352.818,252.051,227.0,0.66948481468,0.930717338156,0.726831367731
352.436,249.709,227.0,0.66948481468,0.930717338156,0.726831367731
350.522,248.934,227.0,0.66948481468,0.930717338156,0.726831367731
348.934,247.064,227.0,0.66948481468,0.930717338156,0.726831367731
348.351,245.013,227.0,0.66948481468,0.930717338156,0.726831367731
346.867,243.363,227.0,0.66948481468,0.930717338156,0.726831367731
345.659,241.599,227.0,0.66948481468,0.930717338156,0.726831367731
345.556,239.376,227.0,0.66948481468,0.930717338156,0.726831367731
344.722,237.437,227.0,0.66948481468,0.930717338156,0.726831367731
343.908,235.372,227.0,0.66948481468,0.930717338156,0.726831367731
343.909,233.109,227.0,0.66948481468,0.930717338156,0.726831367731
343.95,230.829,227.0,0.66948481468,0.930717338156,0.726831367731
343.055,228.935,227.0,0.66948481468,0.930717338156,0.726831367731
343.045,226.668,227.0,0.66948481468,0.930717338156,0.726831367731
343.006,224.368,227.0,0.66948481468,0.930717338156,0.726831367731
344.607,223.772,227.0,0.66948481468,0.930717338156,0.726831367731
345.194,222.765,227.0,0.66948481468,0.930717338156,0.726831367731
343.996,220.499,227.0,0.66948481468,0.930717338156,0.726831367731
341.727,217.479,227.0,0.66948481468,0.930717338156,0.726831367731
