336.831,215.319,228.0,0.116322335361,0.384937217593,0.220209747943
336.425,218.019,228.0,0.116322335361,0.384937217593,0.220209747943
335.003,220.068,228.0,0.116322335361,0.384937217593,0.220209747943
335.179,222.752,228.0,0.116322335361,0.384937217593,0.220209747943
334.194,225.138,228.0,0.116322335361,0.384937217593,0.220209747943
334.257,227.77,228.0,0.116322335361,0.384937217593,0.220209747943
334.072,230.345,228.0,0.116322335361,0.384937217593,0.220209747943
333.375,232.794,228.0,0.116322335361,0.384937217593,0.220209747943
332.747,235.318,228.0,0.116322335361,0.384937217593,0.220209747943
332.523,237.898,228.0,0.116322335361,0.384937217593,0.220209747943
332.03,240.392,228.0,0.116322335361,0.384937217593,0.220209747943
331.691,242.95,228.0,0.116322335361,0.384937217593,0.220209747943
330.7,245.169,228.0,0.116322335361,0.384937217593,0.220209747943
329.472,247.522,228.0,0.116322335361,0.384937217593,0.220209747943
328.011,249.589,228.0,0.116322335361,0.384937217593,0.220209747943
328.167,252.274,228.0,0.116322335361,0.384937217593,0.220209747943
327.243,254.509,228.0,0.116322335361,0.384937217593,0.220209747943
326.302,256.738,228.0,0.116322335361,0.384937217593,0.220209747943
325.417,258.989,228.0,0.116322335361,0.384937217593,0.220209747943
325.588,261.678,228.0,0.116322335361,0.384937217593,0.220209747943
325.481,264.252,228.0,0.116322335361,0.384937217593,0.220209747943
325.488,266.872,228.0,0.116322335361,0.384937217593,0.220209747943
325.486,269.489,228.0,0.116322335361,0.384937217593,0.220209747943
325.407,272.126,228.0,0.116322335361,0.384937217593,0.220209747943
326.309,274.531,228.0,0.116322335361,0.384937217593,0.220209747943
326.291,277.154,228.0,0.116322335361,0.384937217593,0.220209747943
327.03,279.593,228.0,0.116322335361,0.384937217593,0.220209747943
328.051,282.031,228.0,0.116322335361,0.384937217593,0.220209747943
328.12,284.641,228.0,0.116322335361,0.384937217593,0.220209747943
328.119,287.259,228.0,0.116322335361,0.384937217593,0.220209747943
328.12,289.877,228.0,0.116322335361,0.384937217593,0.220209747943
328.147,292.484,228.0,0.116322335361,0.384937217593,0.220209747943
328.879,294.798,228.0,0.116322335361,0.384937217593,0.220209747943
329.905,296.978,228.0,0.116322335361,0.384937217593,0.220209747943
330.874,299.37,228.0,0.116322335361,0.384937217593,0.220209747943
331.749,301.667,228.0,0.116322335361,0.384937217593,0.220209747943
333.419,303.705,228.0,0.116322335361,0.384937217593,0.220209747943
334.74,305.945,228.0,0.116322335361,0.384937217593,0.220209747943
336.575,307.874,228.0,0.116322335361,0.384937217593,0.220209747943
338.716,309.028,228.0,0.116322335361,0.384937217593,0.220209747943
340.856,310.182,228.0,0.116322335361,0.384937217593,0.220209747943
343.275,310.663,228.0,0.116322335361,0.384937217593,0.220209747943
345.883,310.687,228.0,0.116322335361,0.384937217593,0.220209747943
348.5,310.688,228.0,0.116322335361,0.384937217593,0.220209747943
351.13,310.706,228.0,0.116322335361,0.384937217593,0.220209747943
352.676,308.98,228.0,0.116322335361,0.384937217593,0.220209747943
354.967,307.729,228.0,0.116322335361,0.384937217593,0.220209747943
356.707,305.762,228.0,0.116322335361,0.384937217593,0.220209747943
357.979,303.676,228.0,0.116322335361,0.384937217593,0.220209747943
357.967,301.053,228.0,0.116322335361,0.384937217593,0.220209747943
358.84,298.797,228.0,0.116322335361,0.384937217593,0.220209747943
358.86,296.187,228.0,0.116322335361,0.384937217593,0.220209747943
358.856,293.567,228.0,0.116322335361,0.384937217593,0.220209747943
358.856,290.949,228.0,0.116322335361,0.384937217593,0.220209747943
358.856,288.331,228.0,0.116322335361,0.384937217593,0.220209747943
358.856,285.713,228.0,0.116322335361,0.384937217593,0.220209747943
358.856,283.095,228.0,0.116322335361,0.384937217593,0.220209747943
358.856,280.477,228.0,0.116322335361,0.384937217593,0.220209747943
358.853,277.859,228.0,0.116322335361,0.384937217593,0.220209747943
358.848,275.242,228.0,0.116322335361,0.384937217593,0.220209747943
358.94,272.603,228.0,0.116322335361,0.384937217593,0.220209747943
357.962,270.215,228.0,0.116322335361,0.384937217593,0.220209747943
357.685,267.661,228.0,0.116322335361,0.384937217593,0.220209747943
356.283,265.382,228.0,0.116322335361,0.384937217593,0.220209747943
355.928,262.899,228.0,0.116322335361,0.384937217593,0.220209747943
354.627,260.687,228.0,0.116322335361,0.384937217593,0.220209747943
353.778,258.18,228.0,0.116322335361,0.384937217593,0.220209747943
352.58,256.048,228.0,0.116322335361,0.384937217593,0.220209747943
351.311,253.956,228.0,0.116322335361,0.384937217593,0.220209747943
350.773,251.565,228.0,0.116322335361,0.384937217593,0.220209747943
349.209,249.447,228.0,0.116322335361,0.384937217593,0.220209747943
348.737,247.011,228.0,0.116322335361,0.384937217593,0.220209747943
348.253,244.578,228.0,0.116322335361,0.384937217593,0.220209747943
347.44,242.156,228.0,0.116322335361,0.384937217593,0.220209747943
346.781,239.811,228.0,0.116322335361,0.384937217593,0.220209747943
346.706,237.224,228.0,0.116322335361,0.384937217593,0.220209747943
345.693,235.025,228.0,0.116322335361,0.384937217593,0.220209747943
345.683,232.411,228.0,0.116322335361,0.384937217593,0.220209747943
345.683,229.793,228.0,0.116322335361,0.384937217593,0.220209747943
345.616,227.193,228.0,0.116322335361,0.384937217593,0.220209747943
345.03,224.738,228.0,0.116322335361,0.384937217593,0.220209747943
343.941,222.421,228.0,0.116322335361,0.384937217593,0.220209747943
342.46,220.213,228.0,0.116322335361,0.384937217593,0.220209747943
340.7,218.083,228.0,0.116322335361,0.384937217593,0.220209747943
338.771,215.999,228.0,0.116322335361,0.384937217593,0.220209747943
