335.128,236.936,232.0,0.116322335361,0.384937217593,0.220209747943
333.645,238.947,232.0,0.116322335361,0.384937217593,0.220209747943
332.549,241.234,232.0,0.116322335361,0.384937217593,0.220209747943
331.674,243.619,232.0,0.116322335361,0.384937217593,0.220209747943
331.71,246.162,232.0,0.116322335361,0.384937217593,0.220209747943
330.734,248.462,232.0,0.116322335361,0.384937217593,0.220209747943
330.38,250.909,232.0,0.116322335361,0.384937217593,0.220209747943
329.848,253.314,232.0,0.116322335361,0.384937217593,0.220209747943
329.865,255.849,232.0,0.116322335361,0.384937217593,0.220209747943
329.909,258.385,232.0,0.116322335361,0.384937217593,0.220209747943
329.356,260.851,232.0,0.116322335361,0.384937217593,0.220209747943
328.984,263.327,232.0,0.116322335361,0.384937217593,0.220209747943
328.991,265.866,232.0,0.116322335361,0.384937217593,0.220209747943
330.196,268.109,232.0,0.116322335361,0.384937217593,0.220209747943
330.679,270.549,232.0,0.116322335361,0.384937217593,0.220209747943
332.166,272.458,232.0,0.116322335361,0.384937217593,0.220209747943
332.547,274.837,232.0,0.116322335361,0.384937217593,0.220209747943
333.435,277.178,232.0,0.116322335361,0.384937217593,0.220209747943
333.257,279.755,232.0,0.116322335361,0.384937217593,0.220209747943
334.251,281.871,232.0,0.116322335361,0.384937217593,0.220209747943
334.274,284.391,232.0,0.116322335361,0.384937217593,0.220209747943
334.267,286.925,232.0,0.116322335361,0.384937217593,0.220209747943
334.299,289.442,232.0,0.116322335361,0.384937217593,0.220209747943
334.167,292.027,232.0,0.116322335361,0.384937217593,0.220209747943
335.253,294.108,232.0,0.116322335361,0.384937217593,0.220209747943
335.146,296.681,232.0,0.116322335361,0.384937217593,0.220209747943
335.099,299.259,232.0,0.116322335361,0.384937217593,0.220209747943
335.981,300.888,232.0,0.116322335361,0.384937217593,0.220209747943
337.715,302.691,232.0,0.116322335361,0.384937217593,0.220209747943
338.95,304.878,232.0,0.116322335361,0.384937217593,0.220209747943
340.773,306.626,232.0,0.116322335361,0.384937217593,0.220209747943
342.724,308.028,232.0,0.116322335361,0.384937217593,0.220209747943
344.883,308.927,232.0,0.116322335361,0.384937217593,0.220209747943
347.152,309.569,232.0,0.116322335361,0.384937217593,0.220209747943
349.479,309.584,232.0,0.116322335361,0.384937217593,0.220209747943
351.756,308.962,232.0,0.116322335361,0.384937217593,0.220209747943
353.987,308.14,232.0,0.116322335361,0.384937217593,0.220209747943
355.588,307.169,232.0,0.116322335361,0.384937217593,0.220209747943
357.251,305.155,232.0,0.116322335361,0.384937217593,0.220209747943
359.346,304.142,232.0,0.116322335361,0.384937217593,0.220209747943
360.6,302.057,232.0,0.116322335361,0.384937217593,0.220209747943
362.343,300.248,232.0,0.116322335361,0.384937217593,0.220209747943
363.475,298.168,232.0,0.116322335361,0.384937217593,0.220209747943
364.127,295.769,232.0,0.116322335361,0.384937217593,0.220209747943
365.06,293.625,232.0,0.116322335361,0.384937217593,0.220209747943
365.002,291.071,232.0,0.116322335361,0.384937217593,0.220209747943
364.969,288.555,232.0,0.116322335361,0.384937217593,0.220209747943
365.366,285.861,232.0,0.116322335361,0.384937217593,0.220209747943
364.326,283.761,232.0,0.116322335361,0.384937217593,0.220209747943
364.105,281.322,232.0,0.116322335361,0.384937217593,0.220209747943
363.93,278.864,232.0,0.116322335361,0.384937217593,0.220209747943
363.253,276.614,232.0,0.116322335361,0.384937217593,0.220209747943
363.247,274.086,232.0,0.116322335361,0.384937217593,0.220209747943
363.252,271.554,232.0,0.116322335361,0.384937217593,0.220209747943
363.296,269.005,232.0,0.116322335361,0.384937217593,0.220209747943
362.352,266.866,232.0,0.116322335361,0.384937217593,0.220209747943
361.439,264.717,232.0,0.116322335361,0.384937217593,0.220209747943
360.596,262.375,232.0,0.116322335361,0.384937217593,0.220209747943
359.466,260.313,232.0,0.116322335361,0.384937217593,0.220209747943
358.366,258.239,232.0,0.116322335361,0.384937217593,0.220209747943
357.097,256.234,232.0,0.116322335361,0.384937217593,0.220209747943
356.077,254.126,232.0,0.116322335361,0.384937217593,0.220209747943
354.41,252.286,232.0,0.116322335361,0.384937217593,0.220209747943
353.589,250.096,232.0,0.116322335361,0.384937217593,0.220209747943
353.016,247.802,232.0,0.116322335361,0.384937217593,0.220209747943
352.677,245.415,232.0,0.116322335361,0.384937217593,0.220209747943
352.003,243.257,232.0,0.116322335361,0.384937217593,0.220209747943
350.666,241.488,232.0,0.116322335361,0.384937217593,0.220209747943
348.768,240.048,232.0,0.116322335361,0.384937217593,0.220209747943
346.412,238.878,232.0,0.116322335361,0.384937217593,0.220209747943
343.698,237.918,232.0,0.116322335361,0.384937217593,0.220209747943
340.73,237.107,232.0,0.116322335361,0.384937217593,0.220209747943
337.609,236.387,232.0,0.116322335361,0.384937217593,0.220209747943
