344.449,240.418,236.0,0.66948481468,0.930717338156,0.726831367731
342.189,241.295,236.0,0.66948481468,0.930717338156,0.726831367731
340.444,243.036,236.0,0.66948481468,0.930717338156,0.726831367731
338.683,244.771,236.0,0.66948481468,0.930717338156,0.726831367731
338.483,247.189,236.0,0.66948481468,0.930717338156,0.726831367731
337.262,249.357,236.0,0.66948481468,0.930717338156,0.726831367731
336.114,251.552,236.0,0.66948481468,0.930717338156,0.726831367731
336.049,254.0,236.0,0.66948481468,0.930717338156,0.726831367731
336.048,256.464,236.0,0.66948481468,0.930717338156,0.726831367731
336.027,258.923,236.0,0.66948481468,0.930717338156,0.726831367731
335.706,261.31,236.0,0.66948481468,0.930717338156,0.726831367731
335.088,263.636,236.0,0.66948481468,0.930717338156,0.726831367731
335.109,266.12,236.0,0.66948481468,0.930717338156,0.726831367731
335.816,268.293,236.0,0.66948481468,0.930717338156,0.726831367731
335.996,270.68,236.0,0.66948481468,0.930717338156,0.726831367731
336.601,273.032,236.0,0.66948481468,0.930717338156,0.726831367731
336.791,275.547,236.0,0.66948481468,0.930717338156,0.726831367731
337.896,277.544,236.0,0.66948481468,0.930717338156,0.726831367731
337.576,280.14,236.0,0.66948481468,0.930717338156,0.726831367731
338.65,282.159,236.0,0.66948481468,0.930717338156,0.726831367731
339.551,284.251,236.0,0.66948481468,0.930717338156,0.726831367731
340.248,286.553,236.0,0.66948481468,0.930717338156,0.726831367731
340.55,288.922,236.0,0.66948481468,0.930717338156,0.726831367731
341.238,291.099,236.0,0.66948481468,0.930717338156,0.726831367731
342.849,292.88,236.0,0.66948481468,0.930717338156,0.726831367731
344.84,294.0,236.0,0.66948481468,0.930717338156,0.726831367731
347.308,294.01,236.0,0.66948481468,0.930717338156,0.726831367731
349.75,293.967,236.0,0.66948481468,0.930717338156,0.726831367731
352.087,293.694,236.0,0.66948481468,0.930717338156,0.726831367731
353.582,292.396,236.0,0.66948481468,0.930717338156,0.726831367731
355.229,290.598,236.0,0.66948481468,0.930717338156,0.726831367731
357.077,288.897,236.0,0.66948481468,0.930717338156,0.726831367731
358.023,286.825,236.0,0.66948481468,0.930717338156,0.726831367731
357.978,284.343,236.0,0.66948481468,0.930717338156,0.726831367731
358.84,282.236,236.0,0.66948481468,0.930717338156,0.726831367731
358.854,279.777,236.0,0.66948481468,0.930717338156,0.726831367731
358.856,277.314,236.0,0.66948481468,0.930717338156,0.726831367731
358.856,274.85,236.0,0.66948481468,0.930717338156,0.726831367731
358.856,272.386,236.0,0.66948481468,0.930717338156,0.726831367731
358.856,269.922,236.0,0.66948481468,0.930717338156,0.726831367731
358.856,267.458,236.0,0.66948481468,0.930717338156,0.726831367731
358.856,264.994,236.0,0.66948481468,0.930717338156,0.726831367731
358.856,262.53,236.0,0.66948481468,0.930717338156,0.726831367731
358.856,260.066,236.0,0.66948481468,0.930717338156,0.726831367731
358.854,257.603,236.0,0.66948481468,0.930717338156,0.726831367731
358.904,255.089,236.0,0.66948481468,0.930717338156,0.726831367731
357.986,253.543,236.0,0.66948481468,0.930717338156,0.726831367731
357.935,251.097,236.0,0.66948481468,0.930717338156,0.726831367731
357.32,248.879,236.0,0.66948481468,0.930717338156,0.726831367731
356.071,246.95,236.0,0.66948481468,0.930717338156,0.726831367731
354.301,245.257,236.0,0.66948481468,0.930717338156,0.726831367731
352.128,243.747,236.0,0.66948481468,0.930717338156,0.726831367731
349.665,242.369,236.0,0.66948481468,0.930717338156,0.726831367731
347.03,241.069,236.0,0.66948481468,0.930717338156,0.726831367731
