344.787,245.726,237.0,0.116322335361,0.384937217593,0.220209747943
342.663,246.772,237.0,0.116322335361,0.384937217593,0.220209747943
341.434,249.053,237.0,0.116322335361,0.384937217593,0.220209747943
340.446,251.189,237.0,0.116322335361,0.384937217593,0.220209747943
339.179,253.234,237.0,0.116322335361,0.384937217593,0.220209747943
338.036,255.544,237.0,0.116322335361,0.384937217593,0.220209747943
337.775,258.016,237.0,0.116322335361,0.384937217593,0.220209747943
336.816,260.33,237.0,0.116322335361,0.384937217593,0.220209747943
336.912,262.893,237.0,0.116322335361,0.384937217593,0.220209747943
336.897,265.426,237.0,0.116322335361,0.384937217593,0.220209747943
336.892,267.976,237.0,0.116322335361,0.384937217593,0.220209747943
336.754,270.572,237.0,0.116322335361,0.384937217593,0.220209747943
337.863,272.643,237.0,0.116322335361,0.384937217593,0.220209747943
338.498,275.055,237.0,0.116322335361,0.384937217593,0.220209747943
339.478,277.222,237.0,0.116322335361,0.384937217593,0.220209747943
339.801,279.721,237.0,0.116322335361,0.384937217593,0.220209747943
341.098,281.978,237.0,0.116322335361,0.384937217593,0.220209747943
341.171,284.517,237.0,0.116322335361,0.384937217593,0.220209747943
342.605,286.459,237.0,0.116322335361,0.384937217593,0.220209747943
343.844,288.644,237.0,0.116322335361,0.384937217593,0.220209747943
344.911,290.757,237.0,0.116322335361,0.384937217593,0.220209747943
347.146,292.062,237.0,0.116322335361,0.384937217593,0.220209747943
348.954,293.857,237.0,0.116322335361,0.384937217593,0.220209747943
351.631,293.789,237.0,0.116322335361,0.384937217593,0.220209747943
353.032,294.854,237.0,0.116322335361,0.384937217593,0.220209747943
355.265,295.768,237.0,0.116322335361,0.384937217593,0.220209747943
357.795,295.778,237.0,0.116322335361,0.384937217593,0.220209747943
360.354,295.766,237.0,0.116322335361,0.384937217593,0.220209747943
362.914,295.82,237.0,0.116322335361,0.384937217593,0.220209747943
365.069,294.87,237.0,0.116322335361,0.384937217593,0.220209747943
366.196,292.776,237.0,0.116322335361,0.384937217593,0.220209747943
367.122,290.549,237.0,0.116322335361,0.384937217593,0.220209747943
367.551,288.091,237.0,0.116322335361,0.384937217593,0.220209747943
368.506,285.95,237.0,0.116322335361,0.384937217593,0.220209747943
368.515,283.415,237.0,0.116322335361,0.384937217593,0.220209747943
368.537,280.865,237.0,0.116322335361,0.384937217593,0.220209747943
367.519,278.748,237.0,0.116322335361,0.384937217593,0.220209747943
367.453,276.232,237.0,0.116322335361,0.384937217593,0.220209747943
366.759,273.985,237.0,0.116322335361,0.384937217593,0.220209747943
365.622,271.712,237.0,0.116322335361,0.384937217593,0.220209747943
364.974,269.327,237.0,0.116322335361,0.384937217593,0.220209747943
363.213,267.515,237.0,0.116322335361,0.384937217593,0.220209747943
363.229,264.968,237.0,0.116322335361,0.384937217593,0.220209747943
361.381,263.193,237.0,0.116322335361,0.384937217593,0.220209747943
360.521,260.975,237.0,0.116322335361,0.384937217593,0.220209747943
358.943,258.964,237.0,0.116322335361,0.384937217593,0.220209747943
357.115,257.182,237.0,0.116322335361,0.384937217593,0.220209747943
356.191,255.025,237.0,0.116322335361,0.384937217593,0.220209747943
354.663,253.117,237.0,0.116322335361,0.384937217593,0.220209747943
353.605,251.015,237.0,0.116322335361,0.384937217593,0.220209747943
352.643,248.874,237.0,0.116322335361,0.384937217593,0.220209747943
352.346,246.543,237.0,0.116322335361,0.384937217593,0.220209747943
350.376,245.36,237.0,0.116322335361,0.384937217593,0.220209747943
347.363,244.92,237.0,0.116322335361,0.384937217593,0.220209747943
