347.3,249.318,242.0,0.116322335361,0.384937217593,0.220209747943
345.639,248.279,242.0,0.116322335361,0.384937217593,0.220209747943
343.883,249.711,242.0,0.116322335361,0.384937217593,0.220209747943
343.624,252.144,242.0,0.116322335361,0.384937217593,0.220209747943
343.05,254.448,242.0,0.116322335361,0.384937217593,0.220209747943
343.047,256.989,242.0,0.116322335361,0.384937217593,0.220209747943
342.999,259.542,242.0,0.116322335361,0.384937217593,0.220209747943
343.669,261.923,242.0,0.116322335361,0.384937217593,0.220209747943
344.507,264.305,242.0,0.116322335361,0.384937217593,0.220209747943
345.085,266.812,242.0,0.116322335361,0.384937217593,0.220209747943
346.578,268.801,242.0,0.116322335361,0.384937217593,0.220209747943
347.969,270.744,242.0,0.116322335361,0.384937217593,0.220209747943
349.961,272.023,242.0,0.116322335361,0.384937217593,0.220209747943
352.136,272.886,242.0,0.116322335361,0.384937217593,0.220209747943
354.627,272.838,242.0,0.116322335361,0.384937217593,0.220209747943
356.23,270.914,242.0,0.116322335361,0.384937217593,0.220209747943
357.137,268.746,242.0,0.116322335361,0.384937217593,0.220209747943
358.148,266.61,242.0,0.116322335361,0.384937217593,0.220209747943
358.858,264.218,242.0,0.116322335361,0.384937217593,0.220209747943
358.856,261.677,242.0,0.116322335361,0.384937217593,0.220209747943
358.862,259.132,242.0,0.116322335361,0.384937217593,0.220209747943
358.373,256.82,242.0,0.116322335361,0.384937217593,0.220209747943
357.027,254.909,242.0,0.116322335361,0.384937217593,0.220209747943
355.015,253.309,242.0,0.116322335361,0.384937217593,0.220209747943
352.527,251.934,242.0,0.116322335361,0.384937217593,0.220209747943
349.752,250.691,242.0,0.116322335361,0.384937217593,0.220209747943
