345.849,251.119,244.0,0.66948481468,0.930717338156,0.726831367731
344.847,252.997,244.0,0.66948481468,0.930717338156,0.726831367731
343.909,255.209,244.0,0.66948481468,0.930717338156,0.726831367731
343.925,257.818,244.0,0.66948481468,0.930717338156,0.726831367731
344.552,260.368,244.0,0.66948481468,0.930717338156,0.726831367731
345.724,262.5,244.0,0.66948481468,0.930717338156,0.726831367731
347.67,264.187,244.0,0.66948481468,0.930717338156,0.726831367731
350.296,264.138,244.0,0.66948481468,0.930717338156,0.726831367731
352.896,264.066,244.0,0.66948481468,0.930717338156,0.726831367731
354.051,261.91,244.0,0.66948481468,0.930717338156,0.726831367731
354.626,259.54,244.0,0.66948481468,0.930717338156,0.726831367731
355.293,257.19,244.0,0.66948481468,0.930717338156,0.726831367731
357.351,257.182,244.0,0.66948481468,0.930717338156,0.726831367731
356.747,256.305,244.0,0.66948481468,0.930717338156,0.726831367731
353.915,254.531,244.0,0.66948481468,0.930717338156,0.726831367731
349.747,252.217,244.0,0.66948481468,0.930717338156,0.726831367731
