259.362,501.08,101.0,0.998394738419,0.749498197808,0.103753584616
261.76,503.321,101.0,0.998394738419,0.749498197808,0.103753584616
263.563,506.139,101.0,0.998394738419,0.749498197808,0.103753584616
265.764,507.391,101.0,0.998394738419,0.749498197808,0.103753584616
267.578,510.082,101.0,0.998394738419,0.749498197808,0.103753584616
269.358,512.325,101.0,0.998394738419,0.749498197808,0.103753584616
271.4,514.903,101.0,0.998394738419,0.749498197808,0.103753584616
273.295,517.589,101.0,0.998394738419,0.749498197808,0.103753584616
275.645,519.897,101.0,0.998394738419,0.749498197808,0.103753584616
277.401,522.643,101.0,0.998394738419,0.749498197808,0.103753584616
280.055,524.466,101.0,0.998394738419,0.749498197808,0.103753584616
282.298,526.64,101.0,0.998394738419,0.749498197808,0.103753584616
284.178,529.314,101.0,0.998394738419,0.749498197808,0.103753584616
286.868,531.134,101.0,0.998394738419,0.749498197808,0.103753584616
289.352,533.243,101.0,0.998394738419,0.749498197808,0.103753584616
292.012,535.106,101.0,0.998394738419,0.749498197808,0.103753584616
294.999,536.516,101.0,0.998394738419,0.749498197808,0.103753584616
297.947,537.98,101.0,0.998394738419,0.749498197808,0.103753584616
300.858,539.496,101.0,0.998394738419,0.749498197808,0.103753584616
303.772,541.009,101.0,0.998394738419,0.749498197808,0.103753584616
306.54,542.748,101.0,0.998394738419,0.749498197808,0.103753584616
309.668,543.41,101.0,0.998394738419,0.749498197808,0.103753584616
312.608,544.894,101.0,0.998394738419,0.749498197808,0.103753584616
315.564,546.334,101.0,0.998394738419,0.749498197808,0.103753584616
318.289,548.151,101.0,0.998394738419,0.749498197808,0.103753584616
321.047,549.936,101.0,0.998394738419,0.749498197808,0.103753584616
323.535,552.034,101.0,0.998394738419,0.749498197808,0.103753584616
326.442,553.556,101.0,0.998394738419,0.749498197808,0.103753584616
329.311,555.13,101.0,0.998394738419,0.749498197808,0.103753584616
332.109,556.802,101.0,0.998394738419,0.749498197808,0.103753584616
335.04,558.289,101.0,0.998394738419,0.749498197808,0.103753584616
337.984,559.759,101.0,0.998394738419,0.749498197808,0.103753584616
340.926,561.232,101.0,0.998394738419,0.749498197808,0.103753584616
343.869,562.703,101.0,0.998394738419,0.749498197808,0.103753584616
346.818,564.148,101.0,0.998394738419,0.749498197808,0.103753584616
349.816,565.386,101.0,0.998394738419,0.749498197808,0.103753584616
352.878,566.351,101.0,0.998394738419,0.749498197808,0.103753584616
355.942,567.483,101.0,0.998394738419,0.749498197808,0.103753584616
359.045,568.526,101.0,0.998394738419,0.749498197808,0.103753584616
362.117,569.686,101.0,0.998394738419,0.749498197808,0.103753584616
365.236,570.73,101.0,0.998394738419,0.749498197808,0.103753584616
368.141,572.324,101.0,0.998394738419,0.749498197808,0.103753584616
371.079,573.222,101.0,0.998394738419,0.749498197808,0.103753584616
374.213,573.847,101.0,0.998394738419,0.749498197808,0.103753584616
377.289,575.026,101.0,0.998394738419,0.749498197808,0.103753584616
380.593,574.969,101.0,0.998394738419,0.749498197808,0.103753584616
383.711,575.81,101.0,0.998394738419,0.749498197808,0.103753584616
386.562,576.847,101.0,0.998394738419,0.749498197808,0.103753584616
389.875,576.789,101.0,0.998394738419,0.749498197808,0.103753584616
393.16,576.755,101.0,0.998394738419,0.749498197808,0.103753584616
396.479,576.863,101.0,0.998394738419,0.749498197808,0.103753584616
399.545,575.889,101.0,0.998394738419,0.749498197808,0.103753584616
402.292,574.599,101.0,0.998394738419,0.749498197808,0.103753584616
404.607,572.278,101.0,0.998394738419,0.749498197808,0.103753584616
406.058,569.32,101.0,0.998394738419,0.749498197808,0.103753584616
407.125,566.202,101.0,0.998394738419,0.749498197808,0.103753584616
407.449,562.971,101.0,0.998394738419,0.749498197808,0.103753584616
408.02,559.814,101.0,0.998394738419,0.749498197808,0.103753584616
408.035,556.527,101.0,0.998394738419,0.749498197808,0.103753584616
408.035,553.237,101.0,0.998394738419,0.749498197808,0.103753584616
408.035,549.947,101.0,0.998394738419,0.749498197808,0.103753584616
408.036,546.657,101.0,0.998394738419,0.749498197808,0.103753584616
408.041,543.366,101.0,0.998394738419,0.749498197808,0.103753584616
408.103,540.061,101.0,0.998394738419,0.749498197808,0.103753584616
407.119,537.003,101.0,0.998394738419,0.749498197808,0.103753584616
406.376,533.888,101.0,0.998394738419,0.749498197808,0.103753584616
405.414,530.825,101.0,0.998394738419,0.749498197808,0.103753584616
403.987,527.947,101.0,0.998394738419,0.749498197808,0.103753584616
401.65,525.607,101.0,0.998394738419,0.749498197808,0.103753584616
399.322,523.278,101.0,0.998394738419,0.749498197808,0.103753584616
396.793,521.45,101.0,0.998394738419,0.749498197808,0.103753584616
394.044,519.757,101.0,0.998394738419,0.749498197808,0.103753584616
391.314,517.924,101.0,0.998394738419,0.749498197808,0.103753584616
388.279,516.547,101.0,0.998394738419,0.749498197808,0.103753584616
386.401,514.01,101.0,0.998394738419,0.749498197808,0.103753584616
383.365,512.631,101.0,0.998394738419,0.749498197808,0.103753584616
380.419,511.163,101.0,0.998394738419,0.749498197808,0.103753584616
377.477,509.691,101.0,0.998394738419,0.749498197808,0.103753584616
374.535,508.218,101.0,0.998394738419,0.749498197808,0.103753584616
371.592,506.749,101.0,0.998394738419,0.749498197808,0.103753584616
368.644,505.298,101.0,0.998394738419,0.749498197808,0.103753584616
365.691,503.872,101.0,0.998394738419,0.749498197808,0.103753584616
362.573,503.142,101.0,0.998394738419,0.749498197808,0.103753584616
359.627,501.678,101.0,0.998394738419,0.749498197808,0.103753584616
356.649,500.351,101.0,0.998394738419,0.749498197808,0.103753584616
353.65,499.453,101.0,0.998394738419,0.749498197808,0.103753584616
350.805,497.736,101.0,0.998394738419,0.749498197808,0.103753584616
347.701,496.949,101.0,0.998394738419,0.749498197808,0.103753584616
344.57,496.277,101.0,0.998394738419,0.749498197808,0.103753584616
341.429,495.645,101.0,0.998394738419,0.749498197808,0.103753584616
338.288,495.02,101.0,0.998394738419,0.749498197808,0.103753584616
335.299,493.542,101.0,0.998394738419,0.749498197808,0.103753584616
331.979,493.429,101.0,0.998394738419,0.749498197808,0.103753584616
328.868,492.565,101.0,0.998394738419,0.749498197808,0.103753584616
325.972,491.636,101.0,0.998394738419,0.749498197808,0.103753584616
323.252,489.986,101.0,0.998394738419,0.749498197808,0.103753584616
320.3,488.52,101.0,0.998394738419,0.749498197808,0.103753584616
317.197,487.45,101.0,0.998394738419,0.749498197808,0.103753584616
314.153,486.358,101.0,0.998394738419,0.749498197808,0.103753584616
311.572,484.648,101.0,0.998394738419,0.749498197808,0.103753584616
308.691,483.662,101.0,0.998394738419,0.749498197808,0.103753584616
305.962,481.918,101.0,0.998394738419,0.749498197808,0.103753584616
303.054,481.003,101.0,0.998394738419,0.749498197808,0.103753584616
299.953,480.161,101.0,0.998394738419,0.749498197808,0.103753584616
296.65,480.217,101.0,0.998394738419,0.749498197808,0.103753584616
293.625,479.096,101.0,0.998394738419,0.749498197808,0.103753584616
290.277,479.331,101.0,0.998394738419,0.749498197808,0.103753584616
286.977,479.348,101.0,0.998394738419,0.749498197808,0.103753584616
284.07,478.422,101.0,0.998394738419,0.749498197808,0.103753584616
280.777,478.438,101.0,0.998394738419,0.749498197808,0.103753584616
277.634,477.531,101.0,0.998394738419,0.749498197808,0.103753584616
274.387,477.436,101.0,0.998394738419,0.749498197808,0.103753584616
271.415,476.65,101.0,0.998394738419,0.749498197808,0.103753584616
268.283,476.985,101.0,0.998394738419,0.749498197808,0.103753584616
265.714,478.234,101.0,0.998394738419,0.749498197808,0.103753584616
263.65,480.284,101.0,0.998394738419,0.749498197808,0.103753584616
262.014,483.013,101.0,0.998394738419,0.749498197808,0.103753584616
260.729,486.296,101.0,0.998394738419,0.749498197808,0.103753584616
259.715,490.012,101.0,0.998394738419,0.749498197808,0.103753584616
258.897,494.036,101.0,0.998394738419,0.749498197808,0.103753584616
258.195,498.244,101.0,0.998394738419,0.749498197808,0.103753584616
