296.865,487.825,103.0,0.557239303015,0.743614952556,0.747936188117
293.244,490.153,103.0,0.557239303015,0.743614952556,0.747936188117
291.469,493.581,103.0,0.557239303015,0.743614952556,0.747936188117
289.72,497.31,103.0,0.557239303015,0.743614952556,0.747936188117
288.618,501.169,103.0,0.557239303015,0.743614952556,0.747936188117
287.705,505.076,103.0,0.557239303015,0.743614952556,0.747936188117
286.806,509.08,103.0,0.557239303015,0.743614952556,0.747936188117
286.838,513.204,103.0,0.557239303015,0.743614952556,0.747936188117
286.815,517.327,103.0,0.557239303015,0.743614952556,0.747936188117
287.732,521.229,103.0,0.557239303015,0.743614952556,0.747936188117
288.641,525.131,103.0,0.557239303015,0.743614952556,0.747936188117
290.391,528.674,103.0,0.557239303015,0.743614952556,0.747936188117
292.16,532.024,103.0,0.557239303015,0.743614952556,0.747936188117
295.736,533.798,103.0,0.557239303015,0.743614952556,0.747936188117
299.191,536.038,103.0,0.557239303015,0.743614952556,0.747936188117
303.049,537.462,103.0,0.557239303015,0.743614952556,0.747936188117
306.898,538.929,103.0,0.557239303015,0.743614952556,0.747936188117
309.869,541.745,103.0,0.557239303015,0.743614952556,0.747936188117
313.408,543.63,103.0,0.557239303015,0.743614952556,0.747936188117
316.861,545.813,103.0,0.557239303015,0.743614952556,0.747936188117
320.15,548.311,103.0,0.557239303015,0.743614952556,0.747936188117
323.279,550.963,103.0,0.557239303015,0.743614952556,0.747936188117
326.582,553.331,103.0,0.557239303015,0.743614952556,0.747936188117
329.893,555.687,103.0,0.557239303015,0.743614952556,0.747936188117
333.366,557.821,103.0,0.557239303015,0.743614952556,0.747936188117
336.453,560.496,103.0,0.557239303015,0.743614952556,0.747936188117
339.743,562.976,103.0,0.557239303015,0.743614952556,0.747936188117
342.809,565.686,103.0,0.557239303015,0.743614952556,0.747936188117
346.012,568.194,103.0,0.557239303015,0.743614952556,0.747936188117
349.241,570.666,103.0,0.557239303015,0.743614952556,0.747936188117
352.5,573.104,103.0,0.557239303015,0.743614952556,0.747936188117
356.323,574.573,103.0,0.557239303015,0.743614952556,0.747936188117
359.813,576.801,103.0,0.557239303015,0.743614952556,0.747936188117
363.592,578.352,103.0,0.557239303015,0.743614952556,0.747936188117
367.539,579.427,103.0,0.557239303015,0.743614952556,0.747936188117
371.531,580.19,103.0,0.557239303015,0.743614952556,0.747936188117
375.534,580.715,103.0,0.557239303015,0.743614952556,0.747936188117
379.549,581.153,103.0,0.557239303015,0.743614952556,0.747936188117
383.663,581.172,103.0,0.557239303015,0.743614952556,0.747936188117
387.78,581.174,103.0,0.557239303015,0.743614952556,0.747936188117
391.896,581.168,103.0,0.557239303015,0.743614952556,0.747936188117
396.01,581.158,103.0,0.557239303015,0.743614952556,0.747936188117
400.133,581.173,103.0,0.557239303015,0.743614952556,0.747936188117
403.309,578.868,103.0,0.557239303015,0.743614952556,0.747936188117
405.782,575.586,103.0,0.557239303015,0.743614952556,0.747936188117
407.007,571.852,103.0,0.557239303015,0.743614952556,0.747936188117
407.16,567.773,103.0,0.557239303015,0.743614952556,0.747936188117
407.084,563.635,103.0,0.557239303015,0.743614952556,0.747936188117
408.168,559.76,103.0,0.557239303015,0.743614952556,0.747936188117
407.566,555.727,103.0,0.557239303015,0.743614952556,0.747936188117
407.238,551.696,103.0,0.557239303015,0.743614952556,0.747936188117
406.279,547.805,103.0,0.557239303015,0.743614952556,0.747936188117
405.356,543.841,103.0,0.557239303015,0.743614952556,0.747936188117
404.529,539.92,103.0,0.557239303015,0.743614952556,0.747936188117
403.167,536.4,103.0,0.557239303015,0.743614952556,0.747936188117
401.154,533.006,103.0,0.557239303015,0.743614952556,0.747936188117
398.088,530.446,103.0,0.557239303015,0.743614952556,0.747936188117
395.313,527.711,103.0,0.557239303015,0.743614952556,0.747936188117
392.156,525.308,103.0,0.557239303015,0.743614952556,0.747936188117
389.45,522.144,103.0,0.557239303015,0.743614952556,0.747936188117
386.16,519.754,103.0,0.557239303015,0.743614952556,0.747936188117
383.172,516.938,103.0,0.557239303015,0.743614952556,0.747936188117
380.468,514.121,103.0,0.557239303015,0.743614952556,0.747936188117
376.804,512.224,103.0,0.557239303015,0.743614952556,0.747936188117
373.546,509.788,103.0,0.557239303015,0.743614952556,0.747936188117
369.796,508.041,103.0,0.557239303015,0.743614952556,0.747936188117
366.113,506.198,103.0,0.557239303015,0.743614952556,0.747936188117
362.476,504.276,103.0,0.557239303015,0.743614952556,0.747936188117
358.943,502.177,103.0,0.557239303015,0.743614952556,0.747936188117
355.258,500.337,103.0,0.557239303015,0.743614952556,0.747936188117
351.577,498.492,103.0,0.557239303015,0.743614952556,0.747936188117
347.932,496.577,103.0,0.557239303015,0.743614952556,0.747936188117
345.869,494.032,103.0,0.557239303015,0.743614952556,0.747936188117
345.993,489.611,103.0,0.557239303015,0.743614952556,0.747936188117
344.954,486.213,103.0,0.557239303015,0.743614952556,0.747936188117
342.862,483.741,103.0,0.557239303015,0.743614952556,0.747936188117
339.83,482.097,103.0,0.557239303015,0.743614952556,0.747936188117
335.967,481.184,103.0,0.557239303015,0.743614952556,0.747936188117
331.384,480.904,103.0,0.557239303015,0.743614952556,0.747936188117
326.192,481.159,103.0,0.557239303015,0.743614952556,0.747936188117
320.502,481.853,103.0,0.557239303015,0.743614952556,0.747936188117
314.424,482.888,103.0,0.557239303015,0.743614952556,0.747936188117
308.069,484.167,103.0,0.557239303015,0.743614952556,0.747936188117
301.548,485.592,103.0,0.557239303015,0.743614952556,0.747936188117
