246.202,452.093,129.0,0.557239303015,0.743614952556,0.747936188117
249.032,452.944,129.0,0.557239303015,0.743614952556,0.747936188117
251.931,453.5,129.0,0.557239303015,0.743614952556,0.747936188117
254.891,453.792,129.0,0.557239303015,0.743614952556,0.747936188117
257.861,454.272,129.0,0.557239303015,0.743614952556,0.747936188117
260.828,454.758,129.0,0.557239303015,0.743614952556,0.747936188117
263.779,455.062,129.0,0.557239303015,0.743614952556,0.747936188117
266.681,455.614,129.0,0.557239303015,0.743614952556,0.747936188117
269.432,456.288,129.0,0.557239303015,0.743614952556,0.747936188117
272.029,457.345,129.0,0.557239303015,0.743614952556,0.747936188117
274.929,458.215,129.0,0.557239303015,0.743614952556,0.747936188117
277.682,459.069,129.0,0.557239303015,0.743614952556,0.747936188117
279.777,459.963,129.0,0.557239303015,0.743614952556,0.747936188117
282.434,460.86,129.0,0.557239303015,0.743614952556,0.747936188117
285.127,462.272,129.0,0.557239303015,0.743614952556,0.747936188117
287.466,464.205,129.0,0.557239303015,0.743614952556,0.747936188117
290.349,464.695,129.0,0.557239303015,0.743614952556,0.747936188117
293.029,466.158,129.0,0.557239303015,0.743614952556,0.747936188117
295.232,468.214,129.0,0.557239303015,0.743614952556,0.747936188117
298.054,469.443,129.0,0.557239303015,0.743614952556,0.747936188117
299.662,471.892,129.0,0.557239303015,0.743614952556,0.747936188117
302.542,473.083,129.0,0.557239303015,0.743614952556,0.747936188117
304.616,475.309,129.0,0.557239303015,0.743614952556,0.747936188117
307.177,476.856,129.0,0.557239303015,0.743614952556,0.747936188117
309.07,479.014,129.0,0.557239303015,0.743614952556,0.747936188117
311.358,480.975,129.0,0.557239303015,0.743614952556,0.747936188117
313.993,481.933,129.0,0.557239303015,0.743614952556,0.747936188117
316.209,483.902,129.0,0.557239303015,0.743614952556,0.747936188117
318.316,486.14,129.0,0.557239303015,0.743614952556,0.747936188117
320.491,488.241,129.0,0.557239303015,0.743614952556,0.747936188117
322.877,490.145,129.0,0.557239303015,0.743614952556,0.747936188117
325.124,491.542,129.0,0.557239303015,0.743614952556,0.747936188117
327.374,493.443,129.0,0.557239303015,0.743614952556,0.747936188117
329.469,495.648,129.0,0.557239303015,0.743614952556,0.747936188117
331.641,497.754,129.0,0.557239303015,0.743614952556,0.747936188117
333.825,499.87,129.0,0.557239303015,0.743614952556,0.747936188117
336.811,500.32,129.0,0.557239303015,0.743614952556,0.747936188117
338.723,502.125,129.0,0.557239303015,0.743614952556,0.747936188117
340.594,503.992,129.0,0.557239303015,0.743614952556,0.747936188117
343.596,504.414,129.0,0.557239303015,0.743614952556,0.747936188117
345.797,506.611,129.0,0.557239303015,0.743614952556,0.747936188117
348.565,507.894,129.0,0.557239303015,0.743614952556,0.747936188117
350.789,509.944,129.0,0.557239303015,0.743614952556,0.747936188117
353.802,510.286,129.0,0.557239303015,0.743614952556,0.747936188117
355.493,512.703,129.0,0.557239303015,0.743614952556,0.747936188117
358.148,513.907,129.0,0.557239303015,0.743614952556,0.747936188117
360.737,515.499,129.0,0.557239303015,0.743614952556,0.747936188117
362.727,517.103,129.0,0.557239303015,0.743614952556,0.747936188117
365.303,518.461,129.0,0.557239303015,0.743614952556,0.747936188117
367.119,520.812,129.0,0.557239303015,0.743614952556,0.747936188117
369.9,522.058,129.0,0.557239303015,0.743614952556,0.747936188117
372.391,523.645,129.0,0.557239303015,0.743614952556,0.747936188117
374.899,525.198,129.0,0.557239303015,0.743614952556,0.747936188117
377.299,526.726,129.0,0.557239303015,0.743614952556,0.747936188117
379.468,528.847,129.0,0.557239303015,0.743614952556,0.747936188117
381.688,530.087,129.0,0.557239303015,0.743614952556,0.747936188117
384.205,531.715,129.0,0.557239303015,0.743614952556,0.747936188117
384.324,534.709,129.0,0.557239303015,0.743614952556,0.747936188117
384.275,537.76,129.0,0.557239303015,0.743614952556,0.747936188117
385.435,540.308,129.0,0.557239303015,0.743614952556,0.747936188117
385.201,543.437,129.0,0.557239303015,0.743614952556,0.747936188117
385.837,546.318,129.0,0.557239303015,0.743614952556,0.747936188117
386.082,549.291,129.0,0.557239303015,0.743614952556,0.747936188117
386.081,552.322,129.0,0.557239303015,0.743614952556,0.747936188117
386.08,555.353,129.0,0.557239303015,0.743614952556,0.747936188117
386.08,558.384,129.0,0.557239303015,0.743614952556,0.747936188117
386.08,561.414,129.0,0.557239303015,0.743614952556,0.747936188117
386.08,564.445,129.0,0.557239303015,0.743614952556,0.747936188117
386.08,567.476,129.0,0.557239303015,0.743614952556,0.747936188117
386.081,570.507,129.0,0.557239303015,0.743614952556,0.747936188117
386.111,573.541,129.0,0.557239303015,0.743614952556,0.747936188117
385.482,576.501,129.0,0.557239303015,0.743614952556,0.747936188117
385.213,579.495,129.0,0.557239303015,0.743614952556,0.747936188117
384.902,582.402,129.0,0.557239303015,0.743614952556,0.747936188117
383.476,584.849,129.0,0.557239303015,0.743614952556,0.747936188117
382.004,586.388,129.0,0.557239303015,0.743614952556,0.747936188117
379.687,588.234,129.0,0.557239303015,0.743614952556,0.747936188117
377.03,589.771,129.0,0.557239303015,0.743614952556,0.747936188117
374.101,590.214,129.0,0.557239303015,0.743614952556,0.747936188117
371.212,590.851,129.0,0.557239303015,0.743614952556,0.747936188117
368.758,589.113,129.0,0.557239303015,0.743614952556,0.747936188117
365.736,589.052,129.0,0.557239303015,0.743614952556,0.747936188117
363.015,587.723,129.0,0.557239303015,0.743614952556,0.747936188117
360.311,586.32,129.0,0.557239303015,0.743614952556,0.747936188117
357.894,584.554,129.0,0.557239303015,0.743614952556,0.747936188117
355.366,582.946,129.0,0.557239303015,0.743614952556,0.747936188117
353.135,580.923,129.0,0.557239303015,0.743614952556,0.747936188117
350.746,579.137,129.0,0.557239303015,0.743614952556,0.747936188117
348.216,577.539,129.0,0.557239303015,0.743614952556,0.747936188117
346.453,575.181,129.0,0.557239303015,0.743614952556,0.747936188117
344.338,573.129,129.0,0.557239303015,0.743614952556,0.747936188117
342.0,571.4,129.0,0.557239303015,0.743614952556,0.747936188117
339.777,569.38,129.0,0.557239303015,0.743614952556,0.747936188117
337.15,567.862,129.0,0.557239303015,0.743614952556,0.747936188117
334.497,566.399,129.0,0.557239303015,0.743614952556,0.747936188117
332.287,564.349,129.0,0.557239303015,0.743614952556,0.747936188117
329.786,562.706,129.0,0.557239303015,0.743614952556,0.747936188117
327.425,560.836,129.0,0.557239303015,0.743614952556,0.747936188117
324.765,559.357,129.0,0.557239303015,0.743614952556,0.747936188117
322.561,557.298,129.0,0.557239303015,0.743614952556,0.747936188117
320.106,555.587,129.0,0.557239303015,0.743614952556,0.747936188117
317.593,553.957,129.0,0.557239303015,0.743614952556,0.747936188117
315.435,551.841,129.0,0.557239303015,0.743614952556,0.747936188117
313.073,549.941,129.0,0.557239303015,0.743614952556,0.747936188117
310.379,548.549,129.0,0.557239303015,0.743614952556,0.747936188117
308.279,546.342,129.0,0.557239303015,0.743614952556,0.747936188117
305.582,544.931,129.0,0.557239303015,0.743614952556,0.747936188117
303.013,543.214,129.0,0.557239303015,0.743614952556,0.747936188117
302.062,540.243,129.0,0.557239303015,0.743614952556,0.747936188117
299.328,539.17,129.0,0.557239303015,0.743614952556,0.747936188117
297.616,536.83,129.0,0.557239303015,0.743614952556,0.747936188117
295.14,535.104,129.0,0.557239303015,0.743614952556,0.747936188117
292.964,532.97,129.0,0.557239303015,0.743614952556,0.747936188117
291.361,530.435,129.0,0.557239303015,0.743614952556,0.747936188117
289.125,528.359,129.0,0.557239303015,0.743614952556,0.747936188117
287.369,525.937,129.0,0.557239303015,0.743614952556,0.747936188117
285.573,523.537,129.0,0.557239303015,0.743614952556,0.747936188117
284.613,520.642,129.0,0.557239303015,0.743614952556,0.747936188117
283.327,517.905,129.0,0.557239303015,0.743614952556,0.747936188117
282.388,515.264,129.0,0.557239303015,0.743614952556,0.747936188117
281.612,512.55,129.0,0.557239303015,0.743614952556,0.747936188117
281.625,509.529,129.0,0.557239303015,0.743614952556,0.747936188117
280.744,506.705,129.0,0.557239303015,0.743614952556,0.747936188117
280.191,503.805,129.0,0.557239303015,0.743614952556,0.747936188117
279.819,500.862,129.0,0.557239303015,0.743614952556,0.747936188117
279.308,498.045,129.0,0.557239303015,0.743614952556,0.747936188117
277.751,495.67,129.0,0.557239303015,0.743614952556,0.747936188117
275.775,494.291,129.0,0.557239303015,0.743614952556,0.747936188117
273.524,492.441,129.0,0.557239303015,0.743614952556,0.747936188117
270.909,491.43,129.0,0.557239303015,0.743614952556,0.747936188117
268.065,490.905,129.0,0.557239303015,0.743614952556,0.747936188117
266.266,488.901,129.0,0.557239303015,0.743614952556,0.747936188117
263.727,487.69,129.0,0.557239303015,0.743614952556,0.747936188117
260.846,487.329,129.0,0.557239303015,0.743614952556,0.747936188117
258.597,485.439,129.0,0.557239303015,0.743614952556,0.747936188117
256.27,483.742,129.0,0.557239303015,0.743614952556,0.747936188117
253.62,482.823,129.0,0.557239303015,0.743614952556,0.747936188117
251.322,481.053,129.0,0.557239303015,0.743614952556,0.747936188117
249.024,479.284,129.0,0.557239303015,0.743614952556,0.747936188117
246.388,478.332,129.0,0.557239303015,0.743614952556,0.747936188117
243.986,476.813,129.0,0.557239303015,0.743614952556,0.747936188117
241.309,475.96,129.0,0.557239303015,0.743614952556,0.747936188117
239.147,473.809,129.0,0.557239303015,0.743614952556,0.747936188117
236.247,473.164,129.0,0.557239303015,0.743614952556,0.747936188117
234.166,472.212,129.0,0.557239303015,0.743614952556,0.747936188117
235.11,468.628,129.0,0.557239303015,0.743614952556,0.747936188117
236.25,465.429,129.0,0.557239303015,0.743614952556,0.747936188117
237.557,462.557,129.0,0.557239303015,0.743614952556,0.747936188117
239.001,459.951,129.0,0.557239303015,0.743614952556,0.747936188117
240.551,457.554,129.0,0.557239303015,0.743614952556,0.747936188117
242.176,455.304,129.0,0.557239303015,0.743614952556,0.747936188117
243.847,453.144,129.0,0.557239303015,0.743614952556,0.747936188117
