250.904,452.091,132.0,0.998394738419,0.749498197808,0.103753584616
253.342,452.921,132.0,0.998394738419,0.749498197808,0.103753584616
255.979,452.919,132.0,0.998394738419,0.749498197808,0.103753584616
258.206,453.857,132.0,0.998394738419,0.749498197808,0.103753584616
260.642,454.752,132.0,0.998394738419,0.749498197808,0.103753584616
263.283,454.705,132.0,0.998394738419,0.749498197808,0.103753584616
265.707,455.578,132.0,0.998394738419,0.749498197808,0.103753584616
268.343,455.571,132.0,0.998394738419,0.749498197808,0.103753584616
270.571,456.54,132.0,0.998394738419,0.749498197808,0.103753584616
273.216,456.502,132.0,0.998394738419,0.749498197808,0.103753584616
275.476,457.401,132.0,0.998394738419,0.749498197808,0.103753584616
277.977,458.233,132.0,0.998394738419,0.749498197808,0.103753584616
280.394,458.751,132.0,0.998394738419,0.749498197808,0.103753584616
282.2,460.741,132.0,0.998394738419,0.749498197808,0.103753584616
284.382,461.893,132.0,0.998394738419,0.749498197808,0.103753584616
285.505,464.042,132.0,0.998394738419,0.749498197808,0.103753584616
287.423,465.878,132.0,0.998394738419,0.749498197808,0.103753584616
288.64,467.989,132.0,0.998394738419,0.749498197808,0.103753584616
290.922,469.319,132.0,0.998394738419,0.749498197808,0.103753584616
292.146,471.431,132.0,0.998394738419,0.749498197808,0.103753584616
294.695,471.775,132.0,0.998394738419,0.749498197808,0.103753584616
297.24,472.651,132.0,0.998394738419,0.749498197808,0.103753584616
299.336,474.08,132.0,0.998394738419,0.749498197808,0.103753584616
301.866,474.531,132.0,0.998394738419,0.749498197808,0.103753584616
304.408,474.912,132.0,0.998394738419,0.749498197808,0.103753584616
306.778,476.081,132.0,0.998394738419,0.749498197808,0.103753584616
308.859,477.615,132.0,0.998394738419,0.749498197808,0.103753584616
310.971,479.123,132.0,0.998394738419,0.749498197808,0.103753584616
313.329,480.293,132.0,0.998394738419,0.749498197808,0.103753584616
315.236,482.097,132.0,0.998394738419,0.749498197808,0.103753584616
317.185,483.645,132.0,0.998394738419,0.749498197808,0.103753584616
318.847,485.638,132.0,0.998394738419,0.749498197808,0.103753584616
320.726,487.249,132.0,0.998394738419,0.749498197808,0.103753584616
322.431,489.197,132.0,0.998394738419,0.749498197808,0.103753584616
324.444,490.748,132.0,0.998394738419,0.749498197808,0.103753584616
325.953,492.853,132.0,0.998394738419,0.749498197808,0.103753584616
328.636,493.797,132.0,0.998394738419,0.749498197808,0.103753584616
329.457,496.067,132.0,0.998394738419,0.749498197808,0.103753584616
331.974,497.334,132.0,0.998394738419,0.749498197808,0.103753584616
333.351,499.458,132.0,0.998394738419,0.749498197808,0.103753584616
335.628,500.753,132.0,0.998394738419,0.749498197808,0.103753584616
336.918,503.037,132.0,0.998394738419,0.749498197808,0.103753584616
339.088,504.506,132.0,0.998394738419,0.749498197808,0.103753584616
340.753,506.574,132.0,0.998394738419,0.749498197808,0.103753584616
342.859,507.358,132.0,0.998394738419,0.749498197808,0.103753584616
344.789,509.106,132.0,0.998394738419,0.749498197808,0.103753584616
346.285,510.793,132.0,0.998394738419,0.749498197808,0.103753584616
348.229,512.574,132.0,0.998394738419,0.749498197808,0.103753584616
350.091,514.433,132.0,0.998394738419,0.749498197808,0.103753584616
352.205,515.268,132.0,0.998394738419,0.749498197808,0.103753584616
354.128,516.544,132.0,0.998394738419,0.749498197808,0.103753584616
356.346,517.819,132.0,0.998394738419,0.749498197808,0.103753584616
357.915,518.819,132.0,0.998394738419,0.749498197808,0.103753584616
359.962,520.499,132.0,0.998394738419,0.749498197808,0.103753584616
362.276,521.379,132.0,0.998394738419,0.749498197808,0.103753584616
364.887,521.425,132.0,0.998394738419,0.749498197808,0.103753584616
366.775,523.216,132.0,0.998394738419,0.749498197808,0.103753584616
368.837,524.526,132.0,0.998394738419,0.749498197808,0.103753584616
371.14,525.806,132.0,0.998394738419,0.749498197808,0.103753584616
372.349,527.946,132.0,0.998394738419,0.749498197808,0.103753584616
374.631,529.269,132.0,0.998394738419,0.749498197808,0.103753584616
375.832,531.389,132.0,0.998394738419,0.749498197808,0.103753584616
377.308,533.404,132.0,0.998394738419,0.749498197808,0.103753584616
378.218,535.824,132.0,0.998394738419,0.749498197808,0.103753584616
379.019,538.117,132.0,0.998394738419,0.749498197808,0.103753584616
379.949,540.349,132.0,0.998394738419,0.749498197808,0.103753584616
381.021,542.712,132.0,0.998394738419,0.749498197808,0.103753584616
381.683,545.056,132.0,0.998394738419,0.749498197808,0.103753584616
382.841,547.422,132.0,0.998394738419,0.749498197808,0.103753584616
383.48,549.962,132.0,0.998394738419,0.749498197808,0.103753584616
383.36,552.617,132.0,0.998394738419,0.749498197808,0.103753584616
384.348,555.015,132.0,0.998394738419,0.749498197808,0.103753584616
384.479,557.711,132.0,0.998394738419,0.749498197808,0.103753584616
383.418,559.904,132.0,0.998394738419,0.749498197808,0.103753584616
383.325,562.526,132.0,0.998394738419,0.749498197808,0.103753584616
382.276,564.969,132.0,0.998394738419,0.749498197808,0.103753584616
381.693,567.448,132.0,0.998394738419,0.749498197808,0.103753584616
380.717,569.843,132.0,0.998394738419,0.749498197808,0.103753584616
379.905,572.131,132.0,0.998394738419,0.749498197808,0.103753584616
379.989,574.797,132.0,0.998394738419,0.749498197808,0.103753584616
379.064,577.044,132.0,0.998394738419,0.749498197808,0.103753584616
378.284,579.353,132.0,0.998394738419,0.749498197808,0.103753584616
376.966,581.212,132.0,0.998394738419,0.749498197808,0.103753584616
374.799,582.648,132.0,0.998394738419,0.749498197808,0.103753584616
373.176,583.71,132.0,0.998394738419,0.749498197808,0.103753584616
370.783,584.48,132.0,0.998394738419,0.749498197808,0.103753584616
368.19,584.673,132.0,0.998394738419,0.749498197808,0.103753584616
365.57,584.666,132.0,0.998394738419,0.749498197808,0.103753584616
362.963,584.565,132.0,0.998394738419,0.749498197808,0.103753584616
360.515,583.799,132.0,0.998394738419,0.749498197808,0.103753584616
358.338,582.321,132.0,0.998394738419,0.749498197808,0.103753584616
356.02,581.05,132.0,0.998394738419,0.749498197808,0.103753584616
353.57,580.293,132.0,0.998394738419,0.749498197808,0.103753584616
351.705,578.427,132.0,0.998394738419,0.749498197808,0.103753584616
349.28,577.366,132.0,0.998394738419,0.749498197808,0.103753584616
347.233,575.762,132.0,0.998394738419,0.749498197808,0.103753584616
344.98,574.45,132.0,0.998394738419,0.749498197808,0.103753584616
343.123,572.563,132.0,0.998394738419,0.749498197808,0.103753584616
340.796,571.303,132.0,0.998394738419,0.749498197808,0.103753584616
338.688,569.792,132.0,0.998394738419,0.749498197808,0.103753584616
336.61,568.234,132.0,0.998394738419,0.749498197808,0.103753584616
334.231,567.095,132.0,0.998394738419,0.749498197808,0.103753584616
332.358,565.255,132.0,0.998394738419,0.749498197808,0.103753584616
329.946,564.159,132.0,0.998394738419,0.749498197808,0.103753584616
327.957,562.5,132.0,0.998394738419,0.749498197808,0.103753584616
325.957,560.798,132.0,0.998394738419,0.749498197808,0.103753584616
324.127,559.109,132.0,0.998394738419,0.749498197808,0.103753584616
322.16,557.553,132.0,0.998394738419,0.749498197808,0.103753584616
320.252,555.752,132.0,0.998394738419,0.749498197808,0.103753584616
318.146,554.157,132.0,0.998394738419,0.749498197808,0.103753584616
316.361,552.341,132.0,0.998394738419,0.749498197808,0.103753584616
314.543,550.65,132.0,0.998394738419,0.749498197808,0.103753584616
312.539,548.962,132.0,0.998394738419,0.749498197808,0.103753584616
310.719,547.065,132.0,0.998394738419,0.749498197808,0.103753584616
308.301,546.074,132.0,0.998394738419,0.749498197808,0.103753584616
306.469,544.877,132.0,0.998394738419,0.749498197808,0.103753584616
304.383,543.393,132.0,0.998394738419,0.749498197808,0.103753584616
302.479,541.649,132.0,0.998394738419,0.749498197808,0.103753584616
300.359,540.297,132.0,0.998394738419,0.749498197808,0.103753584616
297.761,539.962,132.0,0.998394738419,0.749498197808,0.103753584616
295.603,538.467,132.0,0.998394738419,0.749498197808,0.103753584616
293.306,537.549,132.0,0.998394738419,0.749498197808,0.103753584616
290.821,537.146,132.0,0.998394738419,0.749498197808,0.103753584616
288.517,535.839,132.0,0.998394738419,0.749498197808,0.103753584616
286.088,534.772,132.0,0.998394738419,0.749498197808,0.103753584616
284.72,532.75,132.0,0.998394738419,0.749498197808,0.103753584616
281.742,532.614,132.0,0.998394738419,0.749498197808,0.103753584616
280.725,530.269,132.0,0.998394738419,0.749498197808,0.103753584616
278.507,529.123,132.0,0.998394738419,0.749498197808,0.103753584616
277.097,527.403,132.0,0.998394738419,0.749498197808,0.103753584616
275.534,525.305,132.0,0.998394738419,0.749498197808,0.103753584616
274.335,522.977,132.0,0.998394738419,0.749498197808,0.103753584616
272.806,520.838,132.0,0.998394738419,0.749498197808,0.103753584616
271.855,518.587,132.0,0.998394738419,0.749498197808,0.103753584616
271.568,515.987,132.0,0.998394738419,0.749498197808,0.103753584616
270.126,513.89,132.0,0.998394738419,0.749498197808,0.103753584616
270.175,511.245,132.0,0.998394738419,0.749498197808,0.103753584616
269.509,508.712,132.0,0.998394738419,0.749498197808,0.103753584616
268.368,506.344,132.0,0.998394738419,0.749498197808,0.103753584616
268.415,503.702,132.0,0.998394738419,0.749498197808,0.103753584616
268.402,501.076,132.0,0.998394738419,0.749498197808,0.103753584616
268.401,498.446,132.0,0.998394738419,0.749498197808,0.103753584616
268.402,495.816,132.0,0.998394738419,0.749498197808,0.103753584616
268.401,493.187,132.0,0.998394738419,0.749498197808,0.103753584616
268.394,490.561,132.0,0.998394738419,0.749498197808,0.103753584616
268.575,487.818,132.0,0.998394738419,0.749498197808,0.103753584616
266.668,486.369,132.0,0.998394738419,0.749498197808,0.103753584616
266.152,483.874,132.0,0.998394738419,0.749498197808,0.103753584616
264.007,482.715,132.0,0.998394738419,0.749498197808,0.103753584616
262.186,481.908,132.0,0.998394738419,0.749498197808,0.103753584616
260.288,480.136,132.0,0.998394738419,0.749498197808,0.103753584616
257.687,480.065,132.0,0.998394738419,0.749498197808,0.103753584616
255.858,478.127,132.0,0.998394738419,0.749498197808,0.103753584616
253.87,476.606,132.0,0.998394738419,0.749498197808,0.103753584616
251.279,476.199,132.0,0.998394738419,0.749498197808,0.103753584616
249.146,474.909,132.0,0.998394738419,0.749498197808,0.103753584616
247.344,474.085,132.0,0.998394738419,0.749498197808,0.103753584616
245.024,473.415,132.0,0.998394738419,0.749498197808,0.103753584616
242.893,472.205,132.0,0.998394738419,0.749498197808,0.103753584616
241.125,470.885,132.0,0.998394738419,0.749498197808,0.103753584616
240.506,468.249,132.0,0.998394738419,0.749498197808,0.103753584616
239.672,466.085,132.0,0.998394738419,0.749498197808,0.103753584616
239.733,463.876,132.0,0.998394738419,0.749498197808,0.103753584616
240.555,461.626,132.0,0.998394738419,0.749498197808,0.103753584616
241.999,459.343,132.0,0.998394738419,0.749498197808,0.103753584616
243.928,457.035,132.0,0.998394738419,0.749498197808,0.103753584616
246.202,454.708,132.0,0.998394738419,0.749498197808,0.103753584616
248.684,452.371,132.0,0.998394738419,0.749498197808,0.103753584616
