245.19,448.505,135.0,0.557239303015,0.743614952556,0.747936188117
247.477,449.513,135.0,0.557239303015,0.743614952556,0.747936188117
249.842,450.335,135.0,0.557239303015,0.743614952556,0.747936188117
252.554,450.313,135.0,0.557239303015,0.743614952556,0.747936188117
254.981,451.332,135.0,0.557239303015,0.743614952556,0.747936188117
257.831,451.124,135.0,0.557239303015,0.743614952556,0.747936188117
259.575,452.086,135.0,0.557239303015,0.743614952556,0.747936188117
262.279,452.046,135.0,0.557239303015,0.743614952556,0.747936188117
264.9,452.703,135.0,0.557239303015,0.743614952556,0.747936188117
267.55,452.97,135.0,0.557239303015,0.743614952556,0.747936188117
269.924,453.77,135.0,0.557239303015,0.743614952556,0.747936188117
272.258,454.66,135.0,0.557239303015,0.743614952556,0.747936188117
274.795,455.281,135.0,0.557239303015,0.743614952556,0.747936188117
277.429,456.076,135.0,0.557239303015,0.743614952556,0.747936188117
279.632,457.37,135.0,0.557239303015,0.743614952556,0.747936188117
282.218,457.989,135.0,0.557239303015,0.743614952556,0.747936188117
284.442,459.196,135.0,0.557239303015,0.743614952556,0.747936188117
286.448,460.875,135.0,0.557239303015,0.743614952556,0.747936188117
288.932,461.887,135.0,0.557239303015,0.743614952556,0.747936188117
291.111,463.447,135.0,0.557239303015,0.743614952556,0.747936188117
293.265,464.778,135.0,0.557239303015,0.743614952556,0.747936188117
295.731,465.546,135.0,0.557239303015,0.743614952556,0.747936188117
297.756,467.363,135.0,0.557239303015,0.743614952556,0.747936188117
299.598,469.464,135.0,0.557239303015,0.743614952556,0.747936188117
302.152,469.855,135.0,0.557239303015,0.743614952556,0.747936188117
303.497,472.257,135.0,0.557239303015,0.743614952556,0.747936188117
306.235,472.443,135.0,0.557239303015,0.743614952556,0.747936188117
307.692,474.784,135.0,0.557239303015,0.743614952556,0.747936188117
309.843,476.016,135.0,0.557239303015,0.743614952556,0.747936188117
312.225,477.158,135.0,0.557239303015,0.743614952556,0.747936188117
314.363,478.707,135.0,0.557239303015,0.743614952556,0.747936188117
316.475,480.169,135.0,0.557239303015,0.743614952556,0.747936188117
317.866,482.413,135.0,0.557239303015,0.743614952556,0.747936188117
320.491,483.104,135.0,0.557239303015,0.743614952556,0.747936188117
321.1,485.524,135.0,0.557239303015,0.743614952556,0.747936188117
323.209,487.166,135.0,0.557239303015,0.743614952556,0.747936188117
324.605,488.959,135.0,0.557239303015,0.743614952556,0.747936188117
326.229,490.65,135.0,0.557239303015,0.743614952556,0.747936188117
328.131,492.557,135.0,0.557239303015,0.743614952556,0.747936188117
330.039,493.379,135.0,0.557239303015,0.743614952556,0.747936188117
331.848,495.57,135.0,0.557239303015,0.743614952556,0.747936188117
334.132,496.471,135.0,0.557239303015,0.743614952556,0.747936188117
336.2,498.285,135.0,0.557239303015,0.743614952556,0.747936188117
338.238,500.01,135.0,0.557239303015,0.743614952556,0.747936188117
340.577,501.333,135.0,0.557239303015,0.743614952556,0.747936188117
342.842,502.82,135.0,0.557239303015,0.743614952556,0.747936188117
344.872,504.597,135.0,0.557239303015,0.743614952556,0.747936188117
347.122,506.074,135.0,0.557239303015,0.743614952556,0.747936188117
348.878,508.285,135.0,0.557239303015,0.743614952556,0.747936188117
351.147,509.288,135.0,0.557239303015,0.743614952556,0.747936188117
352.692,511.436,135.0,0.557239303015,0.743614952556,0.747936188117
354.857,513.021,135.0,0.557239303015,0.743614952556,0.747936188117
356.239,515.317,135.0,0.557239303015,0.743614952556,0.747936188117
358.69,515.95,135.0,0.557239303015,0.743614952556,0.747936188117
360.463,518.002,135.0,0.557239303015,0.743614952556,0.747936188117
362.41,519.855,135.0,0.557239303015,0.743614952556,0.747936188117
363.122,522.276,135.0,0.557239303015,0.743614952556,0.747936188117
364.987,523.833,135.0,0.557239303015,0.743614952556,0.747936188117
366.741,525.818,135.0,0.557239303015,0.743614952556,0.747936188117
368.103,528.12,135.0,0.557239303015,0.743614952556,0.747936188117
370.033,530.148,135.0,0.557239303015,0.743614952556,0.747936188117
370.804,532.461,135.0,0.557239303015,0.743614952556,0.747936188117
372.929,534.072,135.0,0.557239303015,0.743614952556,0.747936188117
373.878,536.561,135.0,0.557239303015,0.743614952556,0.747936188117
375.317,538.8,135.0,0.557239303015,0.743614952556,0.747936188117
376.434,541.213,135.0,0.557239303015,0.743614952556,0.747936188117
376.928,543.801,135.0,0.557239303015,0.743614952556,0.747936188117
377.585,546.296,135.0,0.557239303015,0.743614952556,0.747936188117
379.049,548.103,135.0,0.557239303015,0.743614952556,0.747936188117
379.934,550.438,135.0,0.557239303015,0.743614952556,0.747936188117
379.935,553.143,135.0,0.557239303015,0.743614952556,0.747936188117
379.942,555.857,135.0,0.557239303015,0.743614952556,0.747936188117
379.961,558.566,135.0,0.557239303015,0.743614952556,0.747936188117
379.045,560.892,135.0,0.557239303015,0.743614952556,0.747936188117
379.055,563.601,135.0,0.557239303015,0.743614952556,0.747936188117
379.056,566.307,135.0,0.557239303015,0.743614952556,0.747936188117
379.088,569.044,135.0,0.557239303015,0.743614952556,0.747936188117
378.091,570.82,135.0,0.557239303015,0.743614952556,0.747936188117
376.711,572.938,135.0,0.557239303015,0.743614952556,0.747936188117
375.51,575.139,135.0,0.557239303015,0.743614952556,0.747936188117
373.87,576.718,135.0,0.557239303015,0.743614952556,0.747936188117
372.883,578.428,135.0,0.557239303015,0.743614952556,0.747936188117
371.55,580.346,135.0,0.557239303015,0.743614952556,0.747936188117
369.38,581.379,135.0,0.557239303015,0.743614952556,0.747936188117
367.57,582.935,135.0,0.557239303015,0.743614952556,0.747936188117
364.87,582.93,135.0,0.557239303015,0.743614952556,0.747936188117
362.163,582.936,135.0,0.557239303015,0.743614952556,0.747936188117
359.453,582.955,135.0,0.557239303015,0.743614952556,0.747936188117
356.887,582.362,135.0,0.557239303015,0.743614952556,0.747936188117
354.251,582.061,135.0,0.557239303015,0.743614952556,0.747936188117
351.592,581.517,135.0,0.557239303015,0.743614952556,0.747936188117
349.162,580.293,135.0,0.557239303015,0.743614952556,0.747936188117
346.653,579.47,135.0,0.557239303015,0.743614952556,0.747936188117
344.335,578.115,135.0,0.557239303015,0.743614952556,0.747936188117
342.339,576.313,135.0,0.557239303015,0.743614952556,0.747936188117
339.636,575.539,135.0,0.557239303015,0.743614952556,0.747936188117
337.95,573.694,135.0,0.557239303015,0.743614952556,0.747936188117
336.489,571.373,135.0,0.557239303015,0.743614952556,0.747936188117
334.258,569.753,135.0,0.557239303015,0.743614952556,0.747936188117
331.91,568.333,135.0,0.557239303015,0.743614952556,0.747936188117
330.592,566.006,135.0,0.557239303015,0.743614952556,0.747936188117
328.623,564.14,135.0,0.557239303015,0.743614952556,0.747936188117
326.564,562.408,135.0,0.557239303015,0.743614952556,0.747936188117
324.826,560.554,135.0,0.557239303015,0.743614952556,0.747936188117
322.853,558.781,135.0,0.557239303015,0.743614952556,0.747936188117
320.736,557.167,135.0,0.557239303015,0.743614952556,0.747936188117
318.752,555.346,135.0,0.557239303015,0.743614952556,0.747936188117
316.275,554.221,135.0,0.557239303015,0.743614952556,0.747936188117
314.578,552.098,135.0,0.557239303015,0.743614952556,0.747936188117
312.389,551.332,135.0,0.557239303015,0.743614952556,0.747936188117
310.923,548.989,135.0,0.557239303015,0.743614952556,0.747936188117
308.585,548.17,135.0,0.557239303015,0.743614952556,0.747936188117
305.535,547.559,135.0,0.557239303015,0.743614952556,0.747936188117
304.345,545.867,135.0,0.557239303015,0.743614952556,0.747936188117
302.012,544.471,135.0,0.557239303015,0.743614952556,0.747936188117
300.094,542.556,135.0,0.557239303015,0.743614952556,0.747936188117
297.68,542.049,135.0,0.557239303015,0.743614952556,0.747936188117
296.186,539.676,135.0,0.557239303015,0.743614952556,0.747936188117
293.595,538.854,135.0,0.557239303015,0.743614952556,0.747936188117
291.697,536.896,135.0,0.557239303015,0.743614952556,0.747936188117
289.403,535.458,135.0,0.557239303015,0.743614952556,0.747936188117
287.396,533.673,135.0,0.557239303015,0.743614952556,0.747936188117
285.614,531.581,135.0,0.557239303015,0.743614952556,0.747936188117
283.306,530.216,135.0,0.557239303015,0.743614952556,0.747936188117
281.313,528.483,135.0,0.557239303015,0.743614952556,0.747936188117
279.746,526.635,135.0,0.557239303015,0.743614952556,0.747936188117
277.413,525.283,135.0,0.557239303015,0.743614952556,0.747936188117
276.16,522.896,135.0,0.557239303015,0.743614952556,0.747936188117
274.78,520.423,135.0,0.557239303015,0.743614952556,0.747936188117
272.385,519.504,135.0,0.557239303015,0.743614952556,0.747936188117
271.874,516.925,135.0,0.557239303015,0.743614952556,0.747936188117
271.037,514.418,135.0,0.557239303015,0.743614952556,0.747936188117
270.191,511.912,135.0,0.557239303015,0.743614952556,0.747936188117
269.853,509.287,135.0,0.557239303015,0.743614952556,0.747936188117
269.088,506.758,135.0,0.557239303015,0.743614952556,0.747936188117
269.263,504.022,135.0,0.557239303015,0.743614952556,0.747936188117
269.303,501.297,135.0,0.557239303015,0.743614952556,0.747936188117
268.356,498.985,135.0,0.557239303015,0.743614952556,0.747936188117
268.354,496.247,135.0,0.557239303015,0.743614952556,0.747936188117
269.136,493.727,135.0,0.557239303015,0.743614952556,0.747936188117
269.33,491.059,135.0,0.557239303015,0.743614952556,0.747936188117
270.095,488.451,135.0,0.557239303015,0.743614952556,0.747936188117
270.155,485.754,135.0,0.557239303015,0.743614952556,0.747936188117
270.162,483.048,135.0,0.557239303015,0.743614952556,0.747936188117
269.63,480.562,135.0,0.557239303015,0.743614952556,0.747936188117
268.64,478.222,135.0,0.557239303015,0.743614952556,0.747936188117
266.173,476.875,135.0,0.557239303015,0.743614952556,0.747936188117
264.808,474.852,135.0,0.557239303015,0.743614952556,0.747936188117
262.381,474.093,135.0,0.557239303015,0.743614952556,0.747936188117
260.117,473.041,135.0,0.557239303015,0.743614952556,0.747936188117
257.519,472.475,135.0,0.557239303015,0.743614952556,0.747936188117
255.226,471.395,135.0,0.557239303015,0.743614952556,0.747936188117
252.886,470.513,135.0,0.557239303015,0.743614952556,0.747936188117
250.567,469.578,135.0,0.557239303015,0.743614952556,0.747936188117
247.996,469.003,135.0,0.557239303015,0.743614952556,0.747936188117
245.674,467.955,135.0,0.557239303015,0.743614952556,0.747936188117
242.994,467.899,135.0,0.557239303015,0.743614952556,0.747936188117
240.431,467.028,135.0,0.557239303015,0.743614952556,0.747936188117
237.726,467.03,135.0,0.557239303015,0.743614952556,0.747936188117
236.871,464.72,135.0,0.557239303015,0.743614952556,0.747936188117
237.469,462.028,135.0,0.557239303015,0.743614952556,0.747936188117
238.302,459.439,135.0,0.557239303015,0.743614952556,0.747936188117
239.327,456.935,135.0,0.557239303015,0.743614952556,0.747936188117
240.502,454.497,135.0,0.557239303015,0.743614952556,0.747936188117
241.783,452.106,135.0,0.557239303015,0.743614952556,0.747936188117
243.129,449.743,135.0,0.557239303015,0.743614952556,0.747936188117
