245.798,449.035,139.0,0.557239303015,0.743614952556,0.747936188117
248.54,450.478,139.0,0.557239303015,0.743614952556,0.747936188117
251.166,451.745,139.0,0.557239303015,0.743614952556,0.747936188117
253.323,453.706,139.0,0.557239303015,0.743614952556,0.747936188117
255.997,454.909,139.0,0.557239303015,0.743614952556,0.747936188117
258.531,456.206,139.0,0.557239303015,0.743614952556,0.747936188117
260.815,458.006,139.0,0.557239303015,0.743614952556,0.747936188117
263.558,459.09,139.0,0.557239303015,0.743614952556,0.747936188117
266.263,460.184,139.0,0.557239303015,0.743614952556,0.747936188117
268.714,461.9,139.0,0.557239303015,0.743614952556,0.747936188117
271.468,462.525,139.0,0.557239303015,0.743614952556,0.747936188117
273.644,464.341,139.0,0.557239303015,0.743614952556,0.747936188117
276.128,465.548,139.0,0.557239303015,0.743614952556,0.747936188117
278.925,466.121,139.0,0.557239303015,0.743614952556,0.747936188117
281.485,467.153,139.0,0.557239303015,0.743614952556,0.747936188117
283.828,468.811,139.0,0.557239303015,0.743614952556,0.747936188117
286.692,469.131,139.0,0.557239303015,0.743614952556,0.747936188117
289.502,469.644,139.0,0.557239303015,0.743614952556,0.747936188117
291.908,471.298,139.0,0.557239303015,0.743614952556,0.747936188117
294.601,472.198,139.0,0.557239303015,0.743614952556,0.747936188117
297.558,472.7,139.0,0.557239303015,0.743614952556,0.747936188117
300.003,474.017,139.0,0.557239303015,0.743614952556,0.747936188117
302.373,475.678,139.0,0.557239303015,0.743614952556,0.747936188117
304.934,477.094,139.0,0.557239303015,0.743614952556,0.747936188117
306.525,479.502,139.0,0.557239303015,0.743614952556,0.747936188117
307.878,481.547,139.0,0.557239303015,0.743614952556,0.747936188117
309.824,483.677,139.0,0.557239303015,0.743614952556,0.747936188117
311.337,486.11,139.0,0.557239303015,0.743614952556,0.747936188117
313.457,488.062,139.0,0.557239303015,0.743614952556,0.747936188117
314.696,490.198,139.0,0.557239303015,0.743614952556,0.747936188117
317.549,491.504,139.0,0.557239303015,0.743614952556,0.747936188117
318.789,493.967,139.0,0.557239303015,0.743614952556,0.747936188117
321.366,495.432,139.0,0.557239303015,0.743614952556,0.747936188117
322.881,498.227,139.0,0.557239303015,0.743614952556,0.747936188117
325.139,499.345,139.0,0.557239303015,0.743614952556,0.747936188117
327.043,501.397,139.0,0.557239303015,0.743614952556,0.747936188117
329.964,501.367,139.0,0.557239303015,0.743614952556,0.747936188117
331.875,503.054,139.0,0.557239303015,0.743614952556,0.747936188117
334.582,503.928,139.0,0.557239303015,0.743614952556,0.747936188117
337.404,504.67,139.0,0.557239303015,0.743614952556,0.747936188117
339.632,506.644,139.0,0.557239303015,0.743614952556,0.747936188117
342.253,507.401,139.0,0.557239303015,0.743614952556,0.747936188117
344.978,508.437,139.0,0.557239303015,0.743614952556,0.747936188117
347.028,510.537,139.0,0.557239303015,0.743614952556,0.747936188117
349.582,511.942,139.0,0.557239303015,0.743614952556,0.747936188117
351.882,513.684,139.0,0.557239303015,0.743614952556,0.747936188117
354.363,515.219,139.0,0.557239303015,0.743614952556,0.747936188117
355.868,517.707,139.0,0.557239303015,0.743614952556,0.747936188117
358.216,519.367,139.0,0.557239303015,0.743614952556,0.747936188117
360.227,520.929,139.0,0.557239303015,0.743614952556,0.747936188117
362.242,523.104,139.0,0.557239303015,0.743614952556,0.747936188117
363.175,525.67,139.0,0.557239303015,0.743614952556,0.747936188117
365.03,527.45,139.0,0.557239303015,0.743614952556,0.747936188117
366.736,529.324,139.0,0.557239303015,0.743614952556,0.747936188117
366.927,532.137,139.0,0.557239303015,0.743614952556,0.747936188117
368.631,534.02,139.0,0.557239303015,0.743614952556,0.747936188117
369.64,536.549,139.0,0.557239303015,0.743614952556,0.747936188117
370.357,539.182,139.0,0.557239303015,0.743614952556,0.747936188117
372.023,541.579,139.0,0.557239303015,0.743614952556,0.747936188117
372.54,544.39,139.0,0.557239303015,0.743614952556,0.747936188117
373.078,547.163,139.0,0.557239303015,0.743614952556,0.747936188117
373.772,549.806,139.0,0.557239303015,0.743614952556,0.747936188117
373.786,552.731,139.0,0.557239303015,0.743614952556,0.747936188117
373.788,555.662,139.0,0.557239303015,0.743614952556,0.747936188117
373.795,558.595,139.0,0.557239303015,0.743614952556,0.747936188117
373.682,561.505,139.0,0.557239303015,0.743614952556,0.747936188117
372.92,564.33,139.0,0.557239303015,0.743614952556,0.747936188117
372.802,567.254,139.0,0.557239303015,0.743614952556,0.747936188117
372.008,569.862,139.0,0.557239303015,0.743614952556,0.747936188117
371.159,572.591,139.0,0.557239303015,0.743614952556,0.747936188117
370.873,575.398,139.0,0.557239303015,0.743614952556,0.747936188117
369.269,577.835,139.0,0.557239303015,0.743614952556,0.747936188117
367.332,580.011,139.0,0.557239303015,0.743614952556,0.747936188117
365.626,582.389,139.0,0.557239303015,0.743614952556,0.747936188117
363.272,583.768,139.0,0.557239303015,0.743614952556,0.747936188117
360.924,585.154,139.0,0.557239303015,0.743614952556,0.747936188117
358.364,586.455,139.0,0.557239303015,0.743614952556,0.747936188117
355.444,586.449,139.0,0.557239303015,0.743614952556,0.747936188117
353.587,584.686,139.0,0.557239303015,0.743614952556,0.747936188117
351.084,583.689,139.0,0.557239303015,0.743614952556,0.747936188117
348.451,582.677,139.0,0.557239303015,0.743614952556,0.747936188117
346.025,581.196,139.0,0.557239303015,0.743614952556,0.747936188117
343.845,579.389,139.0,0.557239303015,0.743614952556,0.747936188117
341.181,578.732,139.0,0.557239303015,0.743614952556,0.747936188117
339.13,576.551,139.0,0.557239303015,0.743614952556,0.747936188117
336.717,574.945,139.0,0.557239303015,0.743614952556,0.747936188117
334.679,572.827,139.0,0.557239303015,0.743614952556,0.747936188117
332.667,570.668,139.0,0.557239303015,0.743614952556,0.747936188117
330.495,568.74,139.0,0.557239303015,0.743614952556,0.747936188117
328.108,567.103,139.0,0.557239303015,0.743614952556,0.747936188117
326.401,564.896,139.0,0.557239303015,0.743614952556,0.747936188117
324.159,563.035,139.0,0.557239303015,0.743614952556,0.747936188117
321.735,561.403,139.0,0.557239303015,0.743614952556,0.747936188117
320.109,559.106,139.0,0.557239303015,0.743614952556,0.747936188117
317.452,557.771,139.0,0.557239303015,0.743614952556,0.747936188117
315.58,555.464,139.0,0.557239303015,0.743614952556,0.747936188117
314.434,552.647,139.0,0.557239303015,0.743614952556,0.747936188117
311.855,551.024,139.0,0.557239303015,0.743614952556,0.747936188117
311.267,548.425,139.0,0.557239303015,0.743614952556,0.747936188117
308.773,546.827,139.0,0.557239303015,0.743614952556,0.747936188117
307.807,544.527,139.0,0.557239303015,0.743614952556,0.747936188117
305.326,542.765,139.0,0.557239303015,0.743614952556,0.747936188117
304.592,540.293,139.0,0.557239303015,0.743614952556,0.747936188117
302.252,538.488,139.0,0.557239303015,0.743614952556,0.747936188117
301.074,535.732,139.0,0.557239303015,0.743614952556,0.747936188117
299.408,533.368,139.0,0.557239303015,0.743614952556,0.747936188117
297.463,531.203,139.0,0.557239303015,0.743614952556,0.747936188117
295.559,529.06,139.0,0.557239303015,0.743614952556,0.747936188117
294.708,526.499,139.0,0.557239303015,0.743614952556,0.747936188117
292.97,524.127,139.0,0.557239303015,0.743614952556,0.747936188117
293.152,521.005,139.0,0.557239303015,0.743614952556,0.747936188117
292.184,518.48,139.0,0.557239303015,0.743614952556,0.747936188117
291.194,515.947,139.0,0.557239303015,0.743614952556,0.747936188117
290.403,513.193,139.0,0.557239303015,0.743614952556,0.747936188117
288.334,511.505,139.0,0.557239303015,0.743614952556,0.747936188117
287.366,508.717,139.0,0.557239303015,0.743614952556,0.747936188117
285.539,506.443,139.0,0.557239303015,0.743614952556,0.747936188117
283.308,504.757,139.0,0.557239303015,0.743614952556,0.747936188117
281.724,502.313,139.0,0.557239303015,0.743614952556,0.747936188117
279.254,500.804,139.0,0.557239303015,0.743614952556,0.747936188117
277.74,498.354,139.0,0.557239303015,0.743614952556,0.747936188117
275.332,496.655,139.0,0.557239303015,0.743614952556,0.747936188117
273.432,494.96,139.0,0.557239303015,0.743614952556,0.747936188117
270.842,494.142,139.0,0.557239303015,0.743614952556,0.747936188117
268.651,492.188,139.0,0.557239303015,0.743614952556,0.747936188117
266.804,490.124,139.0,0.557239303015,0.743614952556,0.747936188117
264.835,487.988,139.0,0.557239303015,0.743614952556,0.747936188117
263.092,485.772,139.0,0.557239303015,0.743614952556,0.747936188117
261.784,483.383,139.0,0.557239303015,0.743614952556,0.747936188117
260.479,480.992,139.0,0.557239303015,0.743614952556,0.747936188117
259.173,478.504,139.0,0.557239303015,0.743614952556,0.747936188117
257.098,476.721,139.0,0.557239303015,0.743614952556,0.747936188117
255.729,474.308,139.0,0.557239303015,0.743614952556,0.747936188117
252.875,473.734,139.0,0.557239303015,0.743614952556,0.747936188117
251.67,471.778,139.0,0.557239303015,0.743614952556,0.747936188117
249.073,470.691,139.0,0.557239303015,0.743614952556,0.747936188117
247.243,469.658,139.0,0.557239303015,0.743614952556,0.747936188117
244.99,468.031,139.0,0.557239303015,0.743614952556,0.747936188117
242.693,466.572,139.0,0.557239303015,0.743614952556,0.747936188117
241.615,463.71,139.0,0.557239303015,0.743614952556,0.747936188117
241.297,460.827,139.0,0.557239303015,0.743614952556,0.747936188117
241.602,457.926,139.0,0.557239303015,0.743614952556,0.747936188117
242.39,455.011,139.0,0.557239303015,0.743614952556,0.747936188117
243.523,452.085,139.0,0.557239303015,0.743614952556,0.747936188117
244.863,449.154,139.0,0.557239303015,0.743614952556,0.747936188117
