247.78,450.652,140.0,0.557239303015,0.743614952556,0.747936188117
250.059,452.39,140.0,0.557239303015,0.743614952556,0.747936188117
252.858,453.192,140.0,0.557239303015,0.743614952556,0.747936188117
255.313,454.752,140.0,0.557239303015,0.743614952556,0.747936188117
258.145,455.558,140.0,0.557239303015,0.743614952556,0.747936188117
260.168,457.033,140.0,0.557239303015,0.743614952556,0.747936188117
262.517,458.274,140.0,0.557239303015,0.743614952556,0.747936188117
265.255,459.239,140.0,0.557239303015,0.743614952556,0.747936188117
267.881,460.437,140.0,0.557239303015,0.743614952556,0.747936188117
270.25,461.793,140.0,0.557239303015,0.743614952556,0.747936188117
273.116,462.19,140.0,0.557239303015,0.743614952556,0.747936188117
275.756,463.471,140.0,0.557239303015,0.743614952556,0.747936188117
277.488,465.398,140.0,0.557239303015,0.743614952556,0.747936188117
280.541,465.565,140.0,0.557239303015,0.743614952556,0.747936188117
282.884,467.408,140.0,0.557239303015,0.743614952556,0.747936188117
285.23,468.802,140.0,0.557239303015,0.743614952556,0.747936188117
287.959,469.769,140.0,0.557239303015,0.743614952556,0.747936188117
290.353,471.394,140.0,0.557239303015,0.743614952556,0.747936188117
292.966,472.242,140.0,0.557239303015,0.743614952556,0.747936188117
294.317,474.669,140.0,0.557239303015,0.743614952556,0.747936188117
297.314,475.198,140.0,0.557239303015,0.743614952556,0.747936188117
299.919,476.628,140.0,0.557239303015,0.743614952556,0.747936188117
302.385,478.163,140.0,0.557239303015,0.743614952556,0.747936188117
305.01,479.455,140.0,0.557239303015,0.743614952556,0.747936188117
307.597,480.68,140.0,0.557239303015,0.743614952556,0.747936188117
309.856,482.518,140.0,0.557239303015,0.743614952556,0.747936188117
312.452,483.93,140.0,0.557239303015,0.743614952556,0.747936188117
314.539,486.027,140.0,0.557239303015,0.743614952556,0.747936188117
316.963,487.677,140.0,0.557239303015,0.743614952556,0.747936188117
318.593,489.995,140.0,0.557239303015,0.743614952556,0.747936188117
320.188,492.277,140.0,0.557239303015,0.743614952556,0.747936188117
321.895,494.149,140.0,0.557239303015,0.743614952556,0.747936188117
322.404,496.948,140.0,0.557239303015,0.743614952556,0.747936188117
322.789,499.798,140.0,0.557239303015,0.743614952556,0.747936188117
324.469,502.035,140.0,0.557239303015,0.743614952556,0.747936188117
326.123,504.441,140.0,0.557239303015,0.743614952556,0.747936188117
328.563,505.965,140.0,0.557239303015,0.743614952556,0.747936188117
330.093,508.359,140.0,0.557239303015,0.743614952556,0.747936188117
332.989,508.835,140.0,0.557239303015,0.743614952556,0.747936188117
335.103,510.886,140.0,0.557239303015,0.743614952556,0.747936188117
337.897,511.672,140.0,0.557239303015,0.743614952556,0.747936188117
340.573,512.866,140.0,0.557239303015,0.743614952556,0.747936188117
343.165,513.642,140.0,0.557239303015,0.743614952556,0.747936188117
344.972,515.478,140.0,0.557239303015,0.743614952556,0.747936188117
347.693,515.832,140.0,0.557239303015,0.743614952556,0.747936188117
349.702,517.456,140.0,0.557239303015,0.743614952556,0.747936188117
352.285,518.736,140.0,0.557239303015,0.743614952556,0.747936188117
354.874,520.078,140.0,0.557239303015,0.743614952556,0.747936188117
357.044,521.983,140.0,0.557239303015,0.743614952556,0.747936188117
359.74,523.231,140.0,0.557239303015,0.743614952556,0.747936188117
360.739,525.864,140.0,0.557239303015,0.743614952556,0.747936188117
362.469,527.136,140.0,0.557239303015,0.743614952556,0.747936188117
364.764,529.08,140.0,0.557239303015,0.743614952556,0.747936188117
365.853,531.737,140.0,0.557239303015,0.743614952556,0.747936188117
367.664,533.919,140.0,0.557239303015,0.743614952556,0.747936188117
368.695,536.618,140.0,0.557239303015,0.743614952556,0.747936188117
369.512,539.362,140.0,0.557239303015,0.743614952556,0.747936188117
370.455,542.041,140.0,0.557239303015,0.743614952556,0.747936188117
372.174,544.276,140.0,0.557239303015,0.743614952556,0.747936188117
372.184,547.228,140.0,0.557239303015,0.743614952556,0.747936188117
373.181,549.882,140.0,0.557239303015,0.743614952556,0.747936188117
373.917,552.539,140.0,0.557239303015,0.743614952556,0.747936188117
374.657,555.303,140.0,0.557239303015,0.743614952556,0.747936188117
374.666,558.239,140.0,0.557239303015,0.743614952556,0.747936188117
374.754,561.199,140.0,0.557239303015,0.743614952556,0.747936188117
373.769,563.91,140.0,0.557239303015,0.743614952556,0.747936188117
372.724,566.417,140.0,0.557239303015,0.743614952556,0.747936188117
371.835,569.127,140.0,0.557239303015,0.743614952556,0.747936188117
371.164,571.785,140.0,0.557239303015,0.743614952556,0.747936188117
370.238,574.504,140.0,0.557239303015,0.743614952556,0.747936188117
369.515,577.269,140.0,0.557239303015,0.743614952556,0.747936188117
368.465,579.867,140.0,0.557239303015,0.743614952556,0.747936188117
367.754,582.666,140.0,0.557239303015,0.743614952556,0.747936188117
365.891,584.434,140.0,0.557239303015,0.743614952556,0.747936188117
364.021,586.608,140.0,0.557239303015,0.743614952556,0.747936188117
362.428,589.058,140.0,0.557239303015,0.743614952556,0.747936188117
359.511,589.064,140.0,0.557239303015,0.743614952556,0.747936188117
356.544,589.138,140.0,0.557239303015,0.743614952556,0.747936188117
353.82,588.258,140.0,0.557239303015,0.743614952556,0.747936188117
351.145,587.593,140.0,0.557239303015,0.743614952556,0.747936188117
348.663,586.491,140.0,0.557239303015,0.743614952556,0.747936188117
346.48,584.672,140.0,0.557239303015,0.743614952556,0.747936188117
343.748,583.791,140.0,0.557239303015,0.743614952556,0.747936188117
341.056,582.775,140.0,0.557239303015,0.743614952556,0.747936188117
338.31,581.626,140.0,0.557239303015,0.743614952556,0.747936188117
336.692,579.356,140.0,0.557239303015,0.743614952556,0.747936188117
334.184,578.338,140.0,0.557239303015,0.743614952556,0.747936188117
333.127,575.706,140.0,0.557239303015,0.743614952556,0.747936188117
330.662,574.1,140.0,0.557239303015,0.743614952556,0.747936188117
328.282,572.464,140.0,0.557239303015,0.743614952556,0.747936188117
325.619,571.198,140.0,0.557239303015,0.743614952556,0.747936188117
323.399,569.333,140.0,0.557239303015,0.743614952556,0.747936188117
320.932,567.819,140.0,0.557239303015,0.743614952556,0.747936188117
319.485,565.23,140.0,0.557239303015,0.743614952556,0.747936188117
316.919,563.76,140.0,0.557239303015,0.743614952556,0.747936188117
315.237,561.423,140.0,0.557239303015,0.743614952556,0.747936188117
313.091,559.131,140.0,0.557239303015,0.743614952556,0.747936188117
311.46,556.827,140.0,0.557239303015,0.743614952556,0.747936188117
310.733,554.15,140.0,0.557239303015,0.743614952556,0.747936188117
308.559,551.909,140.0,0.557239303015,0.743614952556,0.747936188117
308.001,549.074,140.0,0.557239303015,0.743614952556,0.747936188117
306.157,546.906,140.0,0.557239303015,0.743614952556,0.747936188117
306.004,544.031,140.0,0.557239303015,0.743614952556,0.747936188117
304.346,541.792,140.0,0.557239303015,0.743614952556,0.747936188117
303.533,539.026,140.0,0.557239303015,0.743614952556,0.747936188117
302.575,536.259,140.0,0.557239303015,0.743614952556,0.747936188117
302.787,533.181,140.0,0.557239303015,0.743614952556,0.747936188117
301.813,530.65,140.0,0.557239303015,0.743614952556,0.747936188117
300.002,528.461,140.0,0.557239303015,0.743614952556,0.747936188117
298.743,525.794,140.0,0.557239303015,0.743614952556,0.747936188117
296.839,523.593,140.0,0.557239303015,0.743614952556,0.747936188117
295.087,521.282,140.0,0.557239303015,0.743614952556,0.747936188117
293.509,518.825,140.0,0.557239303015,0.743614952556,0.747936188117
292.136,516.21,140.0,0.557239303015,0.743614952556,0.747936188117
289.649,514.687,140.0,0.557239303015,0.743614952556,0.747936188117
288.068,512.325,140.0,0.557239303015,0.743614952556,0.747936188117
285.778,510.561,140.0,0.557239303015,0.743614952556,0.747936188117
283.94,508.382,140.0,0.557239303015,0.743614952556,0.747936188117
281.563,507.285,140.0,0.557239303015,0.743614952556,0.747936188117
279.614,505.065,140.0,0.557239303015,0.743614952556,0.747936188117
277.698,502.95,140.0,0.557239303015,0.743614952556,0.747936188117
275.434,501.27,140.0,0.557239303015,0.743614952556,0.747936188117
274.822,498.596,140.0,0.557239303015,0.743614952556,0.747936188117
272.813,496.345,140.0,0.557239303015,0.743614952556,0.747936188117
271.851,493.788,140.0,0.557239303015,0.743614952556,0.747936188117
271.033,491.19,140.0,0.557239303015,0.743614952556,0.747936188117
270.201,488.609,140.0,0.557239303015,0.743614952556,0.747936188117
268.355,486.991,140.0,0.557239303015,0.743614952556,0.747936188117
266.814,484.474,140.0,0.557239303015,0.743614952556,0.747936188117
264.891,483.035,140.0,0.557239303015,0.743614952556,0.747936188117
262.886,481.051,140.0,0.557239303015,0.743614952556,0.747936188117
260.303,480.134,140.0,0.557239303015,0.743614952556,0.747936188117
259.037,477.875,140.0,0.557239303015,0.743614952556,0.747936188117
255.848,477.123,140.0,0.557239303015,0.743614952556,0.747936188117
253.706,475.171,140.0,0.557239303015,0.743614952556,0.747936188117
251.206,474.114,140.0,0.557239303015,0.743614952556,0.747936188117
248.823,472.777,140.0,0.557239303015,0.743614952556,0.747936188117
246.443,471.44,140.0,0.557239303015,0.743614952556,0.747936188117
243.892,470.513,140.0,0.557239303015,0.743614952556,0.747936188117
242.103,468.886,140.0,0.557239303015,0.743614952556,0.747936188117
241.153,466.838,140.0,0.557239303015,0.743614952556,0.747936188117
238.231,465.832,140.0,0.557239303015,0.743614952556,0.747936188117
236.673,464.39,140.0,0.557239303015,0.743614952556,0.747936188117
236.946,462.121,140.0,0.557239303015,0.743614952556,0.747936188117
238.643,459.209,140.0,0.557239303015,0.743614952556,0.747936188117
241.357,455.838,140.0,0.557239303015,0.743614952556,0.747936188117
244.682,452.192,140.0,0.557239303015,0.743614952556,0.747936188117
