236.374,474.033,144.0,0.998394738419,0.749498197808,0.103753584616
239.158,473.998,144.0,0.998394738419,0.749498197808,0.103753584616
241.506,472.751,144.0,0.998394738419,0.749498197808,0.103753584616
244.013,472.3,144.0,0.998394738419,0.749498197808,0.103753584616
246.701,472.277,144.0,0.998394738419,0.749498197808,0.103753584616
249.4,472.277,144.0,0.998394738419,0.749498197808,0.103753584616
252.098,472.278,144.0,0.998394738419,0.749498197808,0.103753584616
254.784,472.309,144.0,0.998394738419,0.749498197808,0.103753584616
257.102,473.227,144.0,0.998394738419,0.749498197808,0.103753584616
259.865,473.031,144.0,0.998394738419,0.749498197808,0.103753584616
262.32,474.041,144.0,0.998394738419,0.749498197808,0.103753584616
264.891,474.726,144.0,0.998394738419,0.749498197808,0.103753584616
267.287,475.603,144.0,0.998394738419,0.749498197808,0.103753584616
269.945,475.933,144.0,0.998394738419,0.749498197808,0.103753584616
271.107,478.002,144.0,0.998394738419,0.749498197808,0.103753584616
272.08,480.3,144.0,0.998394738419,0.749498197808,0.103753584616
272.802,482.7,144.0,0.998394738419,0.749498197808,0.103753584616
272.786,485.404,144.0,0.998394738419,0.749498197808,0.103753584616
272.791,488.101,144.0,0.998394738419,0.749498197808,0.103753584616
273.201,490.703,144.0,0.998394738419,0.749498197808,0.103753584616
273.776,493.265,144.0,0.998394738419,0.749498197808,0.103753584616
273.644,495.995,144.0,0.998394738419,0.749498197808,0.103753584616
273.678,498.686,144.0,0.998394738419,0.749498197808,0.103753584616
273.668,501.386,144.0,0.998394738419,0.749498197808,0.103753584616
273.674,504.084,144.0,0.998394738419,0.749498197808,0.103753584616
273.677,506.782,144.0,0.998394738419,0.749498197808,0.103753584616
273.592,509.5,144.0,0.998394738419,0.749498197808,0.103753584616
274.592,511.963,144.0,0.998394738419,0.749498197808,0.103753584616
274.475,514.689,144.0,0.998394738419,0.749498197808,0.103753584616
275.482,517.149,144.0,0.998394738419,0.749498197808,0.103753584616
276.364,519.637,144.0,0.998394738419,0.749498197808,0.103753584616
276.336,522.383,144.0,0.998394738419,0.749498197808,0.103753584616
276.885,525.035,144.0,0.998394738419,0.749498197808,0.103753584616
277.993,527.486,144.0,0.998394738419,0.749498197808,0.103753584616
279.031,529.933,144.0,0.998394738419,0.749498197808,0.103753584616
278.844,532.699,144.0,0.998394738419,0.749498197808,0.103753584616
279.758,535.049,144.0,0.998394738419,0.749498197808,0.103753584616
281.683,536.542,144.0,0.998394738419,0.749498197808,0.103753584616
281.437,539.372,144.0,0.998394738419,0.749498197808,0.103753584616
283.091,541.358,144.0,0.998394738419,0.749498197808,0.103753584616
284.5,543.654,144.0,0.998394738419,0.749498197808,0.103753584616
285.695,545.851,144.0,0.998394738419,0.749498197808,0.103753584616
287.655,547.737,144.0,0.998394738419,0.749498197808,0.103753584616
289.564,549.643,144.0,0.998394738419,0.749498197808,0.103753584616
291.552,551.601,144.0,0.998394738419,0.749498197808,0.103753584616
294.068,552.271,144.0,0.998394738419,0.749498197808,0.103753584616
296.026,554.043,144.0,0.998394738419,0.749498197808,0.103753584616
298.692,554.424,144.0,0.998394738419,0.749498197808,0.103753584616
300.849,555.784,144.0,0.998394738419,0.749498197808,0.103753584616
303.427,556.477,144.0,0.998394738419,0.749498197808,0.103753584616
305.711,557.476,144.0,0.998394738419,0.749498197808,0.103753584616
308.071,558.61,144.0,0.998394738419,0.749498197808,0.103753584616
310.399,560.025,144.0,0.998394738419,0.749498197808,0.103753584616
312.84,561.193,144.0,0.998394738419,0.749498197808,0.103753584616
314.989,562.766,144.0,0.998394738419,0.749498197808,0.103753584616
317.378,563.977,144.0,0.998394738419,0.749498197808,0.103753584616
319.995,565.047,144.0,0.998394738419,0.749498197808,0.103753584616
320.537,567.273,144.0,0.998394738419,0.749498197808,0.103753584616
323.502,567.383,144.0,0.998394738419,0.749498197808,0.103753584616
325.641,569.025,144.0,0.998394738419,0.749498197808,0.103753584616
327.621,570.733,144.0,0.998394738419,0.749498197808,0.103753584616
330.354,571.046,144.0,0.998394738419,0.749498197808,0.103753584616
331.759,573.289,144.0,0.998394738419,0.749498197808,0.103753584616
333.883,574.718,144.0,0.998394738419,0.749498197808,0.103753584616
336.425,575.127,144.0,0.998394738419,0.749498197808,0.103753584616
338.865,576.343,144.0,0.998394738419,0.749498197808,0.103753584616
341.057,577.665,144.0,0.998394738419,0.749498197808,0.103753584616
343.532,578.628,144.0,0.998394738419,0.749498197808,0.103753584616
346.247,578.557,144.0,0.998394738419,0.749498197808,0.103753584616
348.567,579.457,144.0,0.998394738419,0.749498197808,0.103753584616
351.066,580.31,144.0,0.998394738419,0.749498197808,0.103753584616
352.791,579.248,144.0,0.998394738419,0.749498197808,0.103753584616
354.074,577.221,144.0,0.998394738419,0.749498197808,0.103753584616
356.056,575.472,144.0,0.998394738419,0.749498197808,0.103753584616
357.779,573.425,144.0,0.998394738419,0.749498197808,0.103753584616
359.777,571.574,144.0,0.998394738419,0.749498197808,0.103753584616
361.651,569.641,144.0,0.998394738419,0.749498197808,0.103753584616
362.818,567.548,144.0,0.998394738419,0.749498197808,0.103753584616
365.044,566.0,144.0,0.998394738419,0.749498197808,0.103753584616
365.838,563.619,144.0,0.998394738419,0.749498197808,0.103753584616
367.633,562.069,144.0,0.998394738419,0.749498197808,0.103753584616
368.868,559.85,144.0,0.998394738419,0.749498197808,0.103753584616
369.424,557.384,144.0,0.998394738419,0.749498197808,0.103753584616
371.228,555.438,144.0,0.998394738419,0.749498197808,0.103753584616
371.532,552.754,144.0,0.998394738419,0.749498197808,0.103753584616
372.897,550.574,144.0,0.998394738419,0.749498197808,0.103753584616
373.838,548.262,144.0,0.998394738419,0.749498197808,0.103753584616
373.785,545.541,144.0,0.998394738419,0.749498197808,0.103753584616
373.786,542.841,144.0,0.998394738419,0.749498197808,0.103753584616
373.806,540.08,144.0,0.998394738419,0.749498197808,0.103753584616
373.139,537.432,144.0,0.998394738419,0.749498197808,0.103753584616
371.069,535.998,144.0,0.998394738419,0.749498197808,0.103753584616
370.318,533.698,144.0,0.998394738419,0.749498197808,0.103753584616
367.818,532.262,144.0,0.998394738419,0.749498197808,0.103753584616
366.452,530.001,144.0,0.998394738419,0.749498197808,0.103753584616
364.175,528.57,144.0,0.998394738419,0.749498197808,0.103753584616
362.691,526.631,144.0,0.998394738419,0.749498197808,0.103753584616
360.032,526.097,144.0,0.998394738419,0.749498197808,0.103753584616
358.108,524.193,144.0,0.998394738419,0.749498197808,0.103753584616
355.735,522.894,144.0,0.998394738419,0.749498197808,0.103753584616
353.071,522.465,144.0,0.998394738419,0.749498197808,0.103753584616
351.582,520.535,144.0,0.998394738419,0.749498197808,0.103753584616
349.081,519.619,144.0,0.998394738419,0.749498197808,0.103753584616
346.566,518.616,144.0,0.998394738419,0.749498197808,0.103753584616
344.249,517.376,144.0,0.998394738419,0.749498197808,0.103753584616
341.921,516.034,144.0,0.998394738419,0.749498197808,0.103753584616
339.297,515.434,144.0,0.998394738419,0.749498197808,0.103753584616
337.78,513.553,144.0,0.998394738419,0.749498197808,0.103753584616
335.272,512.751,144.0,0.998394738419,0.749498197808,0.103753584616
332.974,511.375,144.0,0.998394738419,0.749498197808,0.103753584616
330.69,509.987,144.0,0.998394738419,0.749498197808,0.103753584616
328.471,508.525,144.0,0.998394738419,0.749498197808,0.103753584616
326.191,507.435,144.0,0.998394738419,0.749498197808,0.103753584616
324.598,505.644,144.0,0.998394738419,0.749498197808,0.103753584616
322.196,504.92,144.0,0.998394738419,0.749498197808,0.103753584616
320.037,503.624,144.0,0.998394738419,0.749498197808,0.103753584616
317.827,502.465,144.0,0.998394738419,0.749498197808,0.103753584616
315.447,501.284,144.0,0.998394738419,0.749498197808,0.103753584616
313.404,499.71,144.0,0.998394738419,0.749498197808,0.103753584616
311.292,498.1,144.0,0.998394738419,0.749498197808,0.103753584616
309.424,496.247,144.0,0.998394738419,0.749498197808,0.103753584616
307.425,494.551,144.0,0.998394738419,0.749498197808,0.103753584616
306.88,492.165,144.0,0.998394738419,0.749498197808,0.103753584616
304.542,490.793,144.0,0.998394738419,0.749498197808,0.103753584616
303.634,488.452,144.0,0.998394738419,0.749498197808,0.103753584616
301.753,486.937,144.0,0.998394738419,0.749498197808,0.103753584616
300.533,484.678,144.0,0.998394738419,0.749498197808,0.103753584616
299.378,482.287,144.0,0.998394738419,0.749498197808,0.103753584616
298.139,480.107,144.0,0.998394738419,0.749498197808,0.103753584616
296.973,477.891,144.0,0.998394738419,0.749498197808,0.103753584616
294.98,476.02,144.0,0.998394738419,0.749498197808,0.103753584616
293.046,474.17,144.0,0.998394738419,0.749498197808,0.103753584616
291.136,472.263,144.0,0.998394738419,0.749498197808,0.103753584616
289.038,470.813,144.0,0.998394738419,0.749498197808,0.103753584616
286.413,470.636,144.0,0.998394738419,0.749498197808,0.103753584616
284.443,468.871,144.0,0.998394738419,0.749498197808,0.103753584616
281.965,468.021,144.0,0.998394738419,0.749498197808,0.103753584616
279.466,467.216,144.0,0.998394738419,0.749498197808,0.103753584616
276.914,466.761,144.0,0.998394738419,0.749498197808,0.103753584616
274.489,466.094,144.0,0.998394738419,0.749498197808,0.103753584616
272.138,465.251,144.0,0.998394738419,0.749498197808,0.103753584616
269.634,464.458,144.0,0.998394738419,0.749498197808,0.103753584616
267.339,463.432,144.0,0.998394738419,0.749498197808,0.103753584616
264.692,463.31,144.0,0.998394738419,0.749498197808,0.103753584616
262.277,462.624,144.0,0.998394738419,0.749498197808,0.103753584616
260.321,460.832,144.0,0.998394738419,0.749498197808,0.103753584616
257.958,460.022,144.0,0.998394738419,0.749498197808,0.103753584616
255.682,459.001,144.0,0.998394738419,0.749498197808,0.103753584616
253.371,458.066,144.0,0.998394738419,0.749498197808,0.103753584616
251.15,456.917,144.0,0.998394738419,0.749498197808,0.103753584616
249.103,455.435,144.0,0.998394738419,0.749498197808,0.103753584616
247.215,454.678,144.0,0.998394738419,0.749498197808,0.103753584616
245.375,453.75,144.0,0.998394738419,0.749498197808,0.103753584616
243.206,452.495,144.0,0.998394738419,0.749498197808,0.103753584616
240.976,450.844,144.0,0.998394738419,0.749498197808,0.103753584616
239.809,448.803,144.0,0.998394738419,0.749498197808,0.103753584616
237.619,447.897,144.0,0.998394738419,0.749498197808,0.103753584616
236.809,446.003,144.0,0.998394738419,0.749498197808,0.103753584616
234.744,444.599,144.0,0.998394738419,0.749498197808,0.103753584616
232.503,443.464,144.0,0.998394738419,0.749498197808,0.103753584616
231.14,441.595,144.0,0.998394738419,0.749498197808,0.103753584616
230.209,440.96,144.0,0.998394738419,0.749498197808,0.103753584616
229.668,441.443,144.0,0.998394738419,0.749498197808,0.103753584616
229.477,442.925,144.0,0.998394738419,0.749498197808,0.103753584616
229.594,445.289,144.0,0.998394738419,0.749498197808,0.103753584616
229.979,448.417,144.0,0.998394738419,0.749498197808,0.103753584616
230.589,452.193,144.0,0.998394738419,0.749498197808,0.103753584616
231.384,456.497,144.0,0.998394738419,0.749498197808,0.103753584616
232.323,461.214,144.0,0.998394738419,0.749498197808,0.103753584616
233.365,466.224,144.0,0.998394738419,0.749498197808,0.103753584616
234.468,471.411,144.0,0.998394738419,0.749498197808,0.103753584616
