246.581,443.528,160.0,0.998394738419,0.749498197808,0.103753584616
248.309,445.135,160.0,0.998394738419,0.749498197808,0.103753584616
250.438,446.215,160.0,0.998394738419,0.749498197808,0.103753584616
251.361,447.871,160.0,0.998394738419,0.749498197808,0.103753584616
253.921,447.635,160.0,0.998394738419,0.749498197808,0.103753584616
255.884,448.542,160.0,0.998394738419,0.749498197808,0.103753584616
257.846,449.443,160.0,0.998394738419,0.749498197808,0.103753584616
259.982,450.336,160.0,0.998394738419,0.749498197808,0.103753584616
262.018,451.026,160.0,0.998394738419,0.749498197808,0.103753584616
264.294,451.172,160.0,0.998394738419,0.749498197808,0.103753584616
266.618,451.201,160.0,0.998394738419,0.749498197808,0.103753584616
268.942,451.229,160.0,0.998394738419,0.749498197808,0.103753584616
271.357,451.039,160.0,0.998394738419,0.749498197808,0.103753584616
273.239,452.134,160.0,0.998394738419,0.749498197808,0.103753584616
275.276,452.855,160.0,0.998394738419,0.749498197808,0.103753584616
277.499,453.136,160.0,0.998394738419,0.749498197808,0.103753584616
279.201,454.734,160.0,0.998394738419,0.749498197808,0.103753584616
280.686,455.529,160.0,0.998394738419,0.749498197808,0.103753584616
282.102,457.354,160.0,0.998394738419,0.749498197808,0.103753584616
283.371,459.27,160.0,0.998394738419,0.749498197808,0.103753584616
285.098,460.871,160.0,0.998394738419,0.749498197808,0.103753584616
286.475,462.717,160.0,0.998394738419,0.749498197808,0.103753584616
287.959,464.482,160.0,0.998394738419,0.749498197808,0.103753584616
289.527,465.81,160.0,0.998394738419,0.749498197808,0.103753584616
290.308,467.854,160.0,0.998394738419,0.749498197808,0.103753584616
291.247,469.808,160.0,0.998394738419,0.749498197808,0.103753584616
292.469,471.794,160.0,0.998394738419,0.749498197808,0.103753584616
293.937,473.501,160.0,0.998394738419,0.749498197808,0.103753584616
294.777,474.971,160.0,0.998394738419,0.749498197808,0.103753584616
295.682,476.407,160.0,0.998394738419,0.749498197808,0.103753584616
296.273,478.621,160.0,0.998394738419,0.749498197808,0.103753584616
297.037,480.698,160.0,0.998394738419,0.749498197808,0.103753584616
297.391,482.896,160.0,0.998394738419,0.749498197808,0.103753584616
296.242,484.757,160.0,0.998394738419,0.749498197808,0.103753584616
295.637,486.84,160.0,0.998394738419,0.749498197808,0.103753584616
294.38,488.671,160.0,0.998394738419,0.749498197808,0.103753584616
293.04,490.493,160.0,0.998394738419,0.749498197808,0.103753584616
291.25,491.508,160.0,0.998394738419,0.749498197808,0.103753584616
290.251,493.441,160.0,0.998394738419,0.749498197808,0.103753584616
288.613,495.097,160.0,0.998394738419,0.749498197808,0.103753584616
286.963,496.748,160.0,0.998394738419,0.749498197808,0.103753584616
284.832,497.708,160.0,0.998394738419,0.749498197808,0.103753584616
283.443,498.642,160.0,0.998394738419,0.749498197808,0.103753584616
281.086,498.625,160.0,0.998394738419,0.749498197808,0.103753584616
278.786,498.548,160.0,0.998394738419,0.749498197808,0.103753584616
276.995,497.033,160.0,0.998394738419,0.749498197808,0.103753584616
274.554,496.866,160.0,0.998394738419,0.749498197808,0.103753584616
272.647,495.83,160.0,0.998394738419,0.749498197808,0.103753584616
270.98,494.214,160.0,0.998394738419,0.749498197808,0.103753584616
268.72,493.882,160.0,0.998394738419,0.749498197808,0.103753584616
268.406,491.617,160.0,0.998394738419,0.749498197808,0.103753584616
267.489,489.49,160.0,0.998394738419,0.749498197808,0.103753584616
267.561,487.191,160.0,0.998394738419,0.749498197808,0.103753584616
268.709,485.801,160.0,0.998394738419,0.749498197808,0.103753584616
270.201,484.105,160.0,0.998394738419,0.749498197808,0.103753584616
270.72,481.94,160.0,0.998394738419,0.749498197808,0.103753584616
271.608,480.203,160.0,0.998394738419,0.749498197808,0.103753584616
271.968,478.12,160.0,0.998394738419,0.749498197808,0.103753584616
270.438,476.935,160.0,0.998394738419,0.749498197808,0.103753584616
268.316,476.241,160.0,0.998394738419,0.749498197808,0.103753584616
266.072,475.856,160.0,0.998394738419,0.749498197808,0.103753584616
264.131,474.9,160.0,0.998394738419,0.749498197808,0.103753584616
261.916,474.609,160.0,0.998394738419,0.749498197808,0.103753584616
259.815,474.042,160.0,0.998394738419,0.749498197808,0.103753584616
257.482,474.034,160.0,0.998394738419,0.749498197808,0.103753584616
255.148,474.036,160.0,0.998394738419,0.749498197808,0.103753584616
253.007,474.507,160.0,0.998394738419,0.749498197808,0.103753584616
250.839,474.912,160.0,0.998394738419,0.749498197808,0.103753584616
248.325,474.733,160.0,0.998394738419,0.749498197808,0.103753584616
247.023,475.762,160.0,0.998394738419,0.749498197808,0.103753584616
244.817,475.305,160.0,0.998394738419,0.749498197808,0.103753584616
243.718,473.929,160.0,0.998394738419,0.749498197808,0.103753584616
244.344,470.998,160.0,0.998394738419,0.749498197808,0.103753584616
244.987,468.092,160.0,0.998394738419,0.749498197808,0.103753584616
245.511,465.341,160.0,0.998394738419,0.749498197808,0.103753584616
245.927,462.731,160.0,0.998394738419,0.749498197808,0.103753584616
246.245,460.249,160.0,0.998394738419,0.749498197808,0.103753584616
246.475,457.882,160.0,0.998394738419,0.749498197808,0.103753584616
246.627,455.616,160.0,0.998394738419,0.749498197808,0.103753584616
246.713,453.437,160.0,0.998394738419,0.749498197808,0.103753584616
246.742,451.333,160.0,0.998394738419,0.749498197808,0.103753584616
246.725,449.289,160.0,0.998394738419,0.749498197808,0.103753584616
246.671,447.292,160.0,0.998394738419,0.749498197808,0.103753584616
246.591,445.329,160.0,0.998394738419,0.749498197808,0.103753584616
246.497,443.386,160.0,0.998394738419,0.749498197808,0.103753584616
