249.341,446.965,161.0,0.998394738419,0.749498197808,0.103753584616
251.005,448.749,161.0,0.998394738419,0.749498197808,0.103753584616
253.013,450.004,161.0,0.998394738419,0.749498197808,0.103753584616
254.965,451.187,161.0,0.998394738419,0.749498197808,0.103753584616
256.74,452.708,161.0,0.998394738419,0.749498197808,0.103753584616
258.631,453.872,161.0,0.998394738419,0.749498197808,0.103753584616
260.492,454.972,161.0,0.998394738419,0.749498197808,0.103753584616
262.251,455.589,161.0,0.998394738419,0.749498197808,0.103753584616
264.281,456.526,161.0,0.998394738419,0.749498197808,0.103753584616
266.521,457.31,161.0,0.998394738419,0.749498197808,0.103753584616
268.515,458.266,161.0,0.998394738419,0.749498197808,0.103753584616
270.696,458.808,161.0,0.998394738419,0.749498197808,0.103753584616
272.988,459.083,161.0,0.998394738419,0.749498197808,0.103753584616
275.001,460.031,161.0,0.998394738419,0.749498197808,0.103753584616
277.381,460.098,161.0,0.998394738419,0.749498197808,0.103753584616
279.309,461.081,161.0,0.998394738419,0.749498197808,0.103753584616
281.88,460.976,161.0,0.998394738419,0.749498197808,0.103753584616
282.994,462.631,161.0,0.998394738419,0.749498197808,0.103753584616
284.778,464.211,161.0,0.998394738419,0.749498197808,0.103753584616
287.056,464.507,161.0,0.998394738419,0.749498197808,0.103753584616
288.63,466.315,161.0,0.998394738419,0.749498197808,0.103753584616
289.608,468.319,161.0,0.998394738419,0.749498197808,0.103753584616
291.225,470.054,161.0,0.998394738419,0.749498197808,0.103753584616
292.292,472.024,161.0,0.998394738419,0.749498197808,0.103753584616
292.053,474.49,161.0,0.998394738419,0.749498197808,0.103753584616
291.958,476.84,161.0,0.998394738419,0.749498197808,0.103753584616
291.265,478.952,161.0,0.998394738419,0.749498197808,0.103753584616
290.301,481.123,161.0,0.998394738419,0.749498197808,0.103753584616
288.596,482.819,161.0,0.998394738419,0.749498197808,0.103753584616
286.892,484.512,161.0,0.998394738419,0.749498197808,0.103753584616
284.902,485.516,161.0,0.998394738419,0.749498197808,0.103753584616
283.208,487.235,161.0,0.998394738419,0.749498197808,0.103753584616
280.794,487.196,161.0,0.998394738419,0.749498197808,0.103753584616
278.801,486.178,161.0,0.998394738419,0.749498197808,0.103753584616
276.538,485.482,161.0,0.998394738419,0.749498197808,0.103753584616
275.021,483.714,161.0,0.998394738419,0.749498197808,0.103753584616
273.572,481.86,161.0,0.998394738419,0.749498197808,0.103753584616
272.762,479.803,161.0,0.998394738419,0.749498197808,0.103753584616
271.942,477.569,161.0,0.998394738419,0.749498197808,0.103753584616
270.953,475.572,161.0,0.998394738419,0.749498197808,0.103753584616
269.263,473.872,161.0,0.998394738419,0.749498197808,0.103753584616
267.92,472.299,161.0,0.998394738419,0.749498197808,0.103753584616
265.908,471.378,161.0,0.998394738419,0.749498197808,0.103753584616
263.495,471.396,161.0,0.998394738419,0.749498197808,0.103753584616
261.088,471.399,161.0,0.998394738419,0.749498197808,0.103753584616
258.683,471.4,161.0,0.998394738419,0.749498197808,0.103753584616
256.465,471.831,161.0,0.998394738419,0.749498197808,0.103753584616
254.441,473.142,161.0,0.998394738419,0.749498197808,0.103753584616
252.199,473.543,161.0,0.998394738419,0.749498197808,0.103753584616
250.0,474.038,161.0,0.998394738419,0.749498197808,0.103753584616
248.528,475.005,161.0,0.998394738419,0.749498197808,0.103753584616
246.288,474.006,161.0,0.998394738419,0.749498197808,0.103753584616
244.675,473.222,161.0,0.998394738419,0.749498197808,0.103753584616
243.728,471.762,161.0,0.998394738419,0.749498197808,0.103753584616
244.472,468.674,161.0,0.998394738419,0.749498197808,0.103753584616
245.128,465.792,161.0,0.998394738419,0.749498197808,0.103753584616
245.696,463.104,161.0,0.998394738419,0.749498197808,0.103753584616
246.187,460.586,161.0,0.998394738419,0.749498197808,0.103753584616
246.611,458.216,161.0,0.998394738419,0.749498197808,0.103753584616
246.978,455.972,161.0,0.998394738419,0.749498197808,0.103753584616
247.298,453.83,161.0,0.998394738419,0.749498197808,0.103753584616
247.582,451.767,161.0,0.998394738419,0.749498197808,0.103753584616
247.841,449.761,161.0,0.998394738419,0.749498197808,0.103753584616
248.084,447.79,161.0,0.998394738419,0.749498197808,0.103753584616
