250.176,449.516,163.0,0.998394738419,0.749498197808,0.103753584616
252.494,449.732,163.0,0.998394738419,0.749498197808,0.103753584616
254.548,450.928,163.0,0.998394738419,0.749498197808,0.103753584616
256.778,451.528,163.0,0.998394738419,0.749498197808,0.103753584616
259.0,452.224,163.0,0.998394738419,0.749498197808,0.103753584616
261.164,452.95,163.0,0.998394738419,0.749498197808,0.103753584616
263.269,453.594,163.0,0.998394738419,0.749498197808,0.103753584616
265.719,453.722,163.0,0.998394738419,0.749498197808,0.103753584616
266.981,454.929,163.0,0.998394738419,0.749498197808,0.103753584616
269.028,455.551,163.0,0.998394738419,0.749498197808,0.103753584616
270.94,456.885,163.0,0.998394738419,0.749498197808,0.103753584616
273.077,457.489,163.0,0.998394738419,0.749498197808,0.103753584616
274.721,459.142,163.0,0.998394738419,0.749498197808,0.103753584616
276.875,459.561,163.0,0.998394738419,0.749498197808,0.103753584616
278.612,460.987,163.0,0.998394738419,0.749498197808,0.103753584616
280.935,460.997,163.0,0.998394738419,0.749498197808,0.103753584616
282.586,462.63,163.0,0.998394738419,0.749498197808,0.103753584616
284.419,463.824,163.0,0.998394738419,0.749498197808,0.103753584616
286.392,464.668,163.0,0.998394738419,0.749498197808,0.103753584616
287.91,466.464,163.0,0.998394738419,0.749498197808,0.103753584616
289.219,468.401,163.0,0.998394738419,0.749498197808,0.103753584616
289.877,470.524,163.0,0.998394738419,0.749498197808,0.103753584616
290.349,472.733,163.0,0.998394738419,0.749498197808,0.103753584616
290.357,475.059,163.0,0.998394738419,0.749498197808,0.103753584616
290.356,477.386,163.0,0.998394738419,0.749498197808,0.103753584616
290.361,479.716,163.0,0.998394738419,0.749498197808,0.103753584616
290.37,482.047,163.0,0.998394738419,0.749498197808,0.103753584616
289.826,484.149,163.0,0.998394738419,0.749498197808,0.103753584616
288.926,486.106,163.0,0.998394738419,0.749498197808,0.103753584616
287.395,487.848,163.0,0.998394738419,0.749498197808,0.103753584616
286.083,489.743,163.0,0.998394738419,0.749498197808,0.103753584616
284.611,491.631,163.0,0.998394738419,0.749498197808,0.103753584616
283.247,493.369,163.0,0.998394738419,0.749498197808,0.103753584616
281.064,493.734,163.0,0.998394738419,0.749498197808,0.103753584616
279.323,495.144,163.0,0.998394738419,0.749498197808,0.103753584616
276.981,495.11,163.0,0.998394738419,0.749498197808,0.103753584616
274.652,495.119,163.0,0.998394738419,0.749498197808,0.103753584616
272.602,494.088,163.0,0.998394738419,0.749498197808,0.103753584616
271.158,492.158,163.0,0.998394738419,0.749498197808,0.103753584616
271.039,489.849,163.0,0.998394738419,0.749498197808,0.103753584616
269.323,488.232,163.0,0.998394738419,0.749498197808,0.103753584616
268.386,486.293,163.0,0.998394738419,0.749498197808,0.103753584616
268.442,483.952,163.0,0.998394738419,0.749498197808,0.103753584616
267.842,481.759,163.0,0.998394738419,0.749498197808,0.103753584616
267.584,479.483,163.0,0.998394738419,0.749498197808,0.103753584616
266.646,477.547,163.0,0.998394738419,0.749498197808,0.103753584616
265.882,475.986,163.0,0.998394738419,0.749498197808,0.103753584616
264.837,474.614,163.0,0.998394738419,0.749498197808,0.103753584616
263.139,473.564,163.0,0.998394738419,0.749498197808,0.103753584616
261.218,473.15,163.0,0.998394738419,0.749498197808,0.103753584616
258.885,473.155,163.0,0.998394738419,0.749498197808,0.103753584616
256.563,473.228,163.0,0.998394738419,0.749498197808,0.103753584616
254.698,474.678,163.0,0.998394738419,0.749498197808,0.103753584616
252.474,474.914,163.0,0.998394738419,0.749498197808,0.103753584616
250.146,474.911,163.0,0.998394738419,0.749498197808,0.103753584616
247.813,474.946,163.0,0.998394738419,0.749498197808,0.103753584616
246.401,473.468,163.0,0.998394738419,0.749498197808,0.103753584616
245.273,472.193,163.0,0.998394738419,0.749498197808,0.103753584616
244.699,470.029,163.0,0.998394738419,0.749498197808,0.103753584616
244.712,467.709,163.0,0.998394738419,0.749498197808,0.103753584616
244.904,465.41,163.0,0.998394738419,0.749498197808,0.103753584616
245.255,463.129,163.0,0.998394738419,0.749498197808,0.103753584616
245.745,460.862,163.0,0.998394738419,0.749498197808,0.103753584616
246.351,458.609,163.0,0.998394738419,0.749498197808,0.103753584616
247.054,456.366,163.0,0.998394738419,0.749498197808,0.103753584616
247.831,454.132,163.0,0.998394738419,0.749498197808,0.103753584616
248.661,451.903,163.0,0.998394738419,0.749498197808,0.103753584616
249.523,449.678,163.0,0.998394738419,0.749498197808,0.103753584616
