257.019,455.579,167.0,0.998394738419,0.749498197808,0.103753584616
254.798,456.036,167.0,0.998394738419,0.749498197808,0.103753584616
252.703,456.975,167.0,0.998394738419,0.749498197808,0.103753584616
251.442,458.334,167.0,0.998394738419,0.749498197808,0.103753584616
249.844,460.161,167.0,0.998394738419,0.749498197808,0.103753584616
248.55,462.19,167.0,0.998394738419,0.749498197808,0.103753584616
248.202,464.441,167.0,0.998394738419,0.749498197808,0.103753584616
248.201,466.847,167.0,0.998394738419,0.749498197808,0.103753584616
248.438,469.203,167.0,0.998394738419,0.749498197808,0.103753584616
250.745,469.607,167.0,0.998394738419,0.749498197808,0.103753584616
252.778,470.508,167.0,0.998394738419,0.749498197808,0.103753584616
255.177,470.521,167.0,0.998394738419,0.749498197808,0.103753584616
257.571,470.64,167.0,0.998394738419,0.749498197808,0.103753584616
259.452,472.195,167.0,0.998394738419,0.749498197808,0.103753584616
261.842,472.226,167.0,0.998394738419,0.749498197808,0.103753584616
263.853,473.175,167.0,0.998394738419,0.749498197808,0.103753584616
266.273,473.126,167.0,0.998394738419,0.749498197808,0.103753584616
268.461,474.044,167.0,0.998394738419,0.749498197808,0.103753584616
270.872,474.036,167.0,0.998394738419,0.749498197808,0.103753584616
273.319,474.13,167.0,0.998394738419,0.749498197808,0.103753584616
275.319,473.189,167.0,0.998394738419,0.749498197808,0.103753584616
276.347,471.684,167.0,0.998394738419,0.749498197808,0.103753584616
277.949,469.86,167.0,0.998394738419,0.749498197808,0.103753584616
278.05,467.511,167.0,0.998394738419,0.749498197808,0.103753584616
277.271,465.442,167.0,0.998394738419,0.749498197808,0.103753584616
275.909,464.204,167.0,0.998394738419,0.749498197808,0.103753584616
274.501,462.018,167.0,0.998394738419,0.749498197808,0.103753584616
272.871,460.159,167.0,0.998394738419,0.749498197808,0.103753584616
270.988,458.679,167.0,0.998394738419,0.749498197808,0.103753584616
268.893,457.52,167.0,0.998394738419,0.749498197808,0.103753584616
266.623,456.624,167.0,0.998394738419,0.749498197808,0.103753584616
264.217,455.932,167.0,0.998394738419,0.749498197808,0.103753584616
261.714,455.386,167.0,0.998394738419,0.749498197808,0.103753584616
259.153,454.928,167.0,0.998394738419,0.749498197808,0.103753584616
