260.333,457.445,168.0,0.998394738419,0.749498197808,0.103753584616
258.568,458.63,168.0,0.998394738419,0.749498197808,0.103753584616
256.609,459.513,168.0,0.998394738419,0.749498197808,0.103753584616
254.657,459.945,168.0,0.998394738419,0.749498197808,0.103753584616
253.482,461.493,168.0,0.998394738419,0.749498197808,0.103753584616
251.843,462.569,168.0,0.998394738419,0.749498197808,0.103753584616
251.716,464.591,168.0,0.998394738419,0.749498197808,0.103753584616
251.648,466.781,168.0,0.998394738419,0.749498197808,0.103753584616
253.26,467.924,168.0,0.998394738419,0.749498197808,0.103753584616
254.492,468.85,168.0,0.998394738419,0.749498197808,0.103753584616
256.747,468.768,168.0,0.998394738419,0.749498197808,0.103753584616
258.922,468.764,168.0,0.998394738419,0.749498197808,0.103753584616
261.096,468.769,168.0,0.998394738419,0.749498197808,0.103753584616
263.241,468.702,168.0,0.998394738419,0.749498197808,0.103753584616
265.121,467.941,168.0,0.998394738419,0.749498197808,0.103753584616
266.382,467.023,168.0,0.998394738419,0.749498197808,0.103753584616
266.62,465.089,168.0,0.998394738419,0.749498197808,0.103753584616
267.518,463.807,168.0,0.998394738419,0.749498197808,0.103753584616
269.162,462.888,168.0,0.998394738419,0.749498197808,0.103753584616
269.346,460.969,168.0,0.998394738419,0.749498197808,0.103753584616
268.094,459.564,168.0,0.998394738419,0.749498197808,0.103753584616
265.817,458.529,168.0,0.998394738419,0.749498197808,0.103753584616
262.925,457.717,168.0,0.998394738419,0.749498197808,0.103753584616
