356.67,510.315,67.0,0.998394738419,0.749498197808,0.103753584616
353.492,511.838,67.0,0.998394738419,0.749498197808,0.103753584616
350.691,513.901,67.0,0.998394738419,0.749498197808,0.103753584616
347.517,515.267,67.0,0.998394738419,0.749498197808,0.103753584616
344.941,517.644,67.0,0.998394738419,0.749498197808,0.103753584616
342.093,519.687,67.0,0.998394738419,0.749498197808,0.103753584616
339.75,522.368,67.0,0.998394738419,0.749498197808,0.103753584616
336.777,524.168,67.0,0.998394738419,0.749498197808,0.103753584616
334.597,526.889,67.0,0.998394738419,0.749498197808,0.103753584616
333.066,530.048,67.0,0.998394738419,0.749498197808,0.103753584616
331.613,533.221,67.0,0.998394738419,0.749498197808,0.103753584616
330.716,536.524,67.0,0.998394738419,0.749498197808,0.103753584616
330.794,540.061,67.0,0.998394738419,0.749498197808,0.103753584616
330.746,543.565,67.0,0.998394738419,0.749498197808,0.103753584616
331.597,546.883,67.0,0.998394738419,0.749498197808,0.103753584616
334.166,549.341,67.0,0.998394738419,0.749498197808,0.103753584616
336.277,551.298,67.0,0.998394738419,0.749498197808,0.103753584616
339.792,551.317,67.0,0.998394738419,0.749498197808,0.103753584616
343.312,551.339,67.0,0.998394738419,0.749498197808,0.103753584616
346.611,550.426,67.0,0.998394738419,0.749498197808,0.103753584616
349.961,549.666,67.0,0.998394738419,0.749498197808,0.103753584616
352.825,547.705,67.0,0.998394738419,0.749498197808,0.103753584616
354.591,544.947,67.0,0.998394738419,0.749498197808,0.103753584616
357.073,542.638,67.0,0.998394738419,0.749498197808,0.103753584616
359.196,539.822,67.0,0.998394738419,0.749498197808,0.103753584616
360.209,536.741,67.0,0.998394738419,0.749498197808,0.103753584616
361.585,533.546,67.0,0.998394738419,0.749498197808,0.103753584616
362.375,530.226,67.0,0.998394738419,0.749498197808,0.103753584616
363.433,527.118,67.0,0.998394738419,0.749498197808,0.103753584616
364.067,523.756,67.0,0.998394738419,0.749498197808,0.103753584616
363.198,520.277,67.0,0.998394738419,0.749498197808,0.103753584616
361.966,516.975,67.0,0.998394738419,0.749498197808,0.103753584616
360.475,513.799,67.0,0.998394738419,0.749498197808,0.103753584616
358.827,510.699,67.0,0.998394738419,0.749498197808,0.103753584616
