340.08,509.82,78.0,0.557239303015,0.743614952556,0.747936188117
336.147,511.734,78.0,0.557239303015,0.743614952556,0.747936188117
332.262,513.731,78.0,0.557239303015,0.743614952556,0.747936188117
329.229,516.918,78.0,0.557239303015,0.743614952556,0.747936188117
325.252,518.588,78.0,0.557239303015,0.743614952556,0.747936188117
322.311,521.933,78.0,0.557239303015,0.743614952556,0.747936188117
319.209,525.044,78.0,0.557239303015,0.743614952556,0.747936188117
316.206,528.185,78.0,0.557239303015,0.743614952556,0.747936188117
313.692,531.521,78.0,0.557239303015,0.743614952556,0.747936188117
313.163,535.686,78.0,0.557239303015,0.743614952556,0.747936188117
314.092,539.953,78.0,0.557239303015,0.743614952556,0.747936188117
316.107,543.85,78.0,0.557239303015,0.743614952556,0.747936188117
317.391,547.782,78.0,0.557239303015,0.743614952556,0.747936188117
319.83,551.404,78.0,0.557239303015,0.743614952556,0.747936188117
322.462,554.643,78.0,0.557239303015,0.743614952556,0.747936188117
325.671,557.594,78.0,0.557239303015,0.743614952556,0.747936188117
329.586,559.599,78.0,0.557239303015,0.743614952556,0.747936188117
333.702,560.71,78.0,0.557239303015,0.743614952556,0.747936188117
338.016,560.979,78.0,0.557239303015,0.743614952556,0.747936188117
342.395,560.983,78.0,0.557239303015,0.743614952556,0.747936188117
346.773,560.99,78.0,0.557239303015,0.743614952556,0.747936188117
350.854,559.709,78.0,0.557239303015,0.743614952556,0.747936188117
354.566,557.417,78.0,0.557239303015,0.743614952556,0.747936188117
358.562,555.715,78.0,0.557239303015,0.743614952556,0.747936188117
362.164,553.202,78.0,0.557239303015,0.743614952556,0.747936188117
365.796,550.728,78.0,0.557239303015,0.743614952556,0.747936188117
368.326,547.209,78.0,0.557239303015,0.743614952556,0.747936188117
370.89,543.746,78.0,0.557239303015,0.743614952556,0.747936188117
373.089,540.255,78.0,0.557239303015,0.743614952556,0.747936188117
373.536,535.978,78.0,0.557239303015,0.743614952556,0.747936188117
373.507,531.741,78.0,0.557239303015,0.743614952556,0.747936188117
372.098,527.81,78.0,0.557239303015,0.743614952556,0.747936188117
371.068,523.676,78.0,0.557239303015,0.743614952556,0.747936188117
371.036,519.24,78.0,0.557239303015,0.743614952556,0.747936188117
373.582,516.379,78.0,0.557239303015,0.743614952556,0.747936188117
373.778,514.279,78.0,0.557239303015,0.743614952556,0.747936188117
371.46,512.675,78.0,0.557239303015,0.743614952556,0.747936188117
367.084,511.474,78.0,0.557239303015,0.743614952556,0.747936188117
361.109,510.589,78.0,0.557239303015,0.743614952556,0.747936188117
353.991,509.928,78.0,0.557239303015,0.743614952556,0.747936188117
346.187,509.402,78.0,0.557239303015,0.743614952556,0.747936188117
