318.749,494.996,85.0,0.557239303015,0.743614952556,0.747936188117
316.262,496.969,85.0,0.557239303015,0.743614952556,0.747936188117
313.822,498.989,85.0,0.557239303015,0.743614952556,0.747936188117
311.544,501.174,85.0,0.557239303015,0.743614952556,0.747936188117
309.741,503.916,85.0,0.557239303015,0.743614952556,0.747936188117
307.996,506.64,85.0,0.557239303015,0.743614952556,0.747936188117
307.92,510.043,85.0,0.557239303015,0.743614952556,0.747936188117
306.442,513.019,85.0,0.557239303015,0.743614952556,0.747936188117
305.243,516.057,85.0,0.557239303015,0.743614952556,0.747936188117
304.631,519.297,85.0,0.557239303015,0.743614952556,0.747936188117
303.462,522.353,85.0,0.557239303015,0.743614952556,0.747936188117
303.353,525.656,85.0,0.557239303015,0.743614952556,0.747936188117
302.54,528.892,85.0,0.557239303015,0.743614952556,0.747936188117
303.522,531.994,85.0,0.557239303015,0.743614952556,0.747936188117
304.454,535.1,85.0,0.557239303015,0.743614952556,0.747936188117
305.331,538.218,85.0,0.557239303015,0.743614952556,0.747936188117
306.81,541.19,85.0,0.557239303015,0.743614952556,0.747936188117
308.34,544.109,85.0,0.557239303015,0.743614952556,0.747936188117
309.738,547.203,85.0,0.557239303015,0.743614952556,0.747936188117
312.249,548.599,85.0,0.557239303015,0.743614952556,0.747936188117
314.348,550.624,85.0,0.557239303015,0.743614952556,0.747936188117
316.844,552.756,85.0,0.557239303015,0.743614952556,0.747936188117
319.835,554.225,85.0,0.557239303015,0.743614952556,0.747936188117
322.963,555.304,85.0,0.557239303015,0.743614952556,0.747936188117
326.074,556.404,85.0,0.557239303015,0.743614952556,0.747936188117
329.157,557.425,85.0,0.557239303015,0.743614952556,0.747936188117
332.26,558.363,85.0,0.557239303015,0.743614952556,0.747936188117
335.375,559.252,85.0,0.557239303015,0.743614952556,0.747936188117
338.512,560.045,85.0,0.557239303015,0.743614952556,0.747936188117
341.828,560.181,85.0,0.557239303015,0.743614952556,0.747936188117
345.054,561.045,85.0,0.557239303015,0.743614952556,0.747936188117
348.152,562.257,85.0,0.557239303015,0.743614952556,0.747936188117
351.375,562.676,85.0,0.557239303015,0.743614952556,0.747936188117
354.478,563.613,85.0,0.557239303015,0.743614952556,0.747936188117
357.631,564.339,85.0,0.557239303015,0.743614952556,0.747936188117
360.929,564.439,85.0,0.557239303015,0.743614952556,0.747936188117
364.156,565.208,85.0,0.557239303015,0.743614952556,0.747936188117
367.462,565.355,85.0,0.557239303015,0.743614952556,0.747936188117
370.776,565.34,85.0,0.557239303015,0.743614952556,0.747936188117
374.018,565.138,85.0,0.557239303015,0.743614952556,0.747936188117
376.928,563.866,85.0,0.557239303015,0.743614952556,0.747936188117
379.864,562.297,85.0,0.557239303015,0.743614952556,0.747936188117
382.68,560.518,85.0,0.557239303015,0.743614952556,0.747936188117
385.602,558.951,85.0,0.557239303015,0.743614952556,0.747936188117
387.934,556.579,85.0,0.557239303015,0.743614952556,0.747936188117
389.297,554.293,85.0,0.557239303015,0.743614952556,0.747936188117
389.738,551.067,85.0,0.557239303015,0.743614952556,0.747936188117
391.46,548.316,85.0,0.557239303015,0.743614952556,0.747936188117
391.319,544.93,85.0,0.557239303015,0.743614952556,0.747936188117
392.185,541.965,85.0,0.557239303015,0.743614952556,0.747936188117
392.205,538.654,85.0,0.557239303015,0.743614952556,0.747936188117
391.314,535.449,85.0,0.557239303015,0.743614952556,0.747936188117
390.539,532.292,85.0,0.557239303015,0.743614952556,0.747936188117
388.675,529.743,85.0,0.557239303015,0.743614952556,0.747936188117
387.229,527.018,85.0,0.557239303015,0.743614952556,0.747936188117
384.936,524.626,85.0,0.557239303015,0.743614952556,0.747936188117
383.04,521.901,85.0,0.557239303015,0.743614952556,0.747936188117
380.682,519.552,85.0,0.557239303015,0.743614952556,0.747936188117
377.937,517.748,85.0,0.557239303015,0.743614952556,0.747936188117
375.602,515.374,85.0,0.557239303015,0.743614952556,0.747936188117
372.881,513.538,85.0,0.557239303015,0.743614952556,0.747936188117
370.581,511.071,85.0,0.557239303015,0.743614952556,0.747936188117
367.976,509.33,85.0,0.557239303015,0.743614952556,0.747936188117
365.372,507.594,85.0,0.557239303015,0.743614952556,0.747936188117
362.582,506.164,85.0,0.557239303015,0.743614952556,0.747936188117
359.735,504.771,85.0,0.557239303015,0.743614952556,0.747936188117
356.857,503.691,85.0,0.557239303015,0.743614952556,0.747936188117
353.798,503.049,85.0,0.557239303015,0.743614952556,0.747936188117
351.495,500.549,85.0,0.557239303015,0.743614952556,0.747936188117
349.073,498.191,85.0,0.557239303015,0.743614952556,0.747936188117
346.361,496.398,85.0,0.557239303015,0.743614952556,0.747936188117
343.393,495.102,85.0,0.557239303015,0.743614952556,0.747936188117
340.203,494.238,85.0,0.557239303015,0.743614952556,0.747936188117
336.825,493.739,85.0,0.557239303015,0.743614952556,0.747936188117
333.293,493.539,85.0,0.557239303015,0.743614952556,0.747936188117
329.642,493.571,85.0,0.557239303015,0.743614952556,0.747936188117
325.906,493.769,85.0,0.557239303015,0.743614952556,0.747936188117
322.118,494.067,85.0,0.557239303015,0.743614952556,0.747936188117
