319.035,493.123,86.0,0.998394738419,0.749498197808,0.103753584616
318.254,496.104,86.0,0.998394738419,0.749498197808,0.103753584616
316.985,498.894,86.0,0.998394738419,0.749498197808,0.103753584616
315.956,501.787,86.0,0.998394738419,0.749498197808,0.103753584616
314.61,504.549,86.0,0.998394738419,0.749498197808,0.103753584616
313.242,507.301,86.0,0.998394738419,0.749498197808,0.103753584616
311.855,510.041,86.0,0.998394738419,0.749498197808,0.103753584616
310.469,512.782,86.0,0.998394738419,0.749498197808,0.103753584616
308.278,515.082,86.0,0.998394738419,0.749498197808,0.103753584616
307.486,517.966,86.0,0.998394738419,0.749498197808,0.103753584616
306.939,520.912,86.0,0.998394738419,0.749498197808,0.103753584616
306.121,523.793,86.0,0.998394738419,0.749498197808,0.103753584616
305.693,526.766,86.0,0.998394738419,0.749498197808,0.103753584616
305.304,529.749,86.0,0.998394738419,0.749498197808,0.103753584616
305.278,532.814,86.0,0.998394738419,0.749498197808,0.103753584616
305.278,535.897,86.0,0.998394738419,0.749498197808,0.103753584616
305.172,539.015,86.0,0.998394738419,0.749498197808,0.103753584616
306.785,541.421,86.0,0.998394738419,0.749498197808,0.103753584616
308.232,543.912,86.0,0.998394738419,0.749498197808,0.103753584616
310.927,545.451,86.0,0.998394738419,0.749498197808,0.103753584616
313.067,547.69,86.0,0.998394738419,0.749498197808,0.103753584616
315.374,549.544,86.0,0.998394738419,0.749498197808,0.103753584616
317.97,550.686,86.0,0.998394738419,0.749498197808,0.103753584616
320.554,552.336,86.0,0.998394738419,0.749498197808,0.103753584616
323.347,553.641,86.0,0.998394738419,0.749498197808,0.103753584616
326.435,553.879,86.0,0.998394738419,0.749498197808,0.103753584616
329.269,554.884,86.0,0.998394738419,0.749498197808,0.103753584616
332.355,554.835,86.0,0.998394738419,0.749498197808,0.103753584616
335.298,555.39,86.0,0.998394738419,0.749498197808,0.103753584616
338.252,555.903,86.0,0.998394738419,0.749498197808,0.103753584616
341.161,556.655,86.0,0.998394738419,0.749498197808,0.103753584616
344.127,557.491,86.0,0.998394738419,0.749498197808,0.103753584616
347.219,557.406,86.0,0.998394738419,0.749498197808,0.103753584616
350.073,558.337,86.0,0.998394738419,0.749498197808,0.103753584616
352.928,559.261,86.0,0.998394738419,0.749498197808,0.103753584616
355.903,559.799,86.0,0.998394738419,0.749498197808,0.103753584616
358.506,560.979,86.0,0.998394738419,0.749498197808,0.103753584616
361.257,562.351,86.0,0.998394738419,0.749498197808,0.103753584616
364.221,562.804,86.0,0.998394738419,0.749498197808,0.103753584616
366.915,563.725,86.0,0.998394738419,0.749498197808,0.103753584616
369.584,564.891,86.0,0.998394738419,0.749498197808,0.103753584616
372.295,566.404,86.0,0.998394738419,0.749498197808,0.103753584616
375.214,567.08,86.0,0.998394738419,0.749498197808,0.103753584616
377.782,568.755,86.0,0.998394738419,0.749498197808,0.103753584616
380.66,569.603,86.0,0.998394738419,0.749498197808,0.103753584616
383.383,570.571,86.0,0.998394738419,0.749498197808,0.103753584616
385.51,571.514,86.0,0.998394738419,0.749498197808,0.103753584616
388.515,572.168,86.0,0.998394738419,0.749498197808,0.103753584616
391.557,572.392,86.0,0.998394738419,0.749498197808,0.103753584616
394.63,572.453,86.0,0.998394738419,0.749498197808,0.103753584616
396.576,570.733,86.0,0.998394738419,0.749498197808,0.103753584616
399.058,569.332,86.0,0.998394738419,0.749498197808,0.103753584616
400.586,566.642,86.0,0.998394738419,0.749498197808,0.103753584616
402.776,564.475,86.0,0.998394738419,0.749498197808,0.103753584616
404.426,561.927,86.0,0.998394738419,0.749498197808,0.103753584616
405.271,559.205,86.0,0.998394738419,0.749498197808,0.103753584616
407.016,556.849,86.0,0.998394738419,0.749498197808,0.103753584616
407.569,553.928,86.0,0.998394738419,0.749498197808,0.103753584616
408.016,550.965,86.0,0.998394738419,0.749498197808,0.103753584616
408.036,547.895,86.0,0.998394738419,0.749498197808,0.103753584616
408.039,544.82,86.0,0.998394738419,0.749498197808,0.103753584616
408.084,541.735,86.0,0.998394738419,0.749498197808,0.103753584616
407.071,538.901,86.0,0.998394738419,0.749498197808,0.103753584616
406.372,535.965,86.0,0.998394738419,0.749498197808,0.103753584616
404.725,533.49,86.0,0.998394738419,0.749498197808,0.103753584616
403.26,530.795,86.0,0.998394738419,0.749498197808,0.103753584616
402.456,528.061,86.0,0.998394738419,0.749498197808,0.103753584616
400.108,526.03,86.0,0.998394738419,0.749498197808,0.103753584616
398.584,523.273,86.0,0.998394738419,0.749498197808,0.103753584616
396.769,521.533,86.0,0.998394738419,0.749498197808,0.103753584616
394.089,519.956,86.0,0.998394738419,0.749498197808,0.103753584616
392.283,517.968,86.0,0.998394738419,0.749498197808,0.103753584616
390.043,515.865,86.0,0.998394738419,0.749498197808,0.103753584616
387.61,514.067,86.0,0.998394738419,0.749498197808,0.103753584616
385.818,511.626,86.0,0.998394738419,0.749498197808,0.103753584616
383.031,510.316,86.0,0.998394738419,0.749498197808,0.103753584616
381.194,507.832,86.0,0.998394738419,0.749498197808,0.103753584616
378.58,506.998,86.0,0.998394738419,0.749498197808,0.103753584616
376.033,505.286,86.0,0.998394738419,0.749498197808,0.103753584616
373.575,503.885,86.0,0.998394738419,0.749498197808,0.103753584616
370.721,502.829,86.0,0.998394738419,0.749498197808,0.103753584616
368.211,501.208,86.0,0.998394738419,0.749498197808,0.103753584616
365.527,500.277,86.0,0.998394738419,0.749498197808,0.103753584616
362.59,499.578,86.0,0.998394738419,0.749498197808,0.103753584616
359.646,499.035,86.0,0.998394738419,0.749498197808,0.103753584616
356.666,498.636,86.0,0.998394738419,0.749498197808,0.103753584616
353.594,498.625,86.0,0.998394738419,0.749498197808,0.103753584616
350.842,497.261,86.0,0.998394738419,0.749498197808,0.103753584616
348.072,495.97,86.0,0.998394738419,0.749498197808,0.103753584616
345.058,495.715,86.0,0.998394738419,0.749498197808,0.103753584616
342.127,495.109,86.0,0.998394738419,0.749498197808,0.103753584616
339.076,494.938,86.0,0.998394738419,0.749498197808,0.103753584616
336.031,494.639,86.0,0.998394738419,0.749498197808,0.103753584616
332.99,494.233,86.0,0.998394738419,0.749498197808,0.103753584616
329.952,493.739,86.0,0.998394738419,0.749498197808,0.103753584616
326.917,493.176,86.0,0.998394738419,0.749498197808,0.103753584616
323.884,492.564,86.0,0.998394738419,0.749498197808,0.103753584616
320.853,491.923,86.0,0.998394738419,0.749498197808,0.103753584616
