374.077,514.682,88.0,0.998394738419,0.749498197808,0.103753584616
370.829,514.196,88.0,0.998394738419,0.749498197808,0.103753584616
368.181,512.025,88.0,0.998394738419,0.749498197808,0.103753584616
365.06,510.535,88.0,0.998394738419,0.749498197808,0.103753584616
361.984,508.987,88.0,0.998394738419,0.749498197808,0.103753584616
358.911,507.409,88.0,0.998394738419,0.749498197808,0.103753584616
355.849,506.467,88.0,0.998394738419,0.749498197808,0.103753584616
352.592,505.616,88.0,0.998394738419,0.749498197808,0.103753584616
349.124,505.7,88.0,0.998394738419,0.749498197808,0.103753584616
345.687,505.649,88.0,0.998394738419,0.749498197808,0.103753584616
342.238,505.649,88.0,0.998394738419,0.749498197808,0.103753584616
338.79,505.649,88.0,0.998394738419,0.749498197808,0.103753584616
335.341,505.651,88.0,0.998394738419,0.749498197808,0.103753584616
331.891,505.69,88.0,0.998394738419,0.749498197808,0.103753584616
328.604,506.763,88.0,0.998394738419,0.749498197808,0.103753584616
325.318,507.436,88.0,0.998394738419,0.749498197808,0.103753584616
322.257,509.086,88.0,0.998394738419,0.749498197808,0.103753584616
318.751,509.201,88.0,0.998394738419,0.749498197808,0.103753584616
315.846,510.901,88.0,0.998394738419,0.749498197808,0.103753584616
313.017,512.825,88.0,0.998394738419,0.749498197808,0.103753584616
311.501,515.636,88.0,0.998394738419,0.749498197808,0.103753584616
309.434,518.256,88.0,0.998394738419,0.749498197808,0.103753584616
308.769,521.565,88.0,0.998394738419,0.749498197808,0.103753584616
307.907,524.811,88.0,0.998394738419,0.749498197808,0.103753584616
307.92,528.262,88.0,0.998394738419,0.749498197808,0.103753584616
307.908,531.717,88.0,0.998394738419,0.749498197808,0.103753584616
308.3,535.002,88.0,0.998394738419,0.749498197808,0.103753584616
310.015,537.804,88.0,0.998394738419,0.749498197808,0.103753584616
312.432,539.973,88.0,0.998394738419,0.749498197808,0.103753584616
314.298,542.82,88.0,0.998394738419,0.749498197808,0.103753584616
317.305,544.59,88.0,0.998394738419,0.749498197808,0.103753584616
320.376,546.148,88.0,0.998394738419,0.749498197808,0.103753584616
323.584,547.164,88.0,0.998394738419,0.749498197808,0.103753584616
326.636,548.844,88.0,0.998394738419,0.749498197808,0.103753584616
329.914,549.566,88.0,0.998394738419,0.749498197808,0.103753584616
333.069,550.963,88.0,0.998394738419,0.749498197808,0.103753584616
336.224,552.323,88.0,0.998394738419,0.749498197808,0.103753584616
339.498,553.067,88.0,0.998394738419,0.749498197808,0.103753584616
342.559,554.707,88.0,0.998394738419,0.749498197808,0.103753584616
345.85,555.375,88.0,0.998394738419,0.749498197808,0.103753584616
349.146,556.007,88.0,0.998394738419,0.749498197808,0.103753584616
352.335,557.413,88.0,0.998394738419,0.749498197808,0.103753584616
355.751,557.658,88.0,0.998394738419,0.749498197808,0.103753584616
358.997,558.45,88.0,0.998394738419,0.749498197808,0.103753584616
361.948,559.66,88.0,0.998394738419,0.749498197808,0.103753584616
365.113,560.557,88.0,0.998394738419,0.749498197808,0.103753584616
368.444,561.091,88.0,0.998394738419,0.749498197808,0.103753584616
371.611,562.495,88.0,0.998394738419,0.749498197808,0.103753584616
374.803,563.576,88.0,0.998394738419,0.749498197808,0.103753584616
378.036,564.496,88.0,0.998394738419,0.749498197808,0.103753584616
381.295,565.356,88.0,0.998394738419,0.749498197808,0.103753584616
384.363,566.241,88.0,0.998394738419,0.749498197808,0.103753584616
387.548,566.879,88.0,0.998394738419,0.749498197808,0.103753584616
390.897,567.124,88.0,0.998394738419,0.749498197808,0.103753584616
394.396,567.241,88.0,0.998394738419,0.749498197808,0.103753584616
397.215,565.386,88.0,0.998394738419,0.749498197808,0.103753584616
400.002,563.744,88.0,0.998394738419,0.749498197808,0.103753584616
402.783,561.811,88.0,0.998394738419,0.749498197808,0.103753584616
403.668,558.73,88.0,0.998394738419,0.749498197808,0.103753584616
404.515,555.472,88.0,0.998394738419,0.749498197808,0.103753584616
404.494,552.037,88.0,0.998394738419,0.749498197808,0.103753584616
404.119,548.719,88.0,0.998394738419,0.749498197808,0.103753584616
403.335,545.54,88.0,0.998394738419,0.749498197808,0.103753584616
402.175,542.487,88.0,0.998394738419,0.749498197808,0.103753584616
400.673,539.55,88.0,0.998394738419,0.749498197808,0.103753584616
398.861,536.717,88.0,0.998394738419,0.749498197808,0.103753584616
396.77,533.978,88.0,0.998394738419,0.749498197808,0.103753584616
394.435,531.322,88.0,0.998394738419,0.749498197808,0.103753584616
391.888,528.737,88.0,0.998394738419,0.749498197808,0.103753584616
389.161,526.213,88.0,0.998394738419,0.749498197808,0.103753584616
386.287,523.739,88.0,0.998394738419,0.749498197808,0.103753584616
383.298,521.303,88.0,0.998394738419,0.749498197808,0.103753584616
380.229,518.894,88.0,0.998394738419,0.749498197808,0.103753584616
377.11,516.502,88.0,0.998394738419,0.749498197808,0.103753584616
