317.723,499.527,94.0,0.998394738419,0.749498197808,0.103753584616
315.016,501.044,94.0,0.998394738419,0.749498197808,0.103753584616
311.971,502.293,94.0,0.998394738419,0.749498197808,0.103753584616
309.028,503.736,94.0,0.998394738419,0.749498197808,0.103753584616
306.72,506.059,94.0,0.998394738419,0.749498197808,0.103753584616
303.822,507.569,94.0,0.998394738419,0.749498197808,0.103753584616
301.84,510.017,94.0,0.998394738419,0.749498197808,0.103753584616
299.395,511.848,94.0,0.998394738419,0.749498197808,0.103753584616
297.72,514.588,94.0,0.998394738419,0.749498197808,0.103753584616
296.231,517.517,94.0,0.998394738419,0.749498197808,0.103753584616
295.629,520.647,94.0,0.998394738419,0.749498197808,0.103753584616
295.625,523.917,94.0,0.998394738419,0.749498197808,0.103753584616
295.63,527.189,94.0,0.998394738419,0.749498197808,0.103753584616
295.758,530.454,94.0,0.998394738419,0.749498197808,0.103753584616
296.822,533.555,94.0,0.998394738419,0.749498197808,0.103753584616
298.299,536.474,94.0,0.998394738419,0.749498197808,0.103753584616
300.142,539.125,94.0,0.998394738419,0.749498197808,0.103753584616
301.935,541.792,94.0,0.998394738419,0.749498197808,0.103753584616
304.598,543.638,94.0,0.998394738419,0.749498197808,0.103753584616
307.067,545.746,94.0,0.998394738419,0.749498197808,0.103753584616
310.064,547.094,94.0,0.998394738419,0.749498197808,0.103753584616
312.969,548.631,94.0,0.998394738419,0.749498197808,0.103753584616
316.117,549.158,94.0,0.998394738419,0.749498197808,0.103753584616
319.088,550.432,94.0,0.998394738419,0.749498197808,0.103753584616
322.144,551.344,94.0,0.998394738419,0.749498197808,0.103753584616
325.242,552.065,94.0,0.998394738419,0.749498197808,0.103753584616
328.45,552.708,94.0,0.998394738419,0.749498197808,0.103753584616
331.473,553.911,94.0,0.998394738419,0.749498197808,0.103753584616
334.614,554.461,94.0,0.998394738419,0.749498197808,0.103753584616
337.594,555.695,94.0,0.998394738419,0.749498197808,0.103753584616
340.648,556.616,94.0,0.998394738419,0.749498197808,0.103753584616
343.737,557.392,94.0,0.998394738419,0.749498197808,0.103753584616
347.001,557.565,94.0,0.998394738419,0.749498197808,0.103753584616
350.052,558.778,94.0,0.998394738419,0.749498197808,0.103753584616
353.121,559.905,94.0,0.998394738419,0.749498197808,0.103753584616
356.386,560.081,94.0,0.998394738419,0.749498197808,0.103753584616
359.469,560.884,94.0,0.998394738419,0.749498197808,0.103753584616
362.675,561.244,94.0,0.998394738419,0.749498197808,0.103753584616
365.774,562.373,94.0,0.998394738419,0.749498197808,0.103753584616
368.752,563.697,94.0,0.998394738419,0.749498197808,0.103753584616
371.938,564.455,94.0,0.998394738419,0.749498197808,0.103753584616
374.873,565.906,94.0,0.998394738419,0.749498197808,0.103753584616
377.852,567.302,94.0,0.998394738419,0.749498197808,0.103753584616
379.866,569.71,94.0,0.998394738419,0.749498197808,0.103753584616
382.98,570.322,94.0,0.998394738419,0.749498197808,0.103753584616
385.874,571.868,94.0,0.998394738419,0.749498197808,0.103753584616
388.964,572.894,94.0,0.998394738419,0.749498197808,0.103753584616
392.011,574.019,94.0,0.998394738419,0.749498197808,0.103753584616
395.015,575.118,94.0,0.998394738419,0.749498197808,0.103753584616
398.056,575.655,94.0,0.998394738419,0.749498197808,0.103753584616
401.221,575.913,94.0,0.998394738419,0.749498197808,0.103753584616
404.496,575.9,94.0,0.998394738419,0.749498197808,0.103753584616
407.619,576.833,94.0,0.998394738419,0.749498197808,0.103753584616
410.909,576.811,94.0,0.998394738419,0.749498197808,0.103753584616
413.32,574.9,94.0,0.998394738419,0.749498197808,0.103753584616
414.421,572.099,94.0,0.998394738419,0.749498197808,0.103753584616
414.568,568.73,94.0,0.998394738419,0.749498197808,0.103753584616
415.069,565.551,94.0,0.998394738419,0.749498197808,0.103753584616
415.063,562.278,94.0,0.998394738419,0.749498197808,0.103753584616
415.07,559.003,94.0,0.998394738419,0.749498197808,0.103753584616
415.171,555.69,94.0,0.998394738419,0.749498197808,0.103753584616
413.372,553.167,94.0,0.998394738419,0.749498197808,0.103753584616
411.59,550.471,94.0,0.998394738419,0.749498197808,0.103753584616
409.783,547.794,94.0,0.998394738419,0.749498197808,0.103753584616
407.415,545.783,94.0,0.998394738419,0.749498197808,0.103753584616
405.291,543.316,94.0,0.998394738419,0.749498197808,0.103753584616
402.987,540.994,94.0,0.998394738419,0.749498197808,0.103753584616
400.7,538.651,94.0,0.998394738419,0.749498197808,0.103753584616
398.801,535.923,94.0,0.998394738419,0.749498197808,0.103753584616
396.742,534.013,94.0,0.998394738419,0.749498197808,0.103753584616
393.816,532.527,94.0,0.998394738419,0.749498197808,0.103753584616
391.973,529.954,94.0,0.998394738419,0.749498197808,0.103753584616
390.279,527.192,94.0,0.998394738419,0.749498197808,0.103753584616
388.336,524.568,94.0,0.998394738419,0.749498197808,0.103753584616
386.368,522.014,94.0,0.998394738419,0.749498197808,0.103753584616
383.92,519.976,94.0,0.998394738419,0.749498197808,0.103753584616
381.525,517.782,94.0,0.998394738419,0.749498197808,0.103753584616
379.213,515.468,94.0,0.998394738419,0.749498197808,0.103753584616
376.9,513.154,94.0,0.998394738419,0.749498197808,0.103753584616
374.587,510.84,94.0,0.998394738419,0.749498197808,0.103753584616
372.334,508.374,94.0,0.998394738419,0.749498197808,0.103753584616
369.516,507.176,94.0,0.998394738419,0.749498197808,0.103753584616
366.644,505.515,94.0,0.998394738419,0.749498197808,0.103753584616
363.7,504.116,94.0,0.998394738419,0.749498197808,0.103753584616
360.791,502.579,94.0,0.998394738419,0.749498197808,0.103753584616
357.641,502.064,94.0,0.998394738419,0.749498197808,0.103753584616
354.764,500.418,94.0,0.998394738419,0.749498197808,0.103753584616
351.855,499.513,94.0,0.998394738419,0.749498197808,0.103753584616
348.63,498.921,94.0,0.998394738419,0.749498197808,0.103753584616
345.803,497.795,94.0,0.998394738419,0.749498197808,0.103753584616
342.917,496.864,94.0,0.998394738419,0.749498197808,0.103753584616
339.644,496.867,94.0,0.998394738419,0.749498197808,0.103753584616
336.374,496.888,94.0,0.998394738419,0.749498197808,0.103753584616
333.109,497.027,94.0,0.998394738419,0.749498197808,0.103753584616
329.848,497.272,94.0,0.998394738419,0.749498197808,0.103753584616
326.592,497.599,94.0,0.998394738419,0.749498197808,0.103753584616
323.338,497.985,94.0,0.998394738419,0.749498197808,0.103753584616
320.085,498.407,94.0,0.998394738419,0.749498197808,0.103753584616
