166.543,522.292,165.0,0.428785302281,0.156016881242,0.230261242218
166.021,524.58,165.0,0.428785302281,0.156016881242,0.230261242218
164.709,526.449,165.0,0.428785302281,0.156016881242,0.230261242218
164.181,528.685,165.0,0.428785302281,0.156016881242,0.230261242218
164.207,531.505,165.0,0.428785302281,0.156016881242,0.230261242218
163.284,532.814,165.0,0.428785302281,0.156016881242,0.230261242218
163.011,534.929,165.0,0.428785302281,0.156016881242,0.230261242218
163.017,537.32,165.0,0.428785302281,0.156016881242,0.230261242218
163.017,539.704,165.0,0.428785302281,0.156016881242,0.230261242218
163.018,542.088,165.0,0.428785302281,0.156016881242,0.230261242218
162.992,544.483,165.0,0.428785302281,0.156016881242,0.230261242218
163.892,546.495,165.0,0.428785302281,0.156016881242,0.230261242218
164.768,548.515,165.0,0.428785302281,0.156016881242,0.230261242218
166.456,550.18,165.0,0.428785302281,0.156016881242,0.230261242218
167.707,551.518,165.0,0.428785302281,0.156016881242,0.230261242218
169.618,552.612,165.0,0.428785302281,0.156016881242,0.230261242218
171.81,553.073,165.0,0.428785302281,0.156016881242,0.230261242218
174.074,552.476,165.0,0.428785302281,0.156016881242,0.230261242218
175.78,550.813,165.0,0.428785302281,0.156016881242,0.230261242218
177.112,548.981,165.0,0.428785302281,0.156016881242,0.230261242218
177.94,546.94,165.0,0.428785302281,0.156016881242,0.230261242218
177.921,544.553,165.0,0.428785302281,0.156016881242,0.230261242218
178.846,542.386,165.0,0.428785302281,0.156016881242,0.230261242218
178.825,539.997,165.0,0.428785302281,0.156016881242,0.230261242218
178.825,537.612,165.0,0.428785302281,0.156016881242,0.230261242218
178.823,535.228,165.0,0.428785302281,0.156016881242,0.230261242218
178.839,532.845,165.0,0.428785302281,0.156016881242,0.230261242218
178.793,530.455,165.0,0.428785302281,0.156016881242,0.230261242218
179.83,528.328,165.0,0.428785302281,0.156016881242,0.230261242218
181.487,526.635,165.0,0.428785302281,0.156016881242,0.230261242218
180.95,524.385,165.0,0.428785302281,0.156016881242,0.230261242218
179.554,522.829,165.0,0.428785302281,0.156016881242,0.230261242218
177.518,521.888,165.0,0.428785302281,0.156016881242,0.230261242218
174.985,521.424,165.0,0.428785302281,0.156016881242,0.230261242218
172.096,521.301,165.0,0.428785302281,0.156016881242,0.230261242218
168.994,521.382,165.0,0.428785302281,0.156016881242,0.230261242218
