189.105,515.799,171.0,0.507834671819,0.218950468742,0.482826330787
187.296,517.42,171.0,0.507834671819,0.218950468742,0.482826330787
185.226,518.679,171.0,0.507834671819,0.218950468742,0.482826330787
183.447,520.337,171.0,0.507834671819,0.218950468742,0.482826330787
181.507,521.827,171.0,0.507834671819,0.218950468742,0.482826330787
179.342,522.975,171.0,0.507834671819,0.218950468742,0.482826330787
177.136,524.043,171.0,0.507834671819,0.218950468742,0.482826330787
175.41,525.781,171.0,0.507834671819,0.218950468742,0.482826330787
173.311,527.028,171.0,0.507834671819,0.218950468742,0.482826330787
171.311,528.1,171.0,0.507834671819,0.218950468742,0.482826330787
169.243,529.136,171.0,0.507834671819,0.218950468742,0.482826330787
169.225,531.608,171.0,0.507834671819,0.218950468742,0.482826330787
168.335,533.683,171.0,0.507834671819,0.218950468742,0.482826330787
168.307,536.108,171.0,0.507834671819,0.218950468742,0.482826330787
169.204,538.176,171.0,0.507834671819,0.218950468742,0.482826330787
170.929,539.908,171.0,0.507834671819,0.218950468742,0.482826330787
172.66,541.637,171.0,0.507834671819,0.218950468742,0.482826330787
174.691,542.612,171.0,0.507834671819,0.218950468742,0.482826330787
177.213,542.847,171.0,0.507834671819,0.218950468742,0.482826330787
179.104,544.33,171.0,0.507834671819,0.218950468742,0.482826330787
181.254,545.052,171.0,0.507834671819,0.218950468742,0.482826330787
183.276,546.076,171.0,0.507834671819,0.218950468742,0.482826330787
185.504,546.605,171.0,0.507834671819,0.218950468742,0.482826330787
187.893,546.744,171.0,0.507834671819,0.218950468742,0.482826330787
189.882,547.849,171.0,0.507834671819,0.218950468742,0.482826330787
191.986,548.677,171.0,0.507834671819,0.218950468742,0.482826330787
194.43,548.685,171.0,0.507834671819,0.218950468742,0.482826330787
196.855,548.563,171.0,0.507834671819,0.218950468742,0.482826330787
198.926,547.255,171.0,0.507834671819,0.218950468742,0.482826330787
201.019,545.9,171.0,0.507834671819,0.218950468742,0.482826330787
202.066,543.881,171.0,0.507834671819,0.218950468742,0.482826330787
203.199,541.903,171.0,0.507834671819,0.218950468742,0.482826330787
203.418,539.547,171.0,0.507834671819,0.218950468742,0.482826330787
203.415,537.099,171.0,0.507834671819,0.218950468742,0.482826330787
203.423,534.648,171.0,0.507834671819,0.218950468742,0.482826330787
203.465,532.184,171.0,0.507834671819,0.218950468742,0.482826330787
202.546,530.118,171.0,0.507834671819,0.218950468742,0.482826330787
202.56,527.666,171.0,0.507834671819,0.218950468742,0.482826330787
201.672,525.587,171.0,0.507834671819,0.218950468742,0.482826330787
201.563,523.193,171.0,0.507834671819,0.218950468742,0.482826330787
200.723,521.162,171.0,0.507834671819,0.218950468742,0.482826330787
199.152,519.489,171.0,0.507834671819,0.218950468742,0.482826330787
197.012,518.096,171.0,0.507834671819,0.218950468742,0.482826330787
194.466,516.902,171.0,0.507834671819,0.218950468742,0.482826330787
191.676,515.827,171.0,0.507834671819,0.218950468742,0.482826330787
