197.09,524.649,193.0,0.507834671819,0.218950468742,0.482826330787
196.403,523.072,193.0,0.507834671819,0.218950468742,0.482826330787
195.076,522.524,193.0,0.507834671819,0.218950468742,0.482826330787
193.351,522.85,193.0,0.507834671819,0.218950468742,0.482826330787
191.63,523.575,193.0,0.507834671819,0.218950468742,0.482826330787
189.771,523.589,193.0,0.507834671819,0.218950468742,0.482826330787
188.403,524.728,193.0,0.507834671819,0.218950468742,0.482826330787
186.838,525.362,193.0,0.507834671819,0.218950468742,0.482826330787
185.244,526.222,193.0,0.507834671819,0.218950468742,0.482826330787
183.623,527.062,193.0,0.507834671819,0.218950468742,0.482826330787
182.155,528.206,193.0,0.507834671819,0.218950468742,0.482826330787
180.444,528.858,193.0,0.507834671819,0.218950468742,0.482826330787
178.857,529.757,193.0,0.507834671819,0.218950468742,0.482826330787
177.257,530.663,193.0,0.507834671819,0.218950468742,0.482826330787
175.609,531.47,193.0,0.507834671819,0.218950468742,0.482826330787
173.97,532.318,193.0,0.507834671819,0.218950468742,0.482826330787
172.211,532.657,193.0,0.507834671819,0.218950468742,0.482826330787
170.441,532.95,193.0,0.507834671819,0.218950468742,0.482826330787
168.709,533.403,193.0,0.507834671819,0.218950468742,0.482826330787
166.872,533.413,193.0,0.507834671819,0.218950468742,0.482826330787
165.033,533.414,193.0,0.507834671819,0.218950468742,0.482826330787
163.198,533.405,193.0,0.507834671819,0.218950468742,0.482826330787
161.591,532.851,193.0,0.507834671819,0.218950468742,0.482826330787
159.831,532.332,193.0,0.507834671819,0.218950468742,0.482826330787
158.19,531.851,193.0,0.507834671819,0.218950468742,0.482826330787
156.553,531.014,193.0,0.507834671819,0.218950468742,0.482826330787
154.918,530.176,193.0,0.507834671819,0.218950468742,0.482826330787
153.283,529.344,193.0,0.507834671819,0.218950468742,0.482826330787
151.616,528.544,193.0,0.507834671819,0.218950468742,0.482826330787
150.793,526.884,193.0,0.507834671819,0.218950468742,0.482826330787
149.607,525.502,193.0,0.507834671819,0.218950468742,0.482826330787
148.565,524.146,193.0,0.507834671819,0.218950468742,0.482826330787
147.529,522.776,193.0,0.507834671819,0.218950468742,0.482826330787
146.681,521.197,193.0,0.507834671819,0.218950468742,0.482826330787
146.052,519.628,193.0,0.507834671819,0.218950468742,0.482826330787
146.16,517.68,193.0,0.507834671819,0.218950468742,0.482826330787
145.156,516.159,193.0,0.507834671819,0.218950468742,0.482826330787
144.666,514.525,193.0,0.507834671819,0.218950468742,0.482826330787
144.209,512.875,193.0,0.507834671819,0.218950468742,0.482826330787
143.268,511.426,193.0,0.507834671819,0.218950468742,0.482826330787
142.952,509.718,193.0,0.507834671819,0.218950468742,0.482826330787
142.222,508.181,193.0,0.507834671819,0.218950468742,0.482826330787
142.027,506.423,193.0,0.507834671819,0.218950468742,0.482826330787
141.767,504.692,193.0,0.507834671819,0.218950468742,0.482826330787
141.761,502.855,193.0,0.507834671819,0.218950468742,0.482826330787
141.784,501.021,193.0,0.507834671819,0.218950468742,0.482826330787
141.941,499.219,193.0,0.507834671819,0.218950468742,0.482826330787
142.309,497.467,193.0,0.507834671819,0.218950468742,0.482826330787
142.286,495.618,193.0,0.507834671819,0.218950468742,0.482826330787
142.794,494.017,193.0,0.507834671819,0.218950468742,0.482826330787
142.222,492.316,193.0,0.507834671819,0.218950468742,0.482826330787
140.479,491.969,193.0,0.507834671819,0.218950468742,0.482826330787
138.734,492.199,193.0,0.507834671819,0.218950468742,0.482826330787
137.412,493.512,193.0,0.507834671819,0.218950468742,0.482826330787
136.431,495.05,193.0,0.507834671819,0.218950468742,0.482826330787
135.169,496.378,193.0,0.507834671819,0.218950468742,0.482826330787
134.178,497.901,193.0,0.507834671819,0.218950468742,0.482826330787
133.178,499.411,193.0,0.507834671819,0.218950468742,0.482826330787
132.443,500.975,193.0,0.507834671819,0.218950468742,0.482826330787
131.512,502.583,193.0,0.507834671819,0.218950468742,0.482826330787
130.592,504.168,193.0,0.507834671819,0.218950468742,0.482826330787
129.753,505.655,193.0,0.507834671819,0.218950468742,0.482826330787
129.219,507.274,193.0,0.507834671819,0.218950468742,0.482826330787
128.364,508.923,193.0,0.507834671819,0.218950468742,0.482826330787
128.122,510.733,193.0,0.507834671819,0.218950468742,0.482826330787
128.145,512.566,193.0,0.507834671819,0.218950468742,0.482826330787
128.17,514.395,193.0,0.507834671819,0.218950468742,0.482826330787
129.194,515.901,193.0,0.507834671819,0.218950468742,0.482826330787
130.016,517.547,193.0,0.507834671819,0.218950468742,0.482826330787
130.833,519.194,193.0,0.507834671819,0.218950468742,0.482826330787
131.822,520.748,193.0,0.507834671819,0.218950468742,0.482826330787
132.869,522.233,193.0,0.507834671819,0.218950468742,0.482826330787
133.898,523.744,193.0,0.507834671819,0.218950468742,0.482826330787
135.34,524.764,193.0,0.507834671819,0.218950468742,0.482826330787
136.611,526.099,193.0,0.507834671819,0.218950468742,0.482826330787
137.894,527.427,193.0,0.507834671819,0.218950468742,0.482826330787
139.415,528.42,193.0,0.507834671819,0.218950468742,0.482826330787
140.794,529.611,193.0,0.507834671819,0.218950468742,0.482826330787
142.014,531.023,193.0,0.507834671819,0.218950468742,0.482826330787
143.6,531.927,193.0,0.507834671819,0.218950468742,0.482826330787
144.876,533.261,193.0,0.507834671819,0.218950468742,0.482826330787
146.176,534.562,193.0,0.507834671819,0.218950468742,0.482826330787
147.691,535.566,193.0,0.507834671819,0.218950468742,0.482826330787
149.339,536.402,193.0,0.507834671819,0.218950468742,0.482826330787
151.186,536.6,193.0,0.507834671819,0.218950468742,0.482826330787
152.739,537.261,193.0,0.507834671819,0.218950468742,0.482826330787
154.46,537.816,193.0,0.507834671819,0.218950468742,0.482826330787
156.31,537.771,193.0,0.507834671819,0.218950468742,0.482826330787
158.152,537.75,193.0,0.507834671819,0.218950468742,0.482826330787
159.918,538.198,193.0,0.507834671819,0.218950468742,0.482826330787
161.722,538.417,193.0,0.507834671819,0.218950468742,0.482826330787
163.577,538.315,193.0,0.507834671819,0.218950468742,0.482826330787
165.415,538.322,193.0,0.507834671819,0.218950468742,0.482826330787
167.256,538.318,193.0,0.507834671819,0.218950468742,0.482826330787
169.135,538.223,193.0,0.507834671819,0.218950468742,0.482826330787
170.709,538.861,193.0,0.507834671819,0.218950468742,0.482826330787
172.538,538.968,193.0,0.507834671819,0.218950468742,0.482826330787
174.276,539.604,193.0,0.507834671819,0.218950468742,0.482826330787
176.024,539.971,193.0,0.507834671819,0.218950468742,0.482826330787
177.681,540.407,193.0,0.507834671819,0.218950468742,0.482826330787
179.272,541.008,193.0,0.507834671819,0.218950468742,0.482826330787
180.879,541.57,193.0,0.507834671819,0.218950468742,0.482826330787
182.278,542.794,193.0,0.507834671819,0.218950468742,0.482826330787
184.07,543.212,193.0,0.507834671819,0.218950468742,0.482826330787
185.787,543.717,193.0,0.507834671819,0.218950468742,0.482826330787
187.655,543.665,193.0,0.507834671819,0.218950468742,0.482826330787
189.226,544.318,193.0,0.507834671819,0.218950468742,0.482826330787
191.06,544.312,193.0,0.507834671819,0.218950468742,0.482826330787
192.773,544.005,193.0,0.507834671819,0.218950468742,0.482826330787
194.429,543.391,193.0,0.507834671819,0.218950468742,0.482826330787
196.076,542.552,193.0,0.507834671819,0.218950468742,0.482826330787
197.52,541.446,193.0,0.507834671819,0.218950468742,0.482826330787
198.801,540.099,193.0,0.507834671819,0.218950468742,0.482826330787
200.495,539.968,193.0,0.507834671819,0.218950468742,0.482826330787
201.621,539.443,193.0,0.507834671819,0.218950468742,0.482826330787
202.118,538.301,193.0,0.507834671819,0.218950468742,0.482826330787
202.082,536.637,193.0,0.507834671819,0.218950468742,0.482826330787
201.611,534.546,193.0,0.507834671819,0.218950468742,0.482826330787
200.8,532.123,193.0,0.507834671819,0.218950468742,0.482826330787
199.747,529.463,193.0,0.507834671819,0.218950468742,0.482826330787
198.55,526.66,193.0,0.507834671819,0.218950468742,0.482826330787
