169.766,533.73,203.0,0.428785302281,0.156016881242,0.230261242218
168.103,533.722,203.0,0.428785302281,0.156016881242,0.230261242218
166.674,533.146,203.0,0.428785302281,0.156016881242,0.230261242218
165.196,532.696,203.0,0.428785302281,0.156016881242,0.230261242218
163.71,531.943,203.0,0.428785302281,0.156016881242,0.230261242218
162.23,531.179,203.0,0.428785302281,0.156016881242,0.230261242218
160.736,530.44,203.0,0.428785302281,0.156016881242,0.230261242218
159.248,529.69,203.0,0.428785302281,0.156016881242,0.230261242218
157.755,528.949,203.0,0.428785302281,0.156016881242,0.230261242218
156.258,528.211,203.0,0.428785302281,0.156016881242,0.230261242218
154.894,527.29,203.0,0.428785302281,0.156016881242,0.230261242218
153.409,526.538,203.0,0.428785302281,0.156016881242,0.230261242218
152.079,525.569,203.0,0.428785302281,0.156016881242,0.230261242218
150.565,524.833,203.0,0.428785302281,0.156016881242,0.230261242218
149.161,523.881,203.0,0.428785302281,0.156016881242,0.230261242218
148.346,522.439,203.0,0.428785302281,0.156016881242,0.230261242218
147.199,521.238,203.0,0.428785302281,0.156016881242,0.230261242218
146.019,520.061,203.0,0.428785302281,0.156016881242,0.230261242218
145.103,518.693,203.0,0.428785302281,0.156016881242,0.230261242218
143.975,517.479,203.0,0.428785302281,0.156016881242,0.230261242218
143.012,516.122,203.0,0.428785302281,0.156016881242,0.230261242218
142.242,514.642,203.0,0.428785302281,0.156016881242,0.230261242218
141.316,513.259,203.0,0.428785302281,0.156016881242,0.230261242218
140.596,511.894,203.0,0.428785302281,0.156016881242,0.230261242218
140.608,510.222,203.0,0.428785302281,0.156016881242,0.230261242218
140.608,508.556,203.0,0.428785302281,0.156016881242,0.230261242218
140.608,506.889,203.0,0.428785302281,0.156016881242,0.230261242218
140.587,505.214,203.0,0.428785302281,0.156016881242,0.230261242218
141.154,503.783,203.0,0.428785302281,0.156016881242,0.230261242218
141.881,502.276,203.0,0.428785302281,0.156016881242,0.230261242218
142.526,500.737,203.0,0.428785302281,0.156016881242,0.230261242218
143.329,499.392,203.0,0.428785302281,0.156016881242,0.230261242218
143.835,497.935,203.0,0.428785302281,0.156016881242,0.230261242218
144.398,496.503,203.0,0.428785302281,0.156016881242,0.230261242218
145.023,495.146,203.0,0.428785302281,0.156016881242,0.230261242218
144.439,493.937,203.0,0.428785302281,0.156016881242,0.230261242218
143.49,492.97,203.0,0.428785302281,0.156016881242,0.230261242218
142.129,492.255,203.0,0.428785302281,0.156016881242,0.230261242218
140.46,492.31,203.0,0.428785302281,0.156016881242,0.230261242218
139.002,492.822,203.0,0.428785302281,0.156016881242,0.230261242218
137.667,493.621,203.0,0.428785302281,0.156016881242,0.230261242218
136.488,494.788,203.0,0.428785302281,0.156016881242,0.230261242218
135.268,495.933,203.0,0.428785302281,0.156016881242,0.230261242218
134.304,497.272,203.0,0.428785302281,0.156016881242,0.230261242218
133.268,498.504,203.0,0.428785302281,0.156016881242,0.230261242218
131.822,499.424,203.0,0.428785302281,0.156016881242,0.230261242218
130.92,500.803,203.0,0.428785302281,0.156016881242,0.230261242218
129.787,502.014,203.0,0.428785302281,0.156016881242,0.230261242218
128.611,503.194,203.0,0.428785302281,0.156016881242,0.230261242218
127.677,504.499,203.0,0.428785302281,0.156016881242,0.230261242218
126.595,505.626,203.0,0.428785302281,0.156016881242,0.230261242218
125.384,506.834,203.0,0.428785302281,0.156016881242,0.230261242218
124.779,508.245,203.0,0.428785302281,0.156016881242,0.230261242218
124.243,509.69,203.0,0.428785302281,0.156016881242,0.230261242218
124.252,511.359,203.0,0.428785302281,0.156016881242,0.230261242218
124.249,513.025,203.0,0.428785302281,0.156016881242,0.230261242218
124.241,514.695,203.0,0.428785302281,0.156016881242,0.230261242218
124.804,516.126,203.0,0.428785302281,0.156016881242,0.230261242218
125.48,517.642,203.0,0.428785302281,0.156016881242,0.230261242218
126.409,518.992,203.0,0.428785302281,0.156016881242,0.230261242218
127.302,520.45,203.0,0.428785302281,0.156016881242,0.230261242218
128.674,521.056,203.0,0.428785302281,0.156016881242,0.230261242218
129.784,522.383,203.0,0.428785302281,0.156016881242,0.230261242218
131.257,522.932,203.0,0.428785302281,0.156016881242,0.230261242218
132.535,524.021,203.0,0.428785302281,0.156016881242,0.230261242218
133.753,525.145,203.0,0.428785302281,0.156016881242,0.230261242218
135.123,526.059,203.0,0.428785302281,0.156016881242,0.230261242218
136.307,527.23,203.0,0.428785302281,0.156016881242,0.230261242218
137.827,527.934,203.0,0.428785302281,0.156016881242,0.230261242218
139.11,528.967,203.0,0.428785302281,0.156016881242,0.230261242218
140.289,530.145,203.0,0.428785302281,0.156016881242,0.230261242218
141.456,531.339,203.0,0.428785302281,0.156016881242,0.230261242218
142.885,532.169,203.0,0.428785302281,0.156016881242,0.230261242218
144.044,533.38,203.0,0.428785302281,0.156016881242,0.230261242218
145.208,534.599,203.0,0.428785302281,0.156016881242,0.230261242218
146.576,535.321,203.0,0.428785302281,0.156016881242,0.230261242218
148.015,535.876,203.0,0.428785302281,0.156016881242,0.230261242218
149.32,536.873,203.0,0.428785302281,0.156016881242,0.230261242218
150.832,537.34,203.0,0.428785302281,0.156016881242,0.230261242218
152.195,538.079,203.0,0.428785302281,0.156016881242,0.230261242218
153.727,538.645,203.0,0.428785302281,0.156016881242,0.230261242218
155.35,538.835,203.0,0.428785302281,0.156016881242,0.230261242218
156.804,539.717,203.0,0.428785302281,0.156016881242,0.230261242218
158.229,540.314,203.0,0.428785302281,0.156016881242,0.230261242218
159.903,540.279,203.0,0.428785302281,0.156016881242,0.230261242218
161.465,540.122,203.0,0.428785302281,0.156016881242,0.230261242218
162.969,539.658,203.0,0.428785302281,0.156016881242,0.230261242218
164.424,538.935,203.0,0.428785302281,0.156016881242,0.230261242218
165.838,537.999,203.0,0.428785302281,0.156016881242,0.230261242218
167.221,536.897,203.0,0.428785302281,0.156016881242,0.230261242218
168.581,535.678,203.0,0.428785302281,0.156016881242,0.230261242218
169.928,534.388,203.0,0.428785302281,0.156016881242,0.230261242218
