173.154,532.095,213.0,0.507834671819,0.218950468742,0.482826330787
171.72,532.095,213.0,0.507834671819,0.218950468742,0.482826330787
170.288,532.092,213.0,0.507834671819,0.218950468742,0.482826330787
168.891,531.88,213.0,0.507834671819,0.218950468742,0.482826330787
167.809,530.925,213.0,0.507834671819,0.218950468742,0.482826330787
166.583,530.442,213.0,0.507834671819,0.218950468742,0.482826330787
165.236,529.994,213.0,0.507834671819,0.218950468742,0.482826330787
164.21,528.998,213.0,0.507834671819,0.218950468742,0.482826330787
163.077,528.275,213.0,0.507834671819,0.218950468742,0.482826330787
161.788,527.667,213.0,0.507834671819,0.218950468742,0.482826330787
160.602,526.857,213.0,0.507834671819,0.218950468742,0.482826330787
159.346,526.184,213.0,0.507834671819,0.218950468742,0.482826330787
158.057,525.552,213.0,0.507834671819,0.218950468742,0.482826330787
157.041,524.546,213.0,0.507834671819,0.218950468742,0.482826330787
155.868,523.917,213.0,0.507834671819,0.218950468742,0.482826330787
154.7,523.274,213.0,0.507834671819,0.218950468742,0.482826330787
153.683,522.27,213.0,0.507834671819,0.218950468742,0.482826330787
152.415,521.615,213.0,0.507834671819,0.218950468742,0.482826330787
151.165,520.917,213.0,0.507834671819,0.218950468742,0.482826330787
150.506,519.597,213.0,0.507834671819,0.218950468742,0.482826330787
149.128,519.33,213.0,0.507834671819,0.218950468742,0.482826330787
148.023,518.467,213.0,0.507834671819,0.218950468742,0.482826330787
146.816,517.917,213.0,0.507834671819,0.218950468742,0.482826330787
145.678,517.126,213.0,0.507834671819,0.218950468742,0.482826330787
144.496,516.363,213.0,0.507834671819,0.218950468742,0.482826330787
143.487,515.344,213.0,0.507834671819,0.218950468742,0.482826330787
142.49,514.323,213.0,0.507834671819,0.218950468742,0.482826330787
141.704,513.215,213.0,0.507834671819,0.218950468742,0.482826330787
140.815,512.15,213.0,0.507834671819,0.218950468742,0.482826330787
139.824,511.123,213.0,0.507834671819,0.218950468742,0.482826330787
138.809,510.099,213.0,0.507834671819,0.218950468742,0.482826330787
138.452,508.73,213.0,0.507834671819,0.218950468742,0.482826330787
137.874,507.538,213.0,0.507834671819,0.218950468742,0.482826330787
137.352,506.32,213.0,0.507834671819,0.218950468742,0.482826330787
137.329,504.897,213.0,0.507834671819,0.218950468742,0.482826330787
137.332,503.457,213.0,0.507834671819,0.218950468742,0.482826330787
137.329,502.025,213.0,0.507834671819,0.218950468742,0.482826330787
138.063,500.895,213.0,0.507834671819,0.218950468742,0.482826330787
138.581,499.676,213.0,0.507834671819,0.218950468742,0.482826330787
139.653,498.686,213.0,0.507834671819,0.218950468742,0.482826330787
140.657,497.665,213.0,0.507834671819,0.218950468742,0.482826330787
141.356,496.423,213.0,0.507834671819,0.218950468742,0.482826330787
142.415,495.434,213.0,0.507834671819,0.218950468742,0.482826330787
142.931,494.215,213.0,0.507834671819,0.218950468742,0.482826330787
143.875,493.173,213.0,0.507834671819,0.218950468742,0.482826330787
144.448,491.978,213.0,0.507834671819,0.218950468742,0.482826330787
144.964,490.66,213.0,0.507834671819,0.218950468742,0.482826330787
145.494,489.346,213.0,0.507834671819,0.218950468742,0.482826330787
146.055,488.148,213.0,0.507834671819,0.218950468742,0.482826330787
146.629,486.952,213.0,0.507834671819,0.218950468742,0.482826330787
147.154,485.736,213.0,0.507834671819,0.218950468742,0.482826330787
147.594,484.409,213.0,0.507834671819,0.218950468742,0.482826330787
148.116,483.172,213.0,0.507834671819,0.218950468742,0.482826330787
148.244,481.791,213.0,0.507834671819,0.218950468742,0.482826330787
148.242,480.356,213.0,0.507834671819,0.218950468742,0.482826330787
148.241,478.923,213.0,0.507834671819,0.218950468742,0.482826330787
148.239,477.491,213.0,0.507834671819,0.218950468742,0.482826330787
147.944,476.18,213.0,0.507834671819,0.218950468742,0.482826330787
147.7,474.847,213.0,0.507834671819,0.218950468742,0.482826330787
147.167,473.636,213.0,0.507834671819,0.218950468742,0.482826330787
146.653,472.33,213.0,0.507834671819,0.218950468742,0.482826330787
146.116,471.107,213.0,0.507834671819,0.218950468742,0.482826330787
146.058,469.697,213.0,0.507834671819,0.218950468742,0.482826330787
146.06,468.263,213.0,0.507834671819,0.218950468742,0.482826330787
146.059,466.83,213.0,0.507834671819,0.218950468742,0.482826330787
146.054,465.399,213.0,0.507834671819,0.218950468742,0.482826330787
145.657,464.141,213.0,0.507834671819,0.218950468742,0.482826330787
144.872,463.399,213.0,0.507834671819,0.218950468742,0.482826330787
143.483,463.51,213.0,0.507834671819,0.218950468742,0.482826330787
142.284,464.368,213.0,0.507834671819,0.218950468742,0.482826330787
141.707,465.563,213.0,0.507834671819,0.218950468742,0.482826330787
141.181,466.792,213.0,0.507834671819,0.218950468742,0.482826330787
140.588,467.635,213.0,0.507834671819,0.218950468742,0.482826330787
140.602,469.083,213.0,0.507834671819,0.218950468742,0.482826330787
140.608,470.522,213.0,0.507834671819,0.218950468742,0.482826330787
140.614,471.952,213.0,0.507834671819,0.218950468742,0.482826330787
141.115,473.178,213.0,0.507834671819,0.218950468742,0.482826330787
141.696,474.382,213.0,0.507834671819,0.218950468742,0.482826330787
142.57,475.36,213.0,0.507834671819,0.218950468742,0.482826330787
142.833,476.542,213.0,0.507834671819,0.218950468742,0.482826330787
143.297,477.785,213.0,0.507834671819,0.218950468742,0.482826330787
143.908,478.965,213.0,0.507834671819,0.218950468742,0.482826330787
143.884,480.409,213.0,0.507834671819,0.218950468742,0.482826330787
143.879,481.844,213.0,0.507834671819,0.218950468742,0.482826330787
143.879,483.277,213.0,0.507834671819,0.218950468742,0.482826330787
143.878,484.71,213.0,0.507834671819,0.218950468742,0.482826330787
143.707,486.1,213.0,0.507834671819,0.218950468742,0.482826330787
143.304,487.436,213.0,0.507834671819,0.218950468742,0.482826330787
142.729,488.631,213.0,0.507834671819,0.218950468742,0.482826330787
141.693,489.636,213.0,0.507834671819,0.218950468742,0.482826330787
141.133,490.837,213.0,0.507834671819,0.218950468742,0.482826330787
140.333,491.933,213.0,0.507834671819,0.218950468742,0.482826330787
139.429,493.014,213.0,0.507834671819,0.218950468742,0.482826330787
138.685,494.209,213.0,0.507834671819,0.218950468742,0.482826330787
137.575,495.012,213.0,0.507834671819,0.218950468742,0.482826330787
136.498,495.874,213.0,0.507834671819,0.218950468742,0.482826330787
135.478,496.873,213.0,0.507834671819,0.218950468742,0.482826330787
134.45,497.879,213.0,0.507834671819,0.218950468742,0.482826330787
133.092,498.269,213.0,0.507834671819,0.218950468742,0.482826330787
132.075,499.271,213.0,0.507834671819,0.218950468742,0.482826330787
130.708,499.427,213.0,0.507834671819,0.218950468742,0.482826330787
129.546,500.241,213.0,0.507834671819,0.218950468742,0.482826330787
128.403,501.02,213.0,0.507834671819,0.218950468742,0.482826330787
127.244,501.736,213.0,0.507834671819,0.218950468742,0.482826330787
126.06,502.532,213.0,0.507834671819,0.218950468742,0.482826330787
124.701,502.831,213.0,0.507834671819,0.218950468742,0.482826330787
123.619,503.79,213.0,0.507834671819,0.218950468742,0.482826330787
122.225,504.19,213.0,0.507834671819,0.218950468742,0.482826330787
121.113,505.062,213.0,0.507834671819,0.218950468742,0.482826330787
119.941,505.855,213.0,0.507834671819,0.218950468742,0.482826330787
118.824,506.725,213.0,0.507834671819,0.218950468742,0.482826330787
117.691,507.573,213.0,0.507834671819,0.218950468742,0.482826330787
116.673,508.576,213.0,0.507834671819,0.218950468742,0.482826330787
115.494,509.198,213.0,0.507834671819,0.218950468742,0.482826330787
114.907,510.397,213.0,0.507834671819,0.218950468742,0.482826330787
114.457,511.646,213.0,0.507834671819,0.218950468742,0.482826330787
114.428,513.068,213.0,0.507834671819,0.218950468742,0.482826330787
114.433,514.503,213.0,0.507834671819,0.218950468742,0.482826330787
114.436,515.936,213.0,0.507834671819,0.218950468742,0.482826330787
114.598,517.34,213.0,0.507834671819,0.218950468742,0.482826330787
115.512,518.454,213.0,0.507834671819,0.218950468742,0.482826330787
116.604,519.42,213.0,0.507834671819,0.218950468742,0.482826330787
117.36,520.175,213.0,0.507834671819,0.218950468742,0.482826330787
118.353,521.209,213.0,0.507834671819,0.218950468742,0.482826330787
119.791,521.196,213.0,0.507834671819,0.218950468742,0.482826330787
120.995,521.752,213.0,0.507834671819,0.218950468742,0.482826330787
122.355,522.192,213.0,0.507834671819,0.218950468742,0.482826330787
123.652,522.818,213.0,0.507834671819,0.218950468742,0.482826330787
125.01,522.994,213.0,0.507834671819,0.218950468742,0.482826330787
126.179,523.817,213.0,0.507834671819,0.218950468742,0.482826330787
127.471,524.441,213.0,0.507834671819,0.218950468742,0.482826330787
128.722,525.136,213.0,0.507834671819,0.218950468742,0.482826330787
129.975,525.595,213.0,0.507834671819,0.218950468742,0.482826330787
131.197,526.398,213.0,0.507834671819,0.218950468742,0.482826330787
132.393,527.168,213.0,0.507834671819,0.218950468742,0.482826330787
133.683,527.798,213.0,0.507834671819,0.218950468742,0.482826330787
134.879,528.558,213.0,0.507834671819,0.218950468742,0.482826330787
136.106,529.276,213.0,0.507834671819,0.218950468742,0.482826330787
137.222,530.148,213.0,0.507834671819,0.218950468742,0.482826330787
138.38,530.958,213.0,0.507834671819,0.218950468742,0.482826330787
139.668,531.559,213.0,0.507834671819,0.218950468742,0.482826330787
141.043,531.713,213.0,0.507834671819,0.218950468742,0.482826330787
142.209,532.617,213.0,0.507834671819,0.218950468742,0.482826330787
143.486,533.263,213.0,0.507834671819,0.218950468742,0.482826330787
144.807,533.869,213.0,0.507834671819,0.218950468742,0.482826330787
145.789,534.809,213.0,0.507834671819,0.218950468742,0.482826330787
146.735,535.786,213.0,0.507834671819,0.218950468742,0.482826330787
148.116,536.328,213.0,0.507834671819,0.218950468742,0.482826330787
148.802,537.566,213.0,0.507834671819,0.218950468742,0.482826330787
150.11,538.177,213.0,0.507834671819,0.218950468742,0.482826330787
151.304,538.936,213.0,0.507834671819,0.218950468742,0.482826330787
152.306,539.958,213.0,0.507834671819,0.218950468742,0.482826330787
153.381,540.825,213.0,0.507834671819,0.218950468742,0.482826330787
154.472,541.643,213.0,0.507834671819,0.218950468742,0.482826330787
155.685,542.371,213.0,0.507834671819,0.218950468742,0.482826330787
156.973,543.005,213.0,0.507834671819,0.218950468742,0.482826330787
158.25,543.658,213.0,0.507834671819,0.218950468742,0.482826330787
159.588,544.173,213.0,0.507834671819,0.218950468742,0.482826330787
161.028,544.419,213.0,0.507834671819,0.218950468742,0.482826330787
162.145,545.209,213.0,0.507834671819,0.218950468742,0.482826330787
163.59,545.182,213.0,0.507834671819,0.218950468742,0.482826330787
165.023,545.182,213.0,0.507834671819,0.218950468742,0.482826330787
166.457,545.183,213.0,0.507834671819,0.218950468742,0.482826330787
167.89,545.183,213.0,0.507834671819,0.218950468742,0.482826330787
169.3,545.149,213.0,0.507834671819,0.218950468742,0.482826330787
170.482,544.787,213.0,0.507834671819,0.218950468742,0.482826330787
171.431,544.087,213.0,0.507834671819,0.218950468742,0.482826330787
172.173,543.09,213.0,0.507834671819,0.218950468742,0.482826330787
172.736,541.835,213.0,0.507834671819,0.218950468742,0.482826330787
173.149,540.361,213.0,0.507834671819,0.218950468742,0.482826330787
173.437,538.71,213.0,0.507834671819,0.218950468742,0.482826330787
173.63,536.919,213.0,0.507834671819,0.218950468742,0.482826330787
173.754,535.029,213.0,0.507834671819,0.218950468742,0.482826330787
173.836,533.08,213.0,0.507834671819,0.218950468742,0.482826330787
