141.858,466.506,220.0,0.428785302281,0.156016881242,0.230261242218
142.968,467.542,220.0,0.428785302281,0.156016881242,0.230261242218
143.78,468.779,220.0,0.428785302281,0.156016881242,0.230261242218
144.77,469.888,220.0,0.428785302281,0.156016881242,0.230261242218
145.837,470.94,220.0,0.428785302281,0.156016881242,0.230261242218
146.602,472.212,220.0,0.428785302281,0.156016881242,0.230261242218
147.588,473.314,220.0,0.428785302281,0.156016881242,0.230261242218
148.303,474.512,220.0,0.428785302281,0.156016881242,0.230261242218
149.383,475.562,220.0,0.428785302281,0.156016881242,0.230261242218
149.998,476.805,220.0,0.428785302281,0.156016881242,0.230261242218
149.929,478.333,220.0,0.428785302281,0.156016881242,0.230261242218
150.108,479.781,220.0,0.428785302281,0.156016881242,0.230261242218
150.548,481.165,220.0,0.428785302281,0.156016881242,0.230261242218
151.023,482.467,220.0,0.428785302281,0.156016881242,0.230261242218
151.03,483.961,220.0,0.428785302281,0.156016881242,0.230261242218
151.031,485.458,220.0,0.428785302281,0.156016881242,0.230261242218
151.043,486.954,220.0,0.428785302281,0.156016881242,0.230261242218
150.871,488.456,220.0,0.428785302281,0.156016881242,0.230261242218
150.068,489.689,220.0,0.428785302281,0.156016881242,0.230261242218
149.395,490.908,220.0,0.428785302281,0.156016881242,0.230261242218
148.571,492.115,220.0,0.428785302281,0.156016881242,0.230261242218
147.498,493.034,220.0,0.428785302281,0.156016881242,0.230261242218
146.452,493.992,220.0,0.428785302281,0.156016881242,0.230261242218
145.308,494.952,220.0,0.428785302281,0.156016881242,0.230261242218
144.554,496.228,220.0,0.428785302281,0.156016881242,0.230261242218
143.502,497.291,220.0,0.428785302281,0.156016881242,0.230261242218
142.793,498.601,220.0,0.428785302281,0.156016881242,0.230261242218
141.753,499.664,220.0,0.428785302281,0.156016881242,0.230261242218
141.066,500.893,220.0,0.428785302281,0.156016881242,0.230261242218
140.317,502.159,220.0,0.428785302281,0.156016881242,0.230261242218
139.581,503.451,220.0,0.428785302281,0.156016881242,0.230261242218
138.99,504.703,220.0,0.428785302281,0.156016881242,0.230261242218
138.575,506.028,220.0,0.428785302281,0.156016881242,0.230261242218
138.487,507.489,220.0,0.428785302281,0.156016881242,0.230261242218
138.482,508.99,220.0,0.428785302281,0.156016881242,0.230261242218
138.554,510.458,220.0,0.428785302281,0.156016881242,0.230261242218
138.405,512.017,220.0,0.428785302281,0.156016881242,0.230261242218
139.038,513.252,220.0,0.428785302281,0.156016881242,0.230261242218
139.601,514.516,220.0,0.428785302281,0.156016881242,0.230261242218
140.469,515.654,220.0,0.428785302281,0.156016881242,0.230261242218
141.023,516.923,220.0,0.428785302281,0.156016881242,0.230261242218
142.144,517.948,220.0,0.428785302281,0.156016881242,0.230261242218
143.292,518.888,220.0,0.428785302281,0.156016881242,0.230261242218
144.263,519.918,220.0,0.428785302281,0.156016881242,0.230261242218
145.405,520.776,220.0,0.428785302281,0.156016881242,0.230261242218
146.503,521.779,220.0,0.428785302281,0.156016881242,0.230261242218
147.703,522.5,220.0,0.428785302281,0.156016881242,0.230261242218
148.762,523.562,220.0,0.428785302281,0.156016881242,0.230261242218
149.829,524.591,220.0,0.428785302281,0.156016881242,0.230261242218
151.158,525.274,220.0,0.428785302281,0.156016881242,0.230261242218
152.37,526.134,220.0,0.428785302281,0.156016881242,0.230261242218
153.22,526.912,220.0,0.428785302281,0.156016881242,0.230261242218
154.3,527.96,220.0,0.428785302281,0.156016881242,0.230261242218
155.724,528.332,220.0,0.428785302281,0.156016881242,0.230261242218
156.781,529.436,220.0,0.428785302281,0.156016881242,0.230261242218
158.143,529.884,220.0,0.428785302281,0.156016881242,0.230261242218
159.501,530.329,220.0,0.428785302281,0.156016881242,0.230261242218
160.632,531.217,220.0,0.428785302281,0.156016881242,0.230261242218
161.892,531.791,220.0,0.428785302281,0.156016881242,0.230261242218
163.155,532.355,220.0,0.428785302281,0.156016881242,0.230261242218
164.665,532.324,220.0,0.428785302281,0.156016881242,0.230261242218
165.923,532.881,220.0,0.428785302281,0.156016881242,0.230261242218
167.308,533.401,220.0,0.428785302281,0.156016881242,0.230261242218
168.55,534.034,220.0,0.428785302281,0.156016881242,0.230261242218
169.91,534.688,220.0,0.428785302281,0.156016881242,0.230261242218
171.125,535.507,220.0,0.428785302281,0.156016881242,0.230261242218
172.17,536.575,220.0,0.428785302281,0.156016881242,0.230261242218
172.842,537.795,220.0,0.428785302281,0.156016881242,0.230261242218
172.882,539.332,220.0,0.428785302281,0.156016881242,0.230261242218
171.517,539.703,220.0,0.428785302281,0.156016881242,0.230261242218
170.225,540.487,220.0,0.428785302281,0.156016881242,0.230261242218
168.755,540.606,220.0,0.428785302281,0.156016881242,0.230261242218
167.372,541.096,220.0,0.428785302281,0.156016881242,0.230261242218
165.864,541.046,220.0,0.428785302281,0.156016881242,0.230261242218
164.366,541.05,220.0,0.428785302281,0.156016881242,0.230261242218
162.861,541.07,220.0,0.428785302281,0.156016881242,0.230261242218
161.295,541.243,220.0,0.428785302281,0.156016881242,0.230261242218
160.142,540.424,220.0,0.428785302281,0.156016881242,0.230261242218
158.441,540.679,220.0,0.428785302281,0.156016881242,0.230261242218
157.659,539.961,220.0,0.428785302281,0.156016881242,0.230261242218
156.488,539.099,220.0,0.428785302281,0.156016881242,0.230261242218
155.006,538.669,220.0,0.428785302281,0.156016881242,0.230261242218
153.609,538.319,220.0,0.428785302281,0.156016881242,0.230261242218
152.207,537.854,220.0,0.428785302281,0.156016881242,0.230261242218
151.048,536.941,220.0,0.428785302281,0.156016881242,0.230261242218
149.703,536.226,220.0,0.428785302281,0.156016881242,0.230261242218
148.238,536.11,220.0,0.428785302281,0.156016881242,0.230261242218
147.183,535.043,220.0,0.428785302281,0.156016881242,0.230261242218
145.778,534.64,220.0,0.428785302281,0.156016881242,0.230261242218
144.447,533.94,220.0,0.428785302281,0.156016881242,0.230261242218
143.129,533.237,220.0,0.428785302281,0.156016881242,0.230261242218
141.733,532.664,220.0,0.428785302281,0.156016881242,0.230261242218
140.571,531.762,220.0,0.428785302281,0.156016881242,0.230261242218
139.185,531.281,220.0,0.428785302281,0.156016881242,0.230261242218
137.759,531.095,220.0,0.428785302281,0.156016881242,0.230261242218
136.521,530.258,220.0,0.428785302281,0.156016881242,0.230261242218
135.431,529.244,220.0,0.428785302281,0.156016881242,0.230261242218
134.369,528.197,220.0,0.428785302281,0.156016881242,0.230261242218
133.288,527.153,220.0,0.428785302281,0.156016881242,0.230261242218
132.546,525.866,220.0,0.428785302281,0.156016881242,0.230261242218
131.488,524.806,220.0,0.428785302281,0.156016881242,0.230261242218
130.771,523.501,220.0,0.428785302281,0.156016881242,0.230261242218
129.901,522.306,220.0,0.428785302281,0.156016881242,0.230261242218
129.26,520.947,220.0,0.428785302281,0.156016881242,0.230261242218
128.604,519.6,220.0,0.428785302281,0.156016881242,0.230261242218
128.056,518.189,220.0,0.428785302281,0.156016881242,0.230261242218
127.046,517.074,220.0,0.428785302281,0.156016881242,0.230261242218
126.814,515.673,220.0,0.428785302281,0.156016881242,0.230261242218
125.713,514.629,220.0,0.428785302281,0.156016881242,0.230261242218
124.669,513.527,220.0,0.428785302281,0.156016881242,0.230261242218
123.396,512.984,220.0,0.428785302281,0.156016881242,0.230261242218
122.25,512.137,220.0,0.428785302281,0.156016881242,0.230261242218
120.748,512.149,220.0,0.428785302281,0.156016881242,0.230261242218
119.251,512.148,220.0,0.428785302281,0.156016881242,0.230261242218
117.753,512.148,220.0,0.428785302281,0.156016881242,0.230261242218
116.256,512.143,220.0,0.428785302281,0.156016881242,0.230261242218
115.042,511.535,220.0,0.428785302281,0.156016881242,0.230261242218
114.479,510.61,220.0,0.428785302281,0.156016881242,0.230261242218
114.498,509.095,220.0,0.428785302281,0.156016881242,0.230261242218
114.502,507.601,220.0,0.428785302281,0.156016881242,0.230261242218
114.892,506.266,220.0,0.428785302281,0.156016881242,0.230261242218
115.98,505.233,220.0,0.428785302281,0.156016881242,0.230261242218
117.184,504.521,220.0,0.428785302281,0.156016881242,0.230261242218
118.345,503.6,220.0,0.428785302281,0.156016881242,0.230261242218
119.745,503.038,220.0,0.428785302281,0.156016881242,0.230261242218
121.058,502.323,220.0,0.428785302281,0.156016881242,0.230261242218
122.398,501.655,220.0,0.428785302281,0.156016881242,0.230261242218
123.737,500.984,220.0,0.428785302281,0.156016881242,0.230261242218
125.076,500.313,220.0,0.428785302281,0.156016881242,0.230261242218
126.416,499.646,220.0,0.428785302281,0.156016881242,0.230261242218
127.765,498.994,220.0,0.428785302281,0.156016881242,0.230261242218
128.99,498.134,220.0,0.428785302281,0.156016881242,0.230261242218
130.398,497.804,220.0,0.428785302281,0.156016881242,0.230261242218
131.543,496.847,220.0,0.428785302281,0.156016881242,0.230261242218
132.874,496.442,220.0,0.428785302281,0.156016881242,0.230261242218
134.105,495.799,220.0,0.428785302281,0.156016881242,0.230261242218
135.32,495.118,220.0,0.428785302281,0.156016881242,0.230261242218
136.396,494.098,220.0,0.428785302281,0.156016881242,0.230261242218
137.421,492.97,220.0,0.428785302281,0.156016881242,0.230261242218
138.628,492.167,220.0,0.428785302281,0.156016881242,0.230261242218
139.564,491.121,220.0,0.428785302281,0.156016881242,0.230261242218
140.12,489.856,220.0,0.428785302281,0.156016881242,0.230261242218
141.177,488.793,220.0,0.428785302281,0.156016881242,0.230261242218
141.441,487.239,220.0,0.428785302281,0.156016881242,0.230261242218
142.3,486.487,220.0,0.428785302281,0.156016881242,0.230261242218
142.895,485.237,220.0,0.428785302281,0.156016881242,0.230261242218
143.312,483.913,220.0,0.428785302281,0.156016881242,0.230261242218
143.403,482.454,220.0,0.428785302281,0.156016881242,0.230261242218
143.397,480.954,220.0,0.428785302281,0.156016881242,0.230261242218
143.397,479.457,220.0,0.428785302281,0.156016881242,0.230261242218
143.454,477.903,220.0,0.428785302281,0.156016881242,0.230261242218
142.855,476.968,220.0,0.428785302281,0.156016881242,0.230261242218
141.855,475.841,220.0,0.428785302281,0.156016881242,0.230261242218
141.191,474.936,220.0,0.428785302281,0.156016881242,0.230261242218
140.676,473.955,220.0,0.428785302281,0.156016881242,0.230261242218
141.118,472.08,220.0,0.428785302281,0.156016881242,0.230261242218
141.413,470.441,220.0,0.428785302281,0.156016881242,0.230261242218
141.593,468.984,220.0,0.428785302281,0.156016881242,0.230261242218
141.693,467.657,220.0,0.428785302281,0.156016881242,0.230261242218
141.744,466.409,220.0,0.428785302281,0.156016881242,0.230261242218
