169.026,534.703,223.0,0.507834671819,0.218950468742,0.482826330787
169.027,532.917,223.0,0.507834671819,0.218950468742,0.482826330787
168.596,531.301,223.0,0.507834671819,0.218950468742,0.482826330787
167.078,530.378,223.0,0.507834671819,0.218950468742,0.482826330787
165.524,529.516,223.0,0.507834671819,0.218950468742,0.482826330787
164.091,528.489,223.0,0.507834671819,0.218950468742,0.482826330787
162.751,527.438,223.0,0.507834671819,0.218950468742,0.482826330787
161.445,526.345,223.0,0.507834671819,0.218950468742,0.482826330787
159.854,525.529,223.0,0.507834671819,0.218950468742,0.482826330787
158.161,524.994,223.0,0.507834671819,0.218950468742,0.482826330787
156.406,524.663,223.0,0.507834671819,0.218950468742,0.482826330787
154.837,523.776,223.0,0.507834671819,0.218950468742,0.482826330787
153.115,523.538,223.0,0.507834671819,0.218950468742,0.482826330787
151.652,522.538,223.0,0.507834671819,0.218950468742,0.482826330787
150.053,521.741,223.0,0.507834671819,0.218950468742,0.482826330787
148.453,520.949,223.0,0.507834671819,0.218950468742,0.482826330787
146.848,520.169,223.0,0.507834671819,0.218950468742,0.482826330787
145.179,519.534,223.0,0.507834671819,0.218950468742,0.482826330787
143.581,518.731,223.0,0.507834671819,0.218950468742,0.482826330787
142.264,517.517,223.0,0.507834671819,0.218950468742,0.482826330787
140.786,516.557,223.0,0.507834671819,0.218950468742,0.482826330787
139.243,515.683,223.0,0.507834671819,0.218950468742,0.482826330787
138.004,514.388,223.0,0.507834671819,0.218950468742,0.482826330787
136.74,513.129,223.0,0.507834671819,0.218950468742,0.482826330787
135.765,511.65,223.0,0.507834671819,0.218950468742,0.482826330787
135.291,510.059,223.0,0.507834671819,0.218950468742,0.482826330787
135.242,508.294,223.0,0.507834671819,0.218950468742,0.482826330787
135.226,506.52,223.0,0.507834671819,0.218950468742,0.482826330787
135.151,504.703,223.0,0.507834671819,0.218950468742,0.482826330787
136.146,503.272,223.0,0.507834671819,0.218950468742,0.482826330787
137.104,501.776,223.0,0.507834671819,0.218950468742,0.482826330787
138.132,500.317,223.0,0.507834671819,0.218950468742,0.482826330787
139.149,498.88,223.0,0.507834671819,0.218950468742,0.482826330787
140.344,497.571,223.0,0.507834671819,0.218950468742,0.482826330787
141.455,496.221,223.0,0.507834671819,0.218950468742,0.482826330787
142.646,495.03,223.0,0.507834671819,0.218950468742,0.482826330787
144.044,494.035,223.0,0.507834671819,0.218950468742,0.482826330787
145.076,492.548,223.0,0.507834671819,0.218950468742,0.482826330787
145.55,490.983,223.0,0.507834671819,0.218950468742,0.482826330787
146.742,489.686,223.0,0.507834671819,0.218950468742,0.482826330787
147.495,488.052,223.0,0.507834671819,0.218950468742,0.482826330787
148.708,486.741,223.0,0.507834671819,0.218950468742,0.482826330787
148.894,485.005,223.0,0.507834671819,0.218950468742,0.482826330787
148.325,483.354,223.0,0.507834671819,0.218950468742,0.482826330787
147.864,481.753,223.0,0.507834671819,0.218950468742,0.482826330787
147.385,480.166,223.0,0.507834671819,0.218950468742,0.482826330787
146.942,478.568,223.0,0.507834671819,0.218950468742,0.482826330787
146.024,477.042,223.0,0.507834671819,0.218950468742,0.482826330787
145.392,475.364,223.0,0.507834671819,0.218950468742,0.482826330787
144.452,473.907,223.0,0.507834671819,0.218950468742,0.482826330787
144.339,472.168,223.0,0.507834671819,0.218950468742,0.482826330787
144.024,470.513,223.0,0.507834671819,0.218950468742,0.482826330787
142.901,469.192,223.0,0.507834671819,0.218950468742,0.482826330787
141.908,467.981,223.0,0.507834671819,0.218950468742,0.482826330787
140.285,467.555,223.0,0.507834671819,0.218950468742,0.482826330787
138.851,468.182,223.0,0.507834671819,0.218950468742,0.482826330787
137.625,469.49,223.0,0.507834671819,0.218950468742,0.482826330787
137.403,471.242,223.0,0.507834671819,0.218950468742,0.482826330787
136.544,472.735,223.0,0.507834671819,0.218950468742,0.482826330787
137.134,474.53,223.0,0.507834671819,0.218950468742,0.482826330787
137.912,476.125,223.0,0.507834671819,0.218950468742,0.482826330787
138.455,477.687,223.0,0.507834671819,0.218950468742,0.482826330787
139.069,479.219,223.0,0.507834671819,0.218950468742,0.482826330787
139.041,481.016,223.0,0.507834671819,0.218950468742,0.482826330787
139.034,482.804,223.0,0.507834671819,0.218950468742,0.482826330787
139.021,484.588,223.0,0.507834671819,0.218950468742,0.482826330787
138.92,486.357,223.0,0.507834671819,0.218950468742,0.482826330787
137.805,487.759,223.0,0.507834671819,0.218950468742,0.482826330787
136.477,488.985,223.0,0.507834671819,0.218950468742,0.482826330787
135.651,490.428,223.0,0.507834671819,0.218950468742,0.482826330787
134.38,491.675,223.0,0.507834671819,0.218950468742,0.482826330787
132.853,492.601,223.0,0.507834671819,0.218950468742,0.482826330787
131.403,493.605,223.0,0.507834671819,0.218950468742,0.482826330787
130.476,495.115,223.0,0.507834671819,0.218950468742,0.482826330787
128.882,495.923,223.0,0.507834671819,0.218950468742,0.482826330787
127.477,496.99,223.0,0.507834671819,0.218950468742,0.482826330787
126.192,498.226,223.0,0.507834671819,0.218950468742,0.482826330787
124.665,499.159,223.0,0.507834671819,0.218950468742,0.482826330787
123.075,499.965,223.0,0.507834671819,0.218950468742,0.482826330787
121.491,500.783,223.0,0.507834671819,0.218950468742,0.482826330787
120.021,501.757,223.0,0.507834671819,0.218950468742,0.482826330787
118.423,502.555,223.0,0.507834671819,0.218950468742,0.482826330787
116.822,503.349,223.0,0.507834671819,0.218950468742,0.482826330787
115.204,504.14,223.0,0.507834671819,0.218950468742,0.482826330787
113.849,505.26,223.0,0.507834671819,0.218950468742,0.482826330787
112.723,506.517,223.0,0.507834671819,0.218950468742,0.482826330787
111.346,507.64,223.0,0.507834671819,0.218950468742,0.482826330787
110.094,508.915,223.0,0.507834671819,0.218950468742,0.482826330787
108.828,510.177,223.0,0.507834671819,0.218950468742,0.482826330787
107.51,511.418,223.0,0.507834671819,0.218950468742,0.482826330787
106.932,513.048,223.0,0.507834671819,0.218950468742,0.482826330787
106.862,514.816,223.0,0.507834671819,0.218950468742,0.482826330787
106.854,516.606,223.0,0.507834671819,0.218950468742,0.482826330787
107.813,517.994,223.0,0.507834671819,0.218950468742,0.482826330787
109.067,519.26,223.0,0.507834671819,0.218950468742,0.482826330787
110.333,520.513,223.0,0.507834671819,0.218950468742,0.482826330787
111.742,521.423,223.0,0.507834671819,0.218950468742,0.482826330787
113.328,521.905,223.0,0.507834671819,0.218950468742,0.482826330787
115.096,521.953,223.0,0.507834671819,0.218950468742,0.482826330787
116.907,521.831,223.0,0.507834671819,0.218950468742,0.482826330787
118.548,522.421,223.0,0.507834671819,0.218950468742,0.482826330787
120.21,522.768,223.0,0.507834671819,0.218950468742,0.482826330787
121.86,523.144,223.0,0.507834671819,0.218950468742,0.482826330787
123.538,523.582,223.0,0.507834671819,0.218950468742,0.482826330787
125.178,524.199,223.0,0.507834671819,0.218950468742,0.482826330787
126.977,524.139,223.0,0.507834671819,0.218950468742,0.482826330787
128.727,524.502,223.0,0.507834671819,0.218950468742,0.482826330787
130.346,525.255,223.0,0.507834671819,0.218950468742,0.482826330787
131.979,525.991,223.0,0.507834671819,0.218950468742,0.482826330787
133.436,526.871,223.0,0.507834671819,0.218950468742,0.482826330787
135.109,527.412,223.0,0.507834671819,0.218950468742,0.482826330787
136.583,528.185,223.0,0.507834671819,0.218950468742,0.482826330787
138.302,528.703,223.0,0.507834671819,0.218950468742,0.482826330787
139.988,529.241,223.0,0.507834671819,0.218950468742,0.482826330787
141.584,530.04,223.0,0.507834671819,0.218950468742,0.482826330787
143.227,530.679,223.0,0.507834671819,0.218950468742,0.482826330787
144.665,531.501,223.0,0.507834671819,0.218950468742,0.482826330787
146.112,532.318,223.0,0.507834671819,0.218950468742,0.482826330787
147.765,532.874,223.0,0.507834671819,0.218950468742,0.482826330787
149.056,534.098,223.0,0.507834671819,0.218950468742,0.482826330787
150.669,534.872,223.0,0.507834671819,0.218950468742,0.482826330787
152.247,535.698,223.0,0.507834671819,0.218950468742,0.482826330787
153.573,536.872,223.0,0.507834671819,0.218950468742,0.482826330787
155.014,537.889,223.0,0.507834671819,0.218950468742,0.482826330787
156.482,538.865,223.0,0.507834671819,0.218950468742,0.482826330787
158.052,539.387,223.0,0.507834671819,0.218950468742,0.482826330787
159.603,539.952,223.0,0.507834671819,0.218950468742,0.482826330787
161.387,539.956,223.0,0.507834671819,0.218950468742,0.482826330787
163.172,539.958,223.0,0.507834671819,0.218950468742,0.482826330787
164.957,539.956,223.0,0.507834671819,0.218950468742,0.482826330787
166.618,539.709,223.0,0.507834671819,0.218950468742,0.482826330787
167.793,538.486,223.0,0.507834671819,0.218950468742,0.482826330787
168.65,536.63,223.0,0.507834671819,0.218950468742,0.482826330787
