165.634,533.753,224.0,0.507834671819,0.218950468742,0.482826330787
164.665,532.552,224.0,0.507834671819,0.218950468742,0.482826330787
163.648,531.371,224.0,0.507834671819,0.218950468742,0.482826330787
163.38,529.879,224.0,0.507834671819,0.218950468742,0.482826330787
162.2,528.766,224.0,0.507834671819,0.218950468742,0.482826330787
161.059,527.645,224.0,0.507834671819,0.218950468742,0.482826330787
159.799,526.831,224.0,0.507834671819,0.218950468742,0.482826330787
158.281,526.426,224.0,0.507834671819,0.218950468742,0.482826330787
156.79,525.756,224.0,0.507834671819,0.218950468742,0.482826330787
155.537,524.808,224.0,0.507834671819,0.218950468742,0.482826330787
154.165,523.995,224.0,0.507834671819,0.218950468742,0.482826330787
152.724,523.616,224.0,0.507834671819,0.218950468742,0.482826330787
151.473,522.62,224.0,0.507834671819,0.218950468742,0.482826330787
149.877,522.518,224.0,0.507834671819,0.218950468742,0.482826330787
148.325,522.207,224.0,0.507834671819,0.218950468742,0.482826330787
146.86,521.539,224.0,0.507834671819,0.218950468742,0.482826330787
145.551,520.536,224.0,0.507834671819,0.218950468742,0.482826330787
144.019,520.334,224.0,0.507834671819,0.218950468742,0.482826330787
142.638,519.555,224.0,0.507834671819,0.218950468742,0.482826330787
141.282,518.737,224.0,0.507834671819,0.218950468742,0.482826330787
140.061,517.754,224.0,0.507834671819,0.218950468742,0.482826330787
138.51,517.129,224.0,0.507834671819,0.218950468742,0.482826330787
137.627,516.085,224.0,0.507834671819,0.218950468742,0.482826330787
136.749,514.776,224.0,0.507834671819,0.218950468742,0.482826330787
136.019,513.481,224.0,0.507834671819,0.218950468742,0.482826330787
135.662,512.027,224.0,0.507834671819,0.218950468742,0.482826330787
134.908,510.739,224.0,0.507834671819,0.218950468742,0.482826330787
134.89,509.244,224.0,0.507834671819,0.218950468742,0.482826330787
135.42,507.746,224.0,0.507834671819,0.218950468742,0.482826330787
136.317,506.474,224.0,0.507834671819,0.218950468742,0.482826330787
137.295,505.277,224.0,0.507834671819,0.218950468742,0.482826330787
137.954,503.944,224.0,0.507834671819,0.218950468742,0.482826330787
138.482,502.879,224.0,0.507834671819,0.218950468742,0.482826330787
139.149,501.393,224.0,0.507834671819,0.218950468742,0.482826330787
140.118,500.161,224.0,0.507834671819,0.218950468742,0.482826330787
140.919,498.787,224.0,0.507834671819,0.218950468742,0.482826330787
142.115,497.685,224.0,0.507834671819,0.218950468742,0.482826330787
142.386,496.197,224.0,0.507834671819,0.218950468742,0.482826330787
143.343,494.909,224.0,0.507834671819,0.218950468742,0.482826330787
143.351,493.248,224.0,0.507834671819,0.218950468742,0.482826330787
144.382,492.082,224.0,0.507834671819,0.218950468742,0.482826330787
145.119,490.659,224.0,0.507834671819,0.218950468742,0.482826330787
145.999,489.346,224.0,0.507834671819,0.218950468742,0.482826330787
146.662,488.02,224.0,0.507834671819,0.218950468742,0.482826330787
146.668,486.419,224.0,0.507834671819,0.218950468742,0.482826330787
146.669,484.817,224.0,0.507834671819,0.218950468742,0.482826330787
146.669,483.214,224.0,0.507834671819,0.218950468742,0.482826330787
146.669,481.612,224.0,0.507834671819,0.218950468742,0.482826330787
146.672,480.009,224.0,0.507834671819,0.218950468742,0.482826330787
146.14,478.498,224.0,0.507834671819,0.218950468742,0.482826330787
145.908,476.988,224.0,0.507834671819,0.218950468742,0.482826330787
145.039,475.644,224.0,0.507834671819,0.218950468742,0.482826330787
145.056,474.033,224.0,0.507834671819,0.218950468742,0.482826330787
144.398,472.703,224.0,0.507834671819,0.218950468742,0.482826330787
143.21,471.585,224.0,0.507834671819,0.218950468742,0.482826330787
142.769,470.133,224.0,0.507834671819,0.218950468742,0.482826330787
141.478,469.328,224.0,0.507834671819,0.218950468742,0.482826330787
140.199,468.54,224.0,0.507834671819,0.218950468742,0.482826330787
138.824,467.993,224.0,0.507834671819,0.218950468742,0.482826330787
137.236,468.027,224.0,0.507834671819,0.218950468742,0.482826330787
135.817,468.766,224.0,0.507834671819,0.218950468742,0.482826330787
134.648,469.775,224.0,0.507834671819,0.218950468742,0.482826330787
134.676,471.384,224.0,0.507834671819,0.218950468742,0.482826330787
134.692,472.986,224.0,0.507834671819,0.218950468742,0.482826330787
135.57,474.314,224.0,0.507834671819,0.218950468742,0.482826330787
136.379,475.713,224.0,0.507834671819,0.218950468742,0.482826330787
137.824,476.52,224.0,0.507834671819,0.218950468742,0.482826330787
138.504,477.808,224.0,0.507834671819,0.218950468742,0.482826330787
139.015,479.325,224.0,0.507834671819,0.218950468742,0.482826330787
139.806,480.713,224.0,0.507834671819,0.218950468742,0.482826330787
140.129,482.178,224.0,0.507834671819,0.218950468742,0.482826330787
140.706,483.641,224.0,0.507834671819,0.218950468742,0.482826330787
140.942,485.213,224.0,0.507834671819,0.218950468742,0.482826330787
141.23,486.765,224.0,0.507834671819,0.218950468742,0.482826330787
141.239,488.381,224.0,0.507834671819,0.218950468742,0.482826330787
140.412,489.679,224.0,0.507834671819,0.218950468742,0.482826330787
139.494,490.959,224.0,0.507834671819,0.218950468742,0.482826330787
138.339,492.084,224.0,0.507834671819,0.218950468742,0.482826330787
137.407,493.301,224.0,0.507834671819,0.218950468742,0.482826330787
136.474,494.517,224.0,0.507834671819,0.218950468742,0.482826330787
135.348,495.65,224.0,0.507834671819,0.218950468742,0.482826330787
134.091,496.61,224.0,0.507834671819,0.218950468742,0.482826330787
132.824,497.553,224.0,0.507834671819,0.218950468742,0.482826330787
131.514,498.5,224.0,0.507834671819,0.218950468742,0.482826330787
130.18,499.114,224.0,0.507834671819,0.218950468742,0.482826330787
129.021,500.183,224.0,0.507834671819,0.218950468742,0.482826330787
127.44,500.237,224.0,0.507834671819,0.218950468742,0.482826330787
126.253,501.238,224.0,0.507834671819,0.218950468742,0.482826330787
124.911,501.867,224.0,0.507834671819,0.218950468742,0.482826330787
123.423,502.146,224.0,0.507834671819,0.218950468742,0.482826330787
121.904,502.374,224.0,0.507834671819,0.218950468742,0.482826330787
120.497,503.177,224.0,0.507834671819,0.218950468742,0.482826330787
119.053,503.855,224.0,0.507834671819,0.218950468742,0.482826330787
117.609,504.528,224.0,0.507834671819,0.218950468742,0.482826330787
116.063,504.766,224.0,0.507834671819,0.218950468742,0.482826330787
114.64,505.527,224.0,0.507834671819,0.218950468742,0.482826330787
113.191,506.171,224.0,0.507834671819,0.218950468742,0.482826330787
111.8,506.677,224.0,0.507834671819,0.218950468742,0.482826330787
110.186,506.655,224.0,0.507834671819,0.218950468742,0.482826330787
109.029,507.438,224.0,0.507834671819,0.218950468742,0.482826330787
107.765,507.964,224.0,0.507834671819,0.218950468742,0.482826330787
106.52,508.869,224.0,0.507834671819,0.218950468742,0.482826330787
105.33,509.869,224.0,0.507834671819,0.218950468742,0.482826330787
104.177,510.989,224.0,0.507834671819,0.218950468742,0.482826330787
104.204,512.59,224.0,0.507834671819,0.218950468742,0.482826330787
103.654,514.083,224.0,0.507834671819,0.218950468742,0.482826330787
104.188,515.515,224.0,0.507834671819,0.218950468742,0.482826330787
105.011,516.861,224.0,0.507834671819,0.218950468742,0.482826330787
106.147,518.0,224.0,0.507834671819,0.218950468742,0.482826330787
107.551,518.758,224.0,0.507834671819,0.218950468742,0.482826330787
108.998,519.459,224.0,0.507834671819,0.218950468742,0.482826330787
110.231,520.459,224.0,0.507834671819,0.218950468742,0.482826330787
111.677,520.841,224.0,0.507834671819,0.218950468742,0.482826330787
113.01,521.496,224.0,0.507834671819,0.218950468742,0.482826330787
114.63,521.468,224.0,0.507834671819,0.218950468742,0.482826330787
116.094,522.061,224.0,0.507834671819,0.218950468742,0.482826330787
117.733,521.899,224.0,0.507834671819,0.218950468742,0.482826330787
119.289,522.125,224.0,0.507834671819,0.218950468742,0.482826330787
120.855,522.481,224.0,0.507834671819,0.218950468742,0.482826330787
122.191,523.113,224.0,0.507834671819,0.218950468742,0.482826330787
123.724,523.6,224.0,0.507834671819,0.218950468742,0.482826330787
125.28,523.796,224.0,0.507834671819,0.218950468742,0.482826330787
126.797,524.168,224.0,0.507834671819,0.218950468742,0.482826330787
128.406,524.139,224.0,0.507834671819,0.218950468742,0.482826330787
130.006,524.15,224.0,0.507834671819,0.218950468742,0.482826330787
131.623,524.092,224.0,0.507834671819,0.218950468742,0.482826330787
133.083,524.697,224.0,0.507834671819,0.218950468742,0.482826330787
134.6,524.958,224.0,0.507834671819,0.218950468742,0.482826330787
135.965,525.776,224.0,0.507834671819,0.218950468742,0.482826330787
137.344,526.305,224.0,0.507834671819,0.218950468742,0.482826330787
138.699,526.897,224.0,0.507834671819,0.218950468742,0.482826330787
140.182,527.431,224.0,0.507834671819,0.218950468742,0.482826330787
141.746,527.605,224.0,0.507834671819,0.218950468742,0.482826330787
143.155,528.404,224.0,0.507834671819,0.218950468742,0.482826330787
144.58,529.127,224.0,0.507834671819,0.218950468742,0.482826330787
145.723,530.246,224.0,0.507834671819,0.218950468742,0.482826330787
147.205,530.895,224.0,0.507834671819,0.218950468742,0.482826330787
148.449,531.874,224.0,0.507834671819,0.218950468742,0.482826330787
149.797,532.71,224.0,0.507834671819,0.218950468742,0.482826330787
150.913,533.869,224.0,0.507834671819,0.218950468742,0.482826330787
152.428,534.385,224.0,0.507834671819,0.218950468742,0.482826330787
153.602,535.452,224.0,0.507834671819,0.218950468742,0.482826330787
154.716,536.635,224.0,0.507834671819,0.218950468742,0.482826330787
156.065,537.246,224.0,0.507834671819,0.218950468742,0.482826330787
157.449,537.774,224.0,0.507834671819,0.218950468742,0.482826330787
158.607,538.846,224.0,0.507834671819,0.218950468742,0.482826330787
160.201,538.867,224.0,0.507834671819,0.218950468742,0.482826330787
161.74,538.703,224.0,0.507834671819,0.218950468742,0.482826330787
163.055,537.949,224.0,0.507834671819,0.218950468742,0.482826330787
164.202,536.75,224.0,0.507834671819,0.218950468742,0.482826330787
165.248,535.283,224.0,0.507834671819,0.218950468742,0.482826330787
