168.257,534.285,225.0,0.507834671819,0.218950468742,0.482826330787
167.44,532.907,225.0,0.507834671819,0.218950468742,0.482826330787
166.224,531.691,225.0,0.507834671819,0.218950468742,0.482826330787
165.288,530.25,225.0,0.507834671819,0.218950468742,0.482826330787
164.089,529.026,225.0,0.507834671819,0.218950468742,0.482826330787
162.886,527.798,225.0,0.507834671819,0.218950468742,0.482826330787
161.44,526.906,225.0,0.507834671819,0.218950468742,0.482826330787
160.072,525.908,225.0,0.507834671819,0.218950468742,0.482826330787
158.521,525.163,225.0,0.507834671819,0.218950468742,0.482826330787
157.0,524.363,225.0,0.507834671819,0.218950468742,0.482826330787
155.299,523.977,225.0,0.507834671819,0.218950468742,0.482826330787
153.87,523.135,225.0,0.507834671819,0.218950468742,0.482826330787
152.188,523.066,225.0,0.507834671819,0.218950468742,0.482826330787
150.615,522.465,225.0,0.507834671819,0.218950468742,0.482826330787
148.913,522.285,225.0,0.507834671819,0.218950468742,0.482826330787
147.378,521.452,225.0,0.507834671819,0.218950468742,0.482826330787
145.712,521.239,225.0,0.507834671819,0.218950468742,0.482826330787
144.087,520.861,225.0,0.507834671819,0.218950468742,0.482826330787
142.378,520.63,225.0,0.507834671819,0.218950468742,0.482826330787
140.838,519.817,225.0,0.507834671819,0.218950468742,0.482826330787
139.181,519.583,225.0,0.507834671819,0.218950468742,0.482826330787
137.52,519.286,225.0,0.507834671819,0.218950468742,0.482826330787
136.036,518.73,225.0,0.507834671819,0.218950468742,0.482826330787
134.587,518.102,225.0,0.507834671819,0.218950468742,0.482826330787
132.983,517.565,225.0,0.507834671819,0.218950468742,0.482826330787
131.535,516.633,225.0,0.507834671819,0.218950468742,0.482826330787
130.313,515.433,225.0,0.507834671819,0.218950468742,0.482826330787
129.742,513.953,225.0,0.507834671819,0.218950468742,0.482826330787
129.768,512.228,225.0,0.507834671819,0.218950468742,0.482826330787
130.286,510.636,225.0,0.507834671819,0.218950468742,0.482826330787
131.079,509.248,225.0,0.507834671819,0.218950468742,0.482826330787
131.944,507.787,225.0,0.507834671819,0.218950468742,0.482826330787
133.278,506.817,225.0,0.507834671819,0.218950468742,0.482826330787
134.456,505.7,225.0,0.507834671819,0.218950468742,0.482826330787
135.73,504.557,225.0,0.507834671819,0.218950468742,0.482826330787
136.964,503.35,225.0,0.507834671819,0.218950468742,0.482826330787
137.921,502.029,225.0,0.507834671819,0.218950468742,0.482826330787
138.462,500.537,225.0,0.507834671819,0.218950468742,0.482826330787
139.101,499.094,225.0,0.507834671819,0.218950468742,0.482826330787
139.547,497.459,225.0,0.507834671819,0.218950468742,0.482826330787
140.736,496.227,225.0,0.507834671819,0.218950468742,0.482826330787
141.614,494.769,225.0,0.507834671819,0.218950468742,0.482826330787
142.871,493.588,225.0,0.507834671819,0.218950468742,0.482826330787
144.09,492.379,225.0,0.507834671819,0.218950468742,0.482826330787
145.009,490.952,225.0,0.507834671819,0.218950468742,0.482826330787
145.923,489.506,225.0,0.507834671819,0.218950468742,0.482826330787
146.112,487.871,225.0,0.507834671819,0.218950468742,0.482826330787
146.132,486.164,225.0,0.507834671819,0.218950468742,0.482826330787
146.123,484.444,225.0,0.507834671819,0.218950468742,0.482826330787
146.123,482.728,225.0,0.507834671819,0.218950468742,0.482826330787
146.123,481.012,225.0,0.507834671819,0.218950468742,0.482826330787
146.122,479.296,225.0,0.507834671819,0.218950468742,0.482826330787
146.064,477.594,225.0,0.507834671819,0.218950468742,0.482826330787
145.258,476.049,225.0,0.507834671819,0.218950468742,0.482826330787
144.494,474.531,225.0,0.507834671819,0.218950468742,0.482826330787
143.389,473.271,225.0,0.507834671819,0.218950468742,0.482826330787
142.466,471.895,225.0,0.507834671819,0.218950468742,0.482826330787
140.787,471.824,225.0,0.507834671819,0.218950468742,0.482826330787
139.328,471.196,225.0,0.507834671819,0.218950468742,0.482826330787
137.695,470.819,225.0,0.507834671819,0.218950468742,0.482826330787
135.988,470.679,225.0,0.507834671819,0.218950468742,0.482826330787
135.101,472.048,225.0,0.507834671819,0.218950468742,0.482826330787
134.64,473.631,225.0,0.507834671819,0.218950468742,0.482826330787
134.63,475.37,225.0,0.507834671819,0.218950468742,0.482826330787
134.592,477.106,225.0,0.507834671819,0.218950468742,0.482826330787
135.67,478.437,225.0,0.507834671819,0.218950468742,0.482826330787
135.87,480.104,225.0,0.507834671819,0.218950468742,0.482826330787
136.312,481.639,225.0,0.507834671819,0.218950468742,0.482826330787
136.909,483.213,225.0,0.507834671819,0.218950468742,0.482826330787
136.856,484.943,225.0,0.507834671819,0.218950468742,0.482826330787
136.734,486.665,225.0,0.507834671819,0.218950468742,0.482826330787
135.842,488.095,225.0,0.507834671819,0.218950468742,0.482826330787
135.066,489.489,225.0,0.507834671819,0.218950468742,0.482826330787
133.792,490.678,225.0,0.507834671819,0.218950468742,0.482826330787
132.581,491.899,225.0,0.507834671819,0.218950468742,0.482826330787
131.062,492.697,225.0,0.507834671819,0.218950468742,0.482826330787
129.689,493.74,225.0,0.507834671819,0.218950468742,0.482826330787
128.476,494.979,225.0,0.507834671819,0.218950468742,0.482826330787
127.086,495.766,225.0,0.507834671819,0.218950468742,0.482826330787
125.678,496.553,225.0,0.507834671819,0.218950468742,0.482826330787
124.101,497.246,225.0,0.507834671819,0.218950468742,0.482826330787
122.575,498.03,225.0,0.507834671819,0.218950468742,0.482826330787
121.153,498.993,225.0,0.507834671819,0.218950468742,0.482826330787
119.625,499.77,225.0,0.507834671819,0.218950468742,0.482826330787
118.07,500.515,225.0,0.507834671819,0.218950468742,0.482826330787
116.835,501.721,225.0,0.507834671819,0.218950468742,0.482826330787
115.377,502.347,225.0,0.507834671819,0.218950468742,0.482826330787
113.946,503.152,225.0,0.507834671819,0.218950468742,0.482826330787
112.514,503.953,225.0,0.507834671819,0.218950468742,0.482826330787
111.061,504.59,225.0,0.507834671819,0.218950468742,0.482826330787
109.895,505.92,225.0,0.507834671819,0.218950468742,0.482826330787
108.499,506.693,225.0,0.507834671819,0.218950468742,0.482826330787
107.249,507.889,225.0,0.507834671819,0.218950468742,0.482826330787
106.441,509.273,225.0,0.507834671819,0.218950468742,0.482826330787
106.316,510.937,225.0,0.507834671819,0.218950468742,0.482826330787
106.324,512.653,225.0,0.507834671819,0.218950468742,0.482826330787
106.503,514.338,225.0,0.507834671819,0.218950468742,0.482826330787
107.681,515.615,225.0,0.507834671819,0.218950468742,0.482826330787
108.463,516.907,225.0,0.507834671819,0.218950468742,0.482826330787
110.126,517.595,225.0,0.507834671819,0.218950468742,0.482826330787
111.37,518.731,225.0,0.507834671819,0.218950468742,0.482826330787
113.029,519.012,225.0,0.507834671819,0.218950468742,0.482826330787
114.655,519.538,225.0,0.507834671819,0.218950468742,0.482826330787
116.252,520.168,225.0,0.507834671819,0.218950468742,0.482826330787
117.918,520.372,225.0,0.507834671819,0.218950468742,0.482826330787
119.503,520.928,225.0,0.507834671819,0.218950468742,0.482826330787
121.216,520.94,225.0,0.507834671819,0.218950468742,0.482826330787
122.802,521.475,225.0,0.507834671819,0.218950468742,0.482826330787
124.481,521.545,225.0,0.507834671819,0.218950468742,0.482826330787
125.884,522.501,225.0,0.507834671819,0.218950468742,0.482826330787
127.72,522.412,225.0,0.507834671819,0.218950468742,0.482826330787
129.121,523.162,225.0,0.507834671819,0.218950468742,0.482826330787
130.876,523.067,225.0,0.507834671819,0.218950468742,0.482826330787
132.257,524.054,225.0,0.507834671819,0.218950468742,0.482826330787
133.803,524.804,225.0,0.507834671819,0.218950468742,0.482826330787
135.34,525.564,225.0,0.507834671819,0.218950468742,0.482826330787
136.912,526.276,225.0,0.507834671819,0.218950468742,0.482826330787
138.6,526.4,225.0,0.507834671819,0.218950468742,0.482826330787
140.002,527.371,225.0,0.507834671819,0.218950468742,0.482826330787
141.528,528.174,225.0,0.507834671819,0.218950468742,0.482826330787
143.193,528.457,225.0,0.507834671819,0.218950468742,0.482826330787
144.451,529.559,225.0,0.507834671819,0.218950468742,0.482826330787
145.841,530.527,225.0,0.507834671819,0.218950468742,0.482826330787
147.109,531.659,225.0,0.507834671819,0.218950468742,0.482826330787
148.551,532.356,225.0,0.507834671819,0.218950468742,0.482826330787
149.922,533.394,225.0,0.507834671819,0.218950468742,0.482826330787
151.293,534.39,225.0,0.507834671819,0.218950468742,0.482826330787
152.833,535.16,225.0,0.507834671819,0.218950468742,0.482826330787
154.327,536.062,225.0,0.507834671819,0.218950468742,0.482826330787
156.016,536.185,225.0,0.507834671819,0.218950468742,0.482826330787
157.392,537.225,225.0,0.507834671819,0.218950468742,0.482826330787
158.887,537.782,225.0,0.507834671819,0.218950468742,0.482826330787
160.368,538.348,225.0,0.507834671819,0.218950468742,0.482826330787
161.865,538.876,225.0,0.507834671819,0.218950468742,0.482826330787
163.519,538.753,225.0,0.507834671819,0.218950468742,0.482826330787
165.03,538.112,225.0,0.507834671819,0.218950468742,0.482826330787
166.447,537.054,225.0,0.507834671819,0.218950468742,0.482826330787
167.809,535.746,225.0,0.507834671819,0.218950468742,0.482826330787
