141.329,521.17,230.0,0.428785302281,0.156016881242,0.230261242218
139.71,520.629,230.0,0.428785302281,0.156016881242,0.230261242218
138.043,519.872,230.0,0.428785302281,0.156016881242,0.230261242218
136.369,519.093,230.0,0.428785302281,0.156016881242,0.230261242218
135.015,517.898,230.0,0.428785302281,0.156016881242,0.230261242218
133.35,517.212,230.0,0.428785302281,0.156016881242,0.230261242218
132.06,515.893,230.0,0.428785302281,0.156016881242,0.230261242218
130.427,515.042,230.0,0.428785302281,0.156016881242,0.230261242218
129.004,513.886,230.0,0.428785302281,0.156016881242,0.230261242218
127.521,513.011,230.0,0.428785302281,0.156016881242,0.230261242218
126.555,511.469,230.0,0.428785302281,0.156016881242,0.230261242218
125.624,510.01,230.0,0.428785302281,0.156016881242,0.230261242218
125.373,508.269,230.0,0.428785302281,0.156016881242,0.230261242218
124.829,506.649,230.0,0.428785302281,0.156016881242,0.230261242218
124.794,504.819,230.0,0.428785302281,0.156016881242,0.230261242218
124.792,502.973,230.0,0.428785302281,0.156016881242,0.230261242218
125.103,501.258,230.0,0.428785302281,0.156016881242,0.230261242218
125.324,499.513,230.0,0.428785302281,0.156016881242,0.230261242218
124.515,497.977,230.0,0.428785302281,0.156016881242,0.230261242218
122.769,497.763,230.0,0.428785302281,0.156016881242,0.230261242218
120.934,497.742,230.0,0.428785302281,0.156016881242,0.230261242218
119.089,497.742,230.0,0.428785302281,0.156016881242,0.230261242218
117.245,497.74,230.0,0.428785302281,0.156016881242,0.230261242218
115.392,497.924,230.0,0.428785302281,0.156016881242,0.230261242218
113.705,498.71,230.0,0.428785302281,0.156016881242,0.230261242218
111.9,498.914,230.0,0.428785302281,0.156016881242,0.230261242218
110.445,500.045,230.0,0.428785302281,0.156016881242,0.230261242218
108.768,500.836,230.0,0.428785302281,0.156016881242,0.230261242218
107.114,501.655,230.0,0.428785302281,0.156016881242,0.230261242218
105.646,502.742,230.0,0.428785302281,0.156016881242,0.230261242218
104.061,503.582,230.0,0.428785302281,0.156016881242,0.230261242218
102.364,504.316,230.0,0.428785302281,0.156016881242,0.230261242218
101.03,505.445,230.0,0.428785302281,0.156016881242,0.230261242218
99.8736,506.859,230.0,0.428785302281,0.156016881242,0.230261242218
98.6003,508.182,230.0,0.428785302281,0.156016881242,0.230261242218
98.6128,510.035,230.0,0.428785302281,0.156016881242,0.230261242218
99.0967,511.806,230.0,0.428785302281,0.156016881242,0.230261242218
99.678,513.527,230.0,0.428785302281,0.156016881242,0.230261242218
100.605,514.982,230.0,0.428785302281,0.156016881242,0.230261242218
101.9,516.291,230.0,0.428785302281,0.156016881242,0.230261242218
103.403,517.322,230.0,0.428785302281,0.156016881242,0.230261242218
105.042,518.198,230.0,0.428785302281,0.156016881242,0.230261242218
106.699,519.001,230.0,0.428785302281,0.156016881242,0.230261242218
108.474,519.299,230.0,0.428785302281,0.156016881242,0.230261242218
110.261,519.546,230.0,0.428785302281,0.156016881242,0.230261242218
112.105,519.537,230.0,0.428785302281,0.156016881242,0.230261242218
113.67,520.47,230.0,0.428785302281,0.156016881242,0.230261242218
115.455,520.594,230.0,0.428785302281,0.156016881242,0.230261242218
117.156,521.187,230.0,0.428785302281,0.156016881242,0.230261242218
118.879,521.709,230.0,0.428785302281,0.156016881242,0.230261242218
120.591,522.287,230.0,0.428785302281,0.156016881242,0.230261242218
122.186,522.872,230.0,0.428785302281,0.156016881242,0.230261242218
123.955,523.245,230.0,0.428785302281,0.156016881242,0.230261242218
125.721,523.553,230.0,0.428785302281,0.156016881242,0.230261242218
127.491,523.899,230.0,0.428785302281,0.156016881242,0.230261242218
129.081,524.583,230.0,0.428785302281,0.156016881242,0.230261242218
130.653,525.563,230.0,0.428785302281,0.156016881242,0.230261242218
132.292,525.977,230.0,0.428785302281,0.156016881242,0.230261242218
134.003,525.847,230.0,0.428785302281,0.156016881242,0.230261242218
135.773,525.273,230.0,0.428785302281,0.156016881242,0.230261242218
137.588,524.353,230.0,0.428785302281,0.156016881242,0.230261242218
139.437,523.186,230.0,0.428785302281,0.156016881242,0.230261242218
141.306,521.872,230.0,0.428785302281,0.156016881242,0.230261242218
