125.898,512.479,235.0,0.507834671819,0.218950468742,0.482826330787
124.832,511.422,235.0,0.507834671819,0.218950468742,0.482826330787
123.597,510.78,235.0,0.507834671819,0.218950468742,0.482826330787
122.373,509.925,235.0,0.507834671819,0.218950468742,0.482826330787
121.146,509.201,235.0,0.507834671819,0.218950468742,0.482826330787
120.032,508.259,235.0,0.507834671819,0.218950468742,0.482826330787
118.816,507.563,235.0,0.507834671819,0.218950468742,0.482826330787
117.537,507.022,235.0,0.507834671819,0.218950468742,0.482826330787
116.038,507.012,235.0,0.507834671819,0.218950468742,0.482826330787
114.535,507.012,235.0,0.507834671819,0.218950468742,0.482826330787
113.03,507.01,235.0,0.507834671819,0.218950468742,0.482826330787
111.573,507.101,235.0,0.507834671819,0.218950468742,0.482826330787
110.229,507.913,235.0,0.507834671819,0.218950468742,0.482826330787
109.628,509.116,235.0,0.507834671819,0.218950468742,0.482826330787
108.504,510.151,235.0,0.507834671819,0.218950468742,0.482826330787
108.484,511.679,235.0,0.507834671819,0.218950468742,0.482826330787
107.949,512.599,235.0,0.507834671819,0.218950468742,0.482826330787
108.407,513.971,235.0,0.507834671819,0.218950468742,0.482826330787
108.991,515.233,235.0,0.507834671819,0.218950468742,0.482826330787
110.076,516.288,235.0,0.507834671819,0.218950468742,0.482826330787
111.286,517.147,235.0,0.507834671819,0.218950468742,0.482826330787
112.432,518.091,235.0,0.507834671819,0.218950468742,0.482826330787
113.425,519.327,235.0,0.507834671819,0.218950468742,0.482826330787
114.712,519.849,235.0,0.507834671819,0.218950468742,0.482826330787
115.932,520.536,235.0,0.507834671819,0.218950468742,0.482826330787
117.314,520.982,235.0,0.507834671819,0.218950468742,0.482826330787
118.765,521.184,235.0,0.507834671819,0.218950468742,0.482826330787
120.127,521.784,235.0,0.507834671819,0.218950468742,0.482826330787
121.65,521.7,235.0,0.507834671819,0.218950468742,0.482826330787
123.146,521.735,235.0,0.507834671819,0.218950468742,0.482826330787
124.649,521.735,235.0,0.507834671819,0.218950468742,0.482826330787
126.153,521.735,235.0,0.507834671819,0.218950468742,0.482826330787
127.658,521.737,235.0,0.507834671819,0.218950468742,0.482826330787
129.16,521.735,235.0,0.507834671819,0.218950468742,0.482826330787
130.089,521.159,235.0,0.507834671819,0.218950468742,0.482826330787
131.563,520.868,235.0,0.507834671819,0.218950468742,0.482826330787
132.462,519.937,235.0,0.507834671819,0.218950468742,0.482826330787
132.52,518.865,235.0,0.507834671819,0.218950468742,0.482826330787
131.885,517.68,235.0,0.507834671819,0.218950468742,0.482826330787
130.711,516.408,235.0,0.507834671819,0.218950468742,0.482826330787
129.152,515.074,235.0,0.507834671819,0.218950468742,0.482826330787
127.363,513.702,235.0,0.507834671819,0.218950468742,0.482826330787
