67.2842,187.94,154.0,0.189671202494,0.0756998051096,0.79684877434
66.4701,185.817,154.0,0.189671202494,0.0756998051096,0.79684877434
66.5249,183.335,154.0,0.189671202494,0.0756998051096,0.79684877434
65.7086,181.214,154.0,0.189671202494,0.0756998051096,0.79684877434
65.6957,178.76,154.0,0.189671202494,0.0756998051096,0.79684877434
65.694,176.302,154.0,0.189671202494,0.0756998051096,0.79684877434
65.7401,173.823,154.0,0.189671202494,0.0756998051096,0.79684877434
64.8717,171.703,154.0,0.189671202494,0.0756998051096,0.79684877434
63.3363,169.757,154.0,0.189671202494,0.0756998051096,0.79684877434
62.8102,167.519,154.0,0.189671202494,0.0756998051096,0.79684877434
61.7476,165.295,154.0,0.189671202494,0.0756998051096,0.79684877434
60.588,163.918,154.0,0.189671202494,0.0756998051096,0.79684877434
58.9173,162.062,154.0,0.189671202494,0.0756998051096,0.79684877434
57.0014,160.583,154.0,0.189671202494,0.0756998051096,0.79684877434
55.0307,159.236,154.0,0.189671202494,0.0756998051096,0.79684877434
52.9109,158.95,154.0,0.189671202494,0.0756998051096,0.79684877434
51.2066,157.708,154.0,0.189671202494,0.0756998051096,0.79684877434
49.0417,158.381,154.0,0.189671202494,0.0756998051096,0.79684877434
47.901,160.385,154.0,0.189671202494,0.0756998051096,0.79684877434
47.3328,162.605,154.0,0.189671202494,0.0756998051096,0.79684877434
47.4244,165.027,154.0,0.189671202494,0.0756998051096,0.79684877434
48.8738,167.009,154.0,0.189671202494,0.0756998051096,0.79684877434
50.0118,169.159,154.0,0.189671202494,0.0756998051096,0.79684877434
51.2954,171.228,154.0,0.189671202494,0.0756998051096,0.79684877434
53.0029,172.988,154.0,0.189671202494,0.0756998051096,0.79684877434
54.159,175.189,154.0,0.189671202494,0.0756998051096,0.79684877434
54.5003,177.562,154.0,0.189671202494,0.0756998051096,0.79684877434
55.3988,179.809,154.0,0.189671202494,0.0756998051096,0.79684877434
55.2656,182.3,154.0,0.189671202494,0.0756998051096,0.79684877434
55.3211,184.746,154.0,0.189671202494,0.0756998051096,0.79684877434
55.3162,187.207,154.0,0.189671202494,0.0756998051096,0.79684877434
55.3163,189.666,154.0,0.189671202494,0.0756998051096,0.79684877434
55.3192,192.124,154.0,0.189671202494,0.0756998051096,0.79684877434
55.2055,194.633,154.0,0.189671202494,0.0756998051096,0.79684877434
56.6332,196.525,154.0,0.189671202494,0.0756998051096,0.79684877434
58.3202,198.29,154.0,0.189671202494,0.0756998051096,0.79684877434
62.6187,197.447,154.0,0.189671202494,0.0756998051096,0.79684877434
64.5058,194.189,154.0,0.189671202494,0.0756998051096,0.79684877434
66.8451,190.651,154.0,0.189671202494,0.0756998051096,0.79684877434
