98.0809,222.646,161.0,0.817601000859,0.487677825982,0.0161841980004
96.4524,220.804,161.0,0.817601000859,0.487677825982,0.0161841980004
94.8926,218.879,161.0,0.817601000859,0.487677825982,0.0161841980004
93.6147,216.747,161.0,0.817601000859,0.487677825982,0.0161841980004
91.8289,214.981,161.0,0.817601000859,0.487677825982,0.0161841980004
90.1589,213.131,161.0,0.817601000859,0.487677825982,0.0161841980004
89.1286,210.821,161.0,0.817601000859,0.487677825982,0.0161841980004
87.421,208.999,161.0,0.817601000859,0.487677825982,0.0161841980004
86.2598,206.782,161.0,0.817601000859,0.487677825982,0.0161841980004
85.1245,204.548,161.0,0.817601000859,0.487677825982,0.0161841980004
84.0046,202.302,161.0,0.817601000859,0.487677825982,0.0161841980004
82.8698,200.066,161.0,0.817601000859,0.487677825982,0.0161841980004
81.7499,197.82,161.0,0.817601000859,0.487677825982,0.0161841980004
80.531,195.646,161.0,0.817601000859,0.487677825982,0.0161841980004
78.8739,193.787,161.0,0.817601000859,0.487677825982,0.0161841980004
77.8426,191.477,161.0,0.817601000859,0.487677825982,0.0161841980004
76.1041,189.677,161.0,0.817601000859,0.487677825982,0.0161841980004
74.801,187.563,161.0,0.817601000859,0.487677825982,0.0161841980004
73.552,185.408,161.0,0.817601000859,0.487677825982,0.0161841980004
72.1298,183.34,161.0,0.817601000859,0.487677825982,0.0161841980004
70.8381,181.217,161.0,0.817601000859,0.487677825982,0.0161841980004
69.5554,179.088,161.0,0.817601000859,0.487677825982,0.0161841980004
67.7419,177.342,161.0,0.817601000859,0.487677825982,0.0161841980004
66.4588,175.214,161.0,0.817601000859,0.487677825982,0.0161841980004
64.7663,173.392,161.0,0.817601000859,0.487677825982,0.0161841980004
63.873,171.062,161.0,0.817601000859,0.487677825982,0.0161841980004
63.2714,168.809,161.0,0.817601000859,0.487677825982,0.0161841980004
61.7307,166.816,161.0,0.817601000859,0.487677825982,0.0161841980004
61.2657,164.48,161.0,0.817601000859,0.487677825982,0.0161841980004
60.6548,162.222,161.0,0.817601000859,0.487677825982,0.0161841980004
59.6299,160.154,161.0,0.817601000859,0.487677825982,0.0161841980004
57.9638,158.213,161.0,0.817601000859,0.487677825982,0.0161841980004
56.3182,156.363,161.0,0.817601000859,0.487677825982,0.0161841980004
55.0367,154.259,161.0,0.817601000859,0.487677825982,0.0161841980004
52.6699,153.27,161.0,0.817601000859,0.487677825982,0.0161841980004
50.8227,151.603,161.0,0.817601000859,0.487677825982,0.0161841980004
49.0473,149.832,161.0,0.817601000859,0.487677825982,0.0161841980004
47.2764,148.056,161.0,0.817601000859,0.487677825982,0.0161841980004
45.7436,146.182,161.0,0.817601000859,0.487677825982,0.0161841980004
44.9054,144.02,161.0,0.817601000859,0.487677825982,0.0161841980004
43.0699,142.275,161.0,0.817601000859,0.487677825982,0.0161841980004
41.7608,140.164,161.0,0.817601000859,0.487677825982,0.0161841980004
39.9842,138.398,161.0,0.817601000859,0.487677825982,0.0161841980004
38.0966,136.908,161.0,0.817601000859,0.487677825982,0.0161841980004
35.4929,137.023,161.0,0.817601000859,0.487677825982,0.0161841980004
33.8394,136.126,161.0,0.817601000859,0.487677825982,0.0161841980004
32.5774,138.228,161.0,0.817601000859,0.487677825982,0.0161841980004
31.3402,140.2,161.0,0.817601000859,0.487677825982,0.0161841980004
30.5397,142.38,161.0,0.817601000859,0.487677825982,0.0161841980004
30.4804,144.912,161.0,0.817601000859,0.487677825982,0.0161841980004
31.3472,147.223,161.0,0.817601000859,0.487677825982,0.0161841980004
32.0535,149.558,161.0,0.817601000859,0.487677825982,0.0161841980004
34.1679,150.57,161.0,0.817601000859,0.487677825982,0.0161841980004
36.1562,152.111,161.0,0.817601000859,0.487677825982,0.0161841980004
38.4138,153.217,161.0,0.817601000859,0.487677825982,0.0161841980004
40.6345,154.367,161.0,0.817601000859,0.487677825982,0.0161841980004
42.8151,155.564,161.0,0.817601000859,0.487677825982,0.0161841980004
44.7807,157.289,161.0,0.817601000859,0.487677825982,0.0161841980004
45.8306,159.306,161.0,0.817601000859,0.487677825982,0.0161841980004
47.8705,160.567,161.0,0.817601000859,0.487677825982,0.0161841980004
47.9377,163.134,161.0,0.817601000859,0.487677825982,0.0161841980004
48.849,164.739,161.0,0.817601000859,0.487677825982,0.0161841980004
48.9376,167.155,161.0,0.817601000859,0.487677825982,0.0161841980004
48.9294,169.676,161.0,0.817601000859,0.487677825982,0.0161841980004
49.8231,171.974,161.0,0.817601000859,0.487677825982,0.0161841980004
49.7399,174.503,161.0,0.817601000859,0.487677825982,0.0161841980004
50.6046,176.808,161.0,0.817601000859,0.487677825982,0.0161841980004
50.5401,179.333,161.0,0.817601000859,0.487677825982,0.0161841980004
51.272,181.73,161.0,0.817601000859,0.487677825982,0.0161841980004
51.4332,184.207,161.0,0.817601000859,0.487677825982,0.0161841980004
52.8563,186.252,161.0,0.817601000859,0.487677825982,0.0161841980004
54.0796,188.422,161.0,0.817601000859,0.487677825982,0.0161841980004
55.8921,190.168,161.0,0.817601000859,0.487677825982,0.0161841980004
57.1463,192.317,161.0,0.817601000859,0.487677825982,0.0161841980004
59.0784,193.998,161.0,0.817601000859,0.487677825982,0.0161841980004
60.4934,195.977,161.0,0.817601000859,0.487677825982,0.0161841980004
62.182,197.607,161.0,0.817601000859,0.487677825982,0.0161841980004
64.0437,199.165,161.0,0.817601000859,0.487677825982,0.0161841980004
65.8448,200.925,161.0,0.817601000859,0.487677825982,0.0161841980004
66.6576,203.132,161.0,0.817601000859,0.487677825982,0.0161841980004
68.3671,205.084,161.0,0.817601000859,0.487677825982,0.0161841980004
69.9884,206.962,161.0,0.817601000859,0.487677825982,0.0161841980004
71.4555,208.957,161.0,0.817601000859,0.487677825982,0.0161841980004
73.2242,210.735,161.0,0.817601000859,0.487677825982,0.0161841980004
74.9937,212.515,161.0,0.817601000859,0.487677825982,0.0161841980004
76.943,214.069,161.0,0.817601000859,0.487677825982,0.0161841980004
78.9491,215.611,161.0,0.817601000859,0.487677825982,0.0161841980004
80.1903,217.796,161.0,0.817601000859,0.487677825982,0.0161841980004
82.2621,218.889,161.0,0.817601000859,0.487677825982,0.0161841980004
84.2164,220.437,161.0,0.817601000859,0.487677825982,0.0161841980004
86.0833,222.114,161.0,0.817601000859,0.487677825982,0.0161841980004
88.3832,222.612,161.0,0.817601000859,0.487677825982,0.0161841980004
90.4797,223.972,161.0,0.817601000859,0.487677825982,0.0161841980004
92.9608,224.246,161.0,0.817601000859,0.487677825982,0.0161841980004
95.4599,224.015,161.0,0.817601000859,0.487677825982,0.0161841980004
97.9696,223.482,161.0,0.817601000859,0.487677825982,0.0161841980004
