98.3305,219.076,162.0,0.817601000859,0.487677825982,0.0161841980004
96.5388,217.284,162.0,0.817601000859,0.487677825982,0.0161841980004
94.7483,215.491,162.0,0.817601000859,0.487677825982,0.0161841980004
92.9664,213.685,162.0,0.817601000859,0.487677825982,0.0161841980004
90.7835,212.42,162.0,0.817601000859,0.487677825982,0.0161841980004
89.5115,210.249,162.0,0.817601000859,0.487677825982,0.0161841980004
87.3398,208.897,162.0,0.817601000859,0.487677825982,0.0161841980004
86.0482,206.747,162.0,0.817601000859,0.487677825982,0.0161841980004
84.3252,204.868,162.0,0.817601000859,0.487677825982,0.0161841980004
84.0432,202.378,162.0,0.817601000859,0.487677825982,0.0161841980004
82.2329,200.598,162.0,0.817601000859,0.487677825982,0.0161841980004
80.8953,198.478,162.0,0.817601000859,0.487677825982,0.0161841980004
79.3597,196.461,162.0,0.817601000859,0.487677825982,0.0161841980004
78.0467,194.3,162.0,0.817601000859,0.487677825982,0.0161841980004
76.4083,192.4,162.0,0.817601000859,0.487677825982,0.0161841980004
75.1732,190.207,162.0,0.817601000859,0.487677825982,0.0161841980004
74.0308,187.948,162.0,0.817601000859,0.487677825982,0.0161841980004
72.8983,185.68,162.0,0.817601000859,0.487677825982,0.0161841980004
71.703,183.428,162.0,0.817601000859,0.487677825982,0.0161841980004
71.2865,180.993,162.0,0.817601000859,0.487677825982,0.0161841980004
70.4281,178.656,162.0,0.817601000859,0.487677825982,0.0161841980004
68.9609,176.482,162.0,0.817601000859,0.487677825982,0.0161841980004
68.5205,174.111,162.0,0.817601000859,0.487677825982,0.0161841980004
67.8917,171.836,162.0,0.817601000859,0.487677825982,0.0161841980004
67.2833,169.554,162.0,0.817601000859,0.487677825982,0.0161841980004
67.3471,166.994,162.0,0.817601000859,0.487677825982,0.0161841980004
66.4787,164.82,162.0,0.817601000859,0.487677825982,0.0161841980004
65.1662,162.84,162.0,0.817601000859,0.487677825982,0.0161841980004
63.8965,160.698,162.0,0.817601000859,0.487677825982,0.0161841980004
61.4609,159.733,162.0,0.817601000859,0.487677825982,0.0161841980004
60.1007,157.693,162.0,0.817601000859,0.487677825982,0.0161841980004
57.9644,156.377,162.0,0.817601000859,0.487677825982,0.0161841980004
55.9072,154.91,162.0,0.817601000859,0.487677825982,0.0161841980004
54.0573,153.19,162.0,0.817601000859,0.487677825982,0.0161841980004
51.9339,151.901,162.0,0.817601000859,0.487677825982,0.0161841980004
50.6039,149.726,162.0,0.817601000859,0.487677825982,0.0161841980004
49.0915,148.305,162.0,0.817601000859,0.487677825982,0.0161841980004
48.3476,145.967,162.0,0.817601000859,0.487677825982,0.0161841980004
46.5614,144.155,162.0,0.817601000859,0.487677825982,0.0161841980004
44.7775,142.352,162.0,0.817601000859,0.487677825982,0.0161841980004
42.6608,141.011,162.0,0.817601000859,0.487677825982,0.0161841980004
40.8487,139.246,162.0,0.817601000859,0.487677825982,0.0161841980004
39.2999,137.255,162.0,0.817601000859,0.487677825982,0.0161841980004
37.7063,135.301,162.0,0.817601000859,0.487677825982,0.0161841980004
35.9101,133.522,162.0,0.817601000859,0.487677825982,0.0161841980004
33.9515,132.134,162.0,0.817601000859,0.487677825982,0.0161841980004
31.407,132.144,162.0,0.817601000859,0.487677825982,0.0161841980004
29.6207,133.93,162.0,0.817601000859,0.487677825982,0.0161841980004
28.1326,135.837,162.0,0.817601000859,0.487677825982,0.0161841980004
27.8983,138.318,162.0,0.817601000859,0.487677825982,0.0161841980004
27.3512,140.729,162.0,0.817601000859,0.487677825982,0.0161841980004
27.2594,143.312,162.0,0.817601000859,0.487677825982,0.0161841980004
28.4506,145.393,162.0,0.817601000859,0.487677825982,0.0161841980004
29.8574,147.457,162.0,0.817601000859,0.487677825982,0.0161841980004
31.3768,149.329,162.0,0.817601000859,0.487677825982,0.0161841980004
32.9011,151.198,162.0,0.817601000859,0.487677825982,0.0161841980004
34.9271,152.655,162.0,0.817601000859,0.487677825982,0.0161841980004
36.7908,154.343,162.0,0.817601000859,0.487677825982,0.0161841980004
38.7089,155.98,162.0,0.817601000859,0.487677825982,0.0161841980004
40.7636,157.451,162.0,0.817601000859,0.487677825982,0.0161841980004
42.519,159.286,162.0,0.817601000859,0.487677825982,0.0161841980004
44.3184,161.068,162.0,0.817601000859,0.487677825982,0.0161841980004
46.1675,162.755,162.0,0.817601000859,0.487677825982,0.0161841980004
48.1437,164.231,162.0,0.817601000859,0.487677825982,0.0161841980004
49.4614,166.276,162.0,0.817601000859,0.487677825982,0.0161841980004
50.2456,168.566,162.0,0.817601000859,0.487677825982,0.0161841980004
50.4753,171.006,162.0,0.817601000859,0.487677825982,0.0161841980004
51.3631,173.185,162.0,0.817601000859,0.487677825982,0.0161841980004
52.6452,175.402,162.0,0.817601000859,0.487677825982,0.0161841980004
53.5911,177.78,162.0,0.817601000859,0.487677825982,0.0161841980004
55.0941,179.791,162.0,0.817601000859,0.487677825982,0.0161841980004
56.5543,181.82,162.0,0.817601000859,0.487677825982,0.0161841980004
58.0312,183.839,162.0,0.817601000859,0.487677825982,0.0161841980004
59.4846,185.874,162.0,0.817601000859,0.487677825982,0.0161841980004
60.5582,188.183,162.0,0.817601000859,0.487677825982,0.0161841980004
61.7063,190.439,162.0,0.817601000859,0.487677825982,0.0161841980004
62.9184,192.688,162.0,0.817601000859,0.487677825982,0.0161841980004
64.0619,194.952,162.0,0.817601000859,0.487677825982,0.0161841980004
64.2801,197.449,162.0,0.817601000859,0.487677825982,0.0161841980004
65.9012,199.4,162.0,0.817601000859,0.487677825982,0.0161841980004
67.2527,201.511,162.0,0.817601000859,0.487677825982,0.0161841980004
68.5005,203.694,162.0,0.817601000859,0.487677825982,0.0161841980004
70.3375,205.454,162.0,0.817601000859,0.487677825982,0.0161841980004
72.0194,207.352,162.0,0.817601000859,0.487677825982,0.0161841980004
73.5009,209.409,162.0,0.817601000859,0.487677825982,0.0161841980004
75.2877,211.192,162.0,0.817601000859,0.487677825982,0.0161841980004
77.2634,212.54,162.0,0.817601000859,0.487677825982,0.0161841980004
79.3255,213.679,162.0,0.817601000859,0.487677825982,0.0161841980004
81.401,214.785,162.0,0.817601000859,0.487677825982,0.0161841980004
83.4173,216.035,162.0,0.817601000859,0.487677825982,0.0161841980004
85.3149,217.571,162.0,0.817601000859,0.487677825982,0.0161841980004
87.193,219.158,162.0,0.817601000859,0.487677825982,0.0161841980004
88.8353,220.535,162.0,0.817601000859,0.487677825982,0.0161841980004
90.9411,221.777,162.0,0.817601000859,0.487677825982,0.0161841980004
93.0937,222.622,162.0,0.817601000859,0.487677825982,0.0161841980004
95.4368,222.141,162.0,0.817601000859,0.487677825982,0.0161841980004
97.9448,220.791,162.0,0.817601000859,0.487677825982,0.0161841980004
