122.69,297.775,177.0,0.817601000859,0.487677825982,0.0161841980004
121.503,295.611,177.0,0.817601000859,0.487677825982,0.0161841980004
120.001,293.601,177.0,0.817601000859,0.487677825982,0.0161841980004
118.259,291.689,177.0,0.817601000859,0.487677825982,0.0161841980004
116.407,289.815,177.0,0.817601000859,0.487677825982,0.0161841980004
114.802,287.719,177.0,0.817601000859,0.487677825982,0.0161841980004
113.574,285.391,177.0,0.817601000859,0.487677825982,0.0161841980004
112.382,283.046,177.0,0.817601000859,0.487677825982,0.0161841980004
111.225,280.676,177.0,0.817601000859,0.487677825982,0.0161841980004
109.658,278.568,177.0,0.817601000859,0.487677825982,0.0161841980004
109.295,276.014,177.0,0.817601000859,0.487677825982,0.0161841980004
108.812,273.491,177.0,0.817601000859,0.487677825982,0.0161841980004
107.292,271.318,177.0,0.817601000859,0.487677825982,0.0161841980004
106.914,268.777,177.0,0.817601000859,0.487677825982,0.0161841980004
106.414,266.265,177.0,0.817601000859,0.487677825982,0.0161841980004
105.657,263.946,177.0,0.817601000859,0.487677825982,0.0161841980004
105.611,261.332,177.0,0.817601000859,0.487677825982,0.0161841980004
105.385,258.796,177.0,0.817601000859,0.487677825982,0.0161841980004
104.024,256.579,177.0,0.817601000859,0.487677825982,0.0161841980004
104.09,253.838,177.0,0.817601000859,0.487677825982,0.0161841980004
103.219,251.4,177.0,0.817601000859,0.487677825982,0.0161841980004
102.12,249.211,177.0,0.817601000859,0.487677825982,0.0161841980004
101.321,246.795,177.0,0.817601000859,0.487677825982,0.0161841980004
100.358,244.514,177.0,0.817601000859,0.487677825982,0.0161841980004
99.7863,241.537,177.0,0.817601000859,0.487677825982,0.0161841980004
98.0026,240.43,177.0,0.817601000859,0.487677825982,0.0161841980004
96.1773,238.491,177.0,0.817601000859,0.487677825982,0.0161841980004
94.077,236.966,177.0,0.817601000859,0.487677825982,0.0161841980004
92.4152,234.989,177.0,0.817601000859,0.487677825982,0.0161841980004
90.3694,233.516,177.0,0.817601000859,0.487677825982,0.0161841980004
88.0362,232.137,177.0,0.817601000859,0.487677825982,0.0161841980004
86.67,229.932,177.0,0.817601000859,0.487677825982,0.0161841980004
84.6558,228.308,177.0,0.817601000859,0.487677825982,0.0161841980004
83.2141,226.23,177.0,0.817601000859,0.487677825982,0.0161841980004
81.7768,224.066,177.0,0.817601000859,0.487677825982,0.0161841980004
80.2176,221.99,177.0,0.817601000859,0.487677825982,0.0161841980004
78.9259,219.753,177.0,0.817601000859,0.487677825982,0.0161841980004
76.9958,218.181,177.0,0.817601000859,0.487677825982,0.0161841980004
75.845,215.746,177.0,0.817601000859,0.487677825982,0.0161841980004
74.4492,213.55,177.0,0.817601000859,0.487677825982,0.0161841980004
73.0091,211.385,177.0,0.817601000859,0.487677825982,0.0161841980004
71.5183,209.255,177.0,0.817601000859,0.487677825982,0.0161841980004
69.779,207.306,177.0,0.817601000859,0.487677825982,0.0161841980004
68.6234,204.944,177.0,0.817601000859,0.487677825982,0.0161841980004
66.9366,202.83,177.0,0.817601000859,0.487677825982,0.0161841980004
65.7005,200.612,177.0,0.817601000859,0.487677825982,0.0161841980004
64.8303,198.337,177.0,0.817601000859,0.487677825982,0.0161841980004
63.4548,196.134,177.0,0.817601000859,0.487677825982,0.0161841980004
62.2099,194.024,177.0,0.817601000859,0.487677825982,0.0161841980004
60.8047,191.804,177.0,0.817601000859,0.487677825982,0.0161841980004
59.8023,189.391,177.0,0.817601000859,0.487677825982,0.0161841980004
59.1387,186.841,177.0,0.817601000859,0.487677825982,0.0161841980004
57.9563,184.492,177.0,0.817601000859,0.487677825982,0.0161841980004
56.8987,182.108,177.0,0.817601000859,0.487677825982,0.0161841980004
56.2527,179.627,177.0,0.817601000859,0.487677825982,0.0161841980004
55.8647,177.086,177.0,0.817601000859,0.487677825982,0.0161841980004
55.3274,174.579,177.0,0.817601000859,0.487677825982,0.0161841980004
54.1767,172.202,177.0,0.817601000859,0.487677825982,0.0161841980004
53.7235,169.602,177.0,0.817601000859,0.487677825982,0.0161841980004
52.8861,167.167,177.0,0.817601000859,0.487677825982,0.0161841980004
53.0306,164.481,177.0,0.817601000859,0.487677825982,0.0161841980004
51.35,162.541,177.0,0.817601000859,0.487677825982,0.0161841980004
51.1066,159.794,177.0,0.817601000859,0.487677825982,0.0161841980004
49.3053,158.584,177.0,0.817601000859,0.487677825982,0.0161841980004
48.1307,156.102,177.0,0.817601000859,0.487677825982,0.0161841980004
47.1103,154.094,177.0,0.817601000859,0.487677825982,0.0161841980004
45.7515,152.147,177.0,0.817601000859,0.487677825982,0.0161841980004
44.4914,149.958,177.0,0.817601000859,0.487677825982,0.0161841980004
42.7183,148.543,177.0,0.817601000859,0.487677825982,0.0161841980004
40.9815,146.533,177.0,0.817601000859,0.487677825982,0.0161841980004
39.3575,145.052,177.0,0.817601000859,0.487677825982,0.0161841980004
38.6765,142.433,177.0,0.817601000859,0.487677825982,0.0161841980004
37.7363,140.764,177.0,0.817601000859,0.487677825982,0.0161841980004
36.854,138.378,177.0,0.817601000859,0.487677825982,0.0161841980004
36.1891,136.02,177.0,0.817601000859,0.487677825982,0.0161841980004
36.1619,133.398,177.0,0.817601000859,0.487677825982,0.0161841980004
36.133,130.777,177.0,0.817601000859,0.487677825982,0.0161841980004
35.555,128.383,177.0,0.817601000859,0.487677825982,0.0161841980004
35.3775,125.822,177.0,0.817601000859,0.487677825982,0.0161841980004
33.4611,124.155,177.0,0.817601000859,0.487677825982,0.0161841980004
31.4648,122.612,177.0,0.817601000859,0.487677825982,0.0161841980004
29.1129,121.948,177.0,0.817601000859,0.487677825982,0.0161841980004
26.722,121.0,177.0,0.817601000859,0.487677825982,0.0161841980004
24.7859,119.338,177.0,0.817601000859,0.487677825982,0.0161841980004
22.5564,118.461,177.0,0.817601000859,0.487677825982,0.0161841980004
21.7601,116.165,177.0,0.817601000859,0.487677825982,0.0161841980004
20.2757,114.031,177.0,0.817601000859,0.487677825982,0.0161841980004
18.9032,111.793,177.0,0.817601000859,0.487677825982,0.0161841980004
18.5838,109.297,177.0,0.817601000859,0.487677825982,0.0161841980004
18.5907,106.661,177.0,0.817601000859,0.487677825982,0.0161841980004
19.0403,104.134,177.0,0.817601000859,0.487677825982,0.0161841980004
19.3916,101.584,177.0,0.817601000859,0.487677825982,0.0161841980004
19.3897,98.9501,177.0,0.817601000859,0.487677825982,0.0161841980004
19.3898,96.317,177.0,0.817601000859,0.487677825982,0.0161841980004
19.3898,93.684,177.0,0.817601000859,0.487677825982,0.0161841980004
19.3863,91.0496,177.0,0.817601000859,0.487677825982,0.0161841980004
19.8354,88.6031,177.0,0.817601000859,0.487677825982,0.0161841980004
20.3927,86.165,177.0,0.817601000859,0.487677825982,0.0161841980004
20.944,83.6543,177.0,0.817601000859,0.487677825982,0.0161841980004
22.7138,81.7522,177.0,0.817601000859,0.487677825982,0.0161841980004
23.9221,79.5604,177.0,0.817601000859,0.487677825982,0.0161841980004
26.5508,79.4476,177.0,0.817601000859,0.487677825982,0.0161841980004
28.1775,81.396,177.0,0.817601000859,0.487677825982,0.0161841980004
29.708,83.3973,177.0,0.817601000859,0.487677825982,0.0161841980004
30.5679,85.6752,177.0,0.817601000859,0.487677825982,0.0161841980004
31.331,88.128,177.0,0.817601000859,0.487677825982,0.0161841980004
32.0465,90.4702,177.0,0.817601000859,0.487677825982,0.0161841980004
32.1611,93.0555,177.0,0.817601000859,0.487677825982,0.0161841980004
32.9322,95.369,177.0,0.817601000859,0.487677825982,0.0161841980004
33.0023,97.9818,177.0,0.817601000859,0.487677825982,0.0161841980004
33.7746,100.491,177.0,0.817601000859,0.487677825982,0.0161841980004
33.7624,103.126,177.0,0.817601000859,0.487677825982,0.0161841980004
33.7595,105.76,177.0,0.817601000859,0.487677825982,0.0161841980004
34.4309,108.115,177.0,0.817601000859,0.487677825982,0.0161841980004
35.3081,110.384,177.0,0.817601000859,0.487677825982,0.0161841980004
37.0749,112.285,177.0,0.817601000859,0.487677825982,0.0161841980004
38.3128,114.387,177.0,0.817601000859,0.487677825982,0.0161841980004
40.5551,115.563,177.0,0.817601000859,0.487677825982,0.0161841980004
41.7688,117.659,177.0,0.817601000859,0.487677825982,0.0161841980004
43.3425,119.47,177.0,0.817601000859,0.487677825982,0.0161841980004
44.981,121.395,177.0,0.817601000859,0.487677825982,0.0161841980004
47.0181,123.021,177.0,0.817601000859,0.487677825982,0.0161841980004
48.3693,125.248,177.0,0.817601000859,0.487677825982,0.0161841980004
50.2747,127.085,177.0,0.817601000859,0.487677825982,0.0161841980004
51.2813,129.437,177.0,0.817601000859,0.487677825982,0.0161841980004
52.7643,131.301,177.0,0.817601000859,0.487677825982,0.0161841980004
54.0318,133.318,177.0,0.817601000859,0.487677825982,0.0161841980004
55.1119,135.735,177.0,0.817601000859,0.487677825982,0.0161841980004
56.3839,138.023,177.0,0.817601000859,0.487677825982,0.0161841980004
57.7496,140.243,177.0,0.817601000859,0.487677825982,0.0161841980004
59.198,142.404,177.0,0.817601000859,0.487677825982,0.0161841980004
60.4755,144.72,177.0,0.817601000859,0.487677825982,0.0161841980004
60.8815,147.259,177.0,0.817601000859,0.487677825982,0.0161841980004
62.6959,149.157,177.0,0.817601000859,0.487677825982,0.0161841980004
63.2204,151.707,177.0,0.817601000859,0.487677825982,0.0161841980004
64.848,153.696,177.0,0.817601000859,0.487677825982,0.0161841980004
65.971,156.081,177.0,0.817601000859,0.487677825982,0.0161841980004
67.308,158.219,177.0,0.817601000859,0.487677825982,0.0161841980004
68.4985,160.514,177.0,0.817601000859,0.487677825982,0.0161841980004
70.3638,162.367,177.0,0.817601000859,0.487677825982,0.0161841980004
72.2007,164.247,177.0,0.817601000859,0.487677825982,0.0161841980004
73.2931,166.663,177.0,0.817601000859,0.487677825982,0.0161841980004
75.0303,168.617,177.0,0.817601000859,0.487677825982,0.0161841980004
76.875,170.487,177.0,0.817601000859,0.487677825982,0.0161841980004
78.2592,172.548,177.0,0.817601000859,0.487677825982,0.0161841980004
78.5323,175.102,177.0,0.817601000859,0.487677825982,0.0161841980004
79.8606,177.421,177.0,0.817601000859,0.487677825982,0.0161841980004
81.6811,179.312,177.0,0.817601000859,0.487677825982,0.0161841980004
82.4524,181.626,177.0,0.817601000859,0.487677825982,0.0161841980004
83.2753,183.918,177.0,0.817601000859,0.487677825982,0.0161841980004
83.2583,186.558,177.0,0.817601000859,0.487677825982,0.0161841980004
83.2657,189.188,177.0,0.817601000859,0.487677825982,0.0161841980004
83.9502,191.62,177.0,0.817601000859,0.487677825982,0.0161841980004
84.6936,193.617,177.0,0.817601000859,0.487677825982,0.0161841980004
85.8362,195.954,177.0,0.817601000859,0.487677825982,0.0161841980004
86.7477,198.366,177.0,0.817601000859,0.487677825982,0.0161841980004
88.334,200.438,177.0,0.817601000859,0.487677825982,0.0161841980004
89.4624,202.83,177.0,0.817601000859,0.487677825982,0.0161841980004
90.7225,205.125,177.0,0.817601000859,0.487677825982,0.0161841980004
92.4026,207.119,177.0,0.817601000859,0.487677825982,0.0161841980004
94.0002,209.176,177.0,0.817601000859,0.487677825982,0.0161841980004
95.3488,211.445,177.0,0.817601000859,0.487677825982,0.0161841980004
96.8284,213.583,177.0,0.817601000859,0.487677825982,0.0161841980004
98.8882,215.055,177.0,0.817601000859,0.487677825982,0.0161841980004
99.9695,217.504,177.0,0.817601000859,0.487677825982,0.0161841980004
101.755,219.417,177.0,0.817601000859,0.487677825982,0.0161841980004
103.218,221.569,177.0,0.817601000859,0.487677825982,0.0161841980004
103.974,223.889,177.0,0.817601000859,0.487677825982,0.0161841980004
104.46,226.393,177.0,0.817601000859,0.487677825982,0.0161841980004
104.901,228.913,177.0,0.817601000859,0.487677825982,0.0161841980004
106.703,230.831,177.0,0.817601000859,0.487677825982,0.0161841980004
107.848,233.214,177.0,0.817601000859,0.487677825982,0.0161841980004
108.921,235.643,177.0,0.817601000859,0.487677825982,0.0161841980004
110.556,237.669,177.0,0.817601000859,0.487677825982,0.0161841980004
111.955,239.864,177.0,0.817601000859,0.487677825982,0.0161841980004
113.803,241.736,177.0,0.817601000859,0.487677825982,0.0161841980004
115.666,243.597,177.0,0.817601000859,0.487677825982,0.0161841980004
117.522,245.474,177.0,0.817601000859,0.487677825982,0.0161841980004
119.369,247.37,177.0,0.817601000859,0.487677825982,0.0161841980004
121.494,248.597,177.0,0.817601000859,0.487677825982,0.0161841980004
123.346,250.481,177.0,0.817601000859,0.487677825982,0.0161841980004
125.188,252.35,177.0,0.817601000859,0.487677825982,0.0161841980004
126.361,254.497,177.0,0.817601000859,0.487677825982,0.0161841980004
126.371,257.126,177.0,0.817601000859,0.487677825982,0.0161841980004
126.371,259.759,177.0,0.817601000859,0.487677825982,0.0161841980004
126.371,262.392,177.0,0.817601000859,0.487677825982,0.0161841980004
126.326,265.044,177.0,0.817601000859,0.487677825982,0.0161841980004
127.164,267.33,177.0,0.817601000859,0.487677825982,0.0161841980004
128.023,269.607,177.0,0.817601000859,0.487677825982,0.0161841980004
128.826,271.907,177.0,0.817601000859,0.487677825982,0.0161841980004
130.764,273.69,177.0,0.817601000859,0.487677825982,0.0161841980004
131.96,275.712,177.0,0.817601000859,0.487677825982,0.0161841980004
132.491,277.948,177.0,0.817601000859,0.487677825982,0.0161841980004
132.435,280.373,177.0,0.817601000859,0.487677825982,0.0161841980004
131.871,282.963,177.0,0.817601000859,0.487677825982,0.0161841980004
130.877,285.691,177.0,0.817601000859,0.487677825982,0.0161841980004
129.531,288.533,177.0,0.817601000859,0.487677825982,0.0161841980004
127.911,291.464,177.0,0.817601000859,0.487677825982,0.0161841980004
126.096,294.457,177.0,0.817601000859,0.487677825982,0.0161841980004
124.163,297.488,177.0,0.817601000859,0.487677825982,0.0161841980004
