114.317,257.949,184.0,0.189671202494,0.0756998051096,0.79684877434
115.169,259.443,184.0,0.189671202494,0.0756998051096,0.79684877434
115.192,261.766,184.0,0.189671202494,0.0756998051096,0.79684877434
115.216,264.121,184.0,0.189671202494,0.0756998051096,0.79684877434
113.913,265.912,184.0,0.189671202494,0.0756998051096,0.79684877434
112.072,267.09,184.0,0.189671202494,0.0756998051096,0.79684877434
110.534,267.895,184.0,0.189671202494,0.0756998051096,0.79684877434
108.165,267.873,184.0,0.189671202494,0.0756998051096,0.79684877434
105.817,267.878,184.0,0.189671202494,0.0756998051096,0.79684877434
103.596,267.57,184.0,0.189671202494,0.0756998051096,0.79684877434
101.863,265.981,184.0,0.189671202494,0.0756998051096,0.79684877434
99.9839,264.622,184.0,0.189671202494,0.0756998051096,0.79684877434
98.0452,263.641,184.0,0.189671202494,0.0756998051096,0.79684877434
96.3928,261.834,184.0,0.189671202494,0.0756998051096,0.79684877434
94.8958,260.135,184.0,0.189671202494,0.0756998051096,0.79684877434
93.9368,257.961,184.0,0.189671202494,0.0756998051096,0.79684877434
92.3382,256.257,184.0,0.189671202494,0.0756998051096,0.79684877434
91.1738,254.238,184.0,0.189671202494,0.0756998051096,0.79684877434
90.1109,252.334,184.0,0.189671202494,0.0756998051096,0.79684877434
89.5537,250.183,184.0,0.189671202494,0.0756998051096,0.79684877434
88.2517,248.159,184.0,0.189671202494,0.0756998051096,0.79684877434
87.2617,246.042,184.0,0.189671202494,0.0756998051096,0.79684877434
86.5171,244.01,184.0,0.189671202494,0.0756998051096,0.79684877434
86.4613,241.687,184.0,0.189671202494,0.0756998051096,0.79684877434
86.5324,239.31,184.0,0.189671202494,0.0756998051096,0.79684877434
85.5329,237.374,184.0,0.189671202494,0.0756998051096,0.79684877434
85.5959,234.995,184.0,0.189671202494,0.0756998051096,0.79684877434
84.8445,232.826,184.0,0.189671202494,0.0756998051096,0.79684877434
84.0245,230.824,184.0,0.189671202494,0.0756998051096,0.79684877434
83.2406,228.651,184.0,0.189671202494,0.0756998051096,0.79684877434
82.7056,226.532,184.0,0.189671202494,0.0756998051096,0.79684877434
81.6825,224.608,184.0,0.189671202494,0.0756998051096,0.79684877434
80.3775,222.801,184.0,0.189671202494,0.0756998051096,0.79684877434
79.9951,220.613,184.0,0.189671202494,0.0756998051096,0.79684877434
78.4629,218.9,184.0,0.189671202494,0.0756998051096,0.79684877434
77.3007,216.984,184.0,0.189671202494,0.0756998051096,0.79684877434
75.9795,215.095,184.0,0.189671202494,0.0756998051096,0.79684877434
74.3264,213.431,184.0,0.189671202494,0.0756998051096,0.79684877434
72.649,211.785,184.0,0.189671202494,0.0756998051096,0.79684877434
71.4238,209.813,184.0,0.189671202494,0.0756998051096,0.79684877434
69.8275,208.114,184.0,0.189671202494,0.0756998051096,0.79684877434
68.7562,206.21,184.0,0.189671202494,0.0756998051096,0.79684877434
67.659,204.317,184.0,0.189671202494,0.0756998051096,0.79684877434
67.3155,202.119,184.0,0.189671202494,0.0756998051096,0.79684877434
66.4922,199.956,184.0,0.189671202494,0.0756998051096,0.79684877434
65.6953,198.416,184.0,0.189671202494,0.0756998051096,0.79684877434
65.6923,196.071,184.0,0.189671202494,0.0756998051096,0.79684877434
65.0053,193.886,184.0,0.189671202494,0.0756998051096,0.79684877434
64.9333,191.556,184.0,0.189671202494,0.0756998051096,0.79684877434
64.9076,189.216,184.0,0.189671202494,0.0756998051096,0.79684877434
64.8946,186.872,184.0,0.189671202494,0.0756998051096,0.79684877434
64.9003,184.523,184.0,0.189671202494,0.0756998051096,0.79684877434
64.9327,182.163,184.0,0.189671202494,0.0756998051096,0.79684877434
64.082,180.169,184.0,0.189671202494,0.0756998051096,0.79684877434
64.094,177.817,184.0,0.189671202494,0.0756998051096,0.79684877434
64.0339,175.495,184.0,0.189671202494,0.0756998051096,0.79684877434
64.1556,173.098,184.0,0.189671202494,0.0756998051096,0.79684877434
63.3085,171.101,184.0,0.189671202494,0.0756998051096,0.79684877434
62.8948,168.854,184.0,0.189671202494,0.0756998051096,0.79684877434
62.5222,166.596,184.0,0.189671202494,0.0756998051096,0.79684877434
61.6907,164.448,184.0,0.189671202494,0.0756998051096,0.79684877434
60.726,162.352,184.0,0.189671202494,0.0756998051096,0.79684877434
59.7667,160.408,184.0,0.189671202494,0.0756998051096,0.79684877434
58.4976,158.588,184.0,0.189671202494,0.0756998051096,0.79684877434
57.4041,156.693,184.0,0.189671202494,0.0756998051096,0.79684877434
56.6336,154.637,184.0,0.189671202494,0.0756998051096,0.79684877434
54.5536,153.344,184.0,0.189671202494,0.0756998051096,0.79684877434
52.8927,151.849,184.0,0.189671202494,0.0756998051096,0.79684877434
52.0959,149.689,184.0,0.189671202494,0.0756998051096,0.79684877434
50.4062,148.103,184.0,0.189671202494,0.0756998051096,0.79684877434
48.5823,146.841,184.0,0.189671202494,0.0756998051096,0.79684877434
46.3972,146.45,184.0,0.189671202494,0.0756998051096,0.79684877434
44.7729,144.706,184.0,0.189671202494,0.0756998051096,0.79684877434
42.8318,143.727,184.0,0.189671202494,0.0756998051096,0.79684877434
41.2021,141.996,184.0,0.189671202494,0.0756998051096,0.79684877434
39.5415,140.34,184.0,0.189671202494,0.0756998051096,0.79684877434
38.5641,138.244,184.0,0.189671202494,0.0756998051096,0.79684877434
37.1591,136.483,184.0,0.189671202494,0.0756998051096,0.79684877434
36.9535,134.222,184.0,0.189671202494,0.0756998051096,0.79684877434
36.8299,131.93,184.0,0.189671202494,0.0756998051096,0.79684877434
35.3784,130.054,184.0,0.189671202494,0.0756998051096,0.79684877434
34.4547,128.074,184.0,0.189671202494,0.0756998051096,0.79684877434
32.7725,126.423,184.0,0.189671202494,0.0756998051096,0.79684877434
31.8271,124.396,184.0,0.189671202494,0.0756998051096,0.79684877434
29.8035,123.449,184.0,0.189671202494,0.0756998051096,0.79684877434
28.4743,121.805,184.0,0.189671202494,0.0756998051096,0.79684877434
26.5384,120.914,184.0,0.189671202494,0.0756998051096,0.79684877434
25.3566,119.035,184.0,0.189671202494,0.0756998051096,0.79684877434
24.1954,117.019,184.0,0.189671202494,0.0756998051096,0.79684877434
23.0762,114.942,184.0,0.189671202494,0.0756998051096,0.79684877434
22.6944,112.653,184.0,0.189671202494,0.0756998051096,0.79684877434
21.7676,110.696,184.0,0.189671202494,0.0756998051096,0.79684877434
21.4818,108.416,184.0,0.189671202494,0.0756998051096,0.79684877434
20.9922,106.183,184.0,0.189671202494,0.0756998051096,0.79684877434
20.9862,103.838,184.0,0.189671202494,0.0756998051096,0.79684877434
20.9867,101.491,184.0,0.189671202494,0.0756998051096,0.79684877434
20.9865,99.1443,184.0,0.189671202494,0.0756998051096,0.79684877434
20.9865,96.7976,184.0,0.189671202494,0.0756998051096,0.79684877434
20.9865,94.4509,184.0,0.189671202494,0.0756998051096,0.79684877434
20.9865,92.1041,184.0,0.189671202494,0.0756998051096,0.79684877434
20.9865,89.7574,184.0,0.189671202494,0.0756998051096,0.79684877434
20.9865,87.4107,184.0,0.189671202494,0.0756998051096,0.79684877434
20.9866,85.064,184.0,0.189671202494,0.0756998051096,0.79684877434
20.9056,82.6838,184.0,0.189671202494,0.0756998051096,0.79684877434
22.1116,80.8371,184.0,0.189671202494,0.0756998051096,0.79684877434
23.0698,78.8997,184.0,0.189671202494,0.0756998051096,0.79684877434
24.7584,77.156,184.0,0.189671202494,0.0756998051096,0.79684877434
26.9207,76.7315,184.0,0.189671202494,0.0756998051096,0.79684877434
29.0742,76.263,184.0,0.189671202494,0.0756998051096,0.79684877434
31.4159,76.2828,184.0,0.189671202494,0.0756998051096,0.79684877434
32.7149,78.235,184.0,0.189671202494,0.0756998051096,0.79684877434
34.3383,79.9258,184.0,0.189671202494,0.0756998051096,0.79684877434
34.7047,82.1212,184.0,0.189671202494,0.0756998051096,0.79684877434
36.1663,83.8586,184.0,0.189671202494,0.0756998051096,0.79684877434
36.9834,86.0217,184.0,0.189671202494,0.0756998051096,0.79684877434
37.4448,88.151,184.0,0.189671202494,0.0756998051096,0.79684877434
39.1251,89.8864,184.0,0.189671202494,0.0756998051096,0.79684877434
39.3378,92.3131,184.0,0.189671202494,0.0756998051096,0.79684877434
39.9052,94.414,184.0,0.189671202494,0.0756998051096,0.79684877434
40.9554,96.4831,184.0,0.189671202494,0.0756998051096,0.79684877434
41.3386,98.7256,184.0,0.189671202494,0.0756998051096,0.79684877434
42.4164,100.843,184.0,0.189671202494,0.0756998051096,0.79684877434
43.8493,102.664,184.0,0.189671202494,0.0756998051096,0.79684877434
44.8081,104.828,184.0,0.189671202494,0.0756998051096,0.79684877434
46.5157,106.445,184.0,0.189671202494,0.0756998051096,0.79684877434
47.7287,108.453,184.0,0.189671202494,0.0756998051096,0.79684877434
48.8032,110.521,184.0,0.189671202494,0.0756998051096,0.79684877434
50.571,111.771,184.0,0.189671202494,0.0756998051096,0.79684877434
51.3524,113.82,184.0,0.189671202494,0.0756998051096,0.79684877434
52.5117,115.837,184.0,0.189671202494,0.0756998051096,0.79684877434
54.2692,117.426,184.0,0.189671202494,0.0756998051096,0.79684877434
55.3858,119.476,184.0,0.189671202494,0.0756998051096,0.79684877434
57.2964,121.027,184.0,0.189671202494,0.0756998051096,0.79684877434
58.042,123.082,184.0,0.189671202494,0.0756998051096,0.79684877434
60.1246,124.217,184.0,0.189671202494,0.0756998051096,0.79684877434
60.5994,126.394,184.0,0.189671202494,0.0756998051096,0.79684877434
62.5431,127.571,184.0,0.189671202494,0.0756998051096,0.79684877434
63.1977,129.664,184.0,0.189671202494,0.0756998051096,0.79684877434
64.2485,131.765,184.0,0.189671202494,0.0756998051096,0.79684877434
64.9337,133.989,184.0,0.189671202494,0.0756998051096,0.79684877434
64.7415,136.409,184.0,0.189671202494,0.0756998051096,0.79684877434
65.7184,138.352,184.0,0.189671202494,0.0756998051096,0.79684877434
65.6672,140.714,184.0,0.189671202494,0.0756998051096,0.79684877434
66.2271,142.93,184.0,0.189671202494,0.0756998051096,0.79684877434
67.3033,145.022,184.0,0.189671202494,0.0756998051096,0.79684877434
67.5662,147.307,184.0,0.189671202494,0.0756998051096,0.79684877434
68.8027,149.362,184.0,0.189671202494,0.0756998051096,0.79684877434
68.9738,151.669,184.0,0.189671202494,0.0756998051096,0.79684877434
70.2177,153.715,184.0,0.189671202494,0.0756998051096,0.79684877434
70.3533,156.077,184.0,0.189671202494,0.0756998051096,0.79684877434
71.5124,157.947,184.0,0.189671202494,0.0756998051096,0.79684877434
72.0451,160.193,184.0,0.189671202494,0.0756998051096,0.79684877434
72.8311,162.349,184.0,0.189671202494,0.0756998051096,0.79684877434
72.8754,164.698,184.0,0.189671202494,0.0756998051096,0.79684877434
73.5002,166.971,184.0,0.189671202494,0.0756998051096,0.79684877434
74.4815,169.096,184.0,0.189671202494,0.0756998051096,0.79684877434
75.1465,171.155,184.0,0.189671202494,0.0756998051096,0.79684877434
76.1294,173.254,184.0,0.189671202494,0.0756998051096,0.79684877434
75.9284,175.671,184.0,0.189671202494,0.0756998051096,0.79684877434
76.8761,177.627,184.0,0.189671202494,0.0756998051096,0.79684877434
77.4997,179.841,184.0,0.189671202494,0.0756998051096,0.79684877434
79.1418,181.523,184.0,0.189671202494,0.0756998051096,0.79684877434
80.8009,183.183,184.0,0.189671202494,0.0756998051096,0.79684877434
82.4599,184.843,184.0,0.189671202494,0.0756998051096,0.79684877434
83.4689,186.973,184.0,0.189671202494,0.0756998051096,0.79684877434
84.8502,188.83,184.0,0.189671202494,0.0756998051096,0.79684877434
86.3205,190.725,184.0,0.189671202494,0.0756998051096,0.79684877434
86.4799,193.038,184.0,0.189671202494,0.0756998051096,0.79684877434
87.8826,194.942,184.0,0.189671202494,0.0756998051096,0.79684877434
88.5879,197.09,184.0,0.189671202494,0.0756998051096,0.79684877434
88.8874,199.362,184.0,0.189671202494,0.0756998051096,0.79684877434
89.6775,201.52,184.0,0.189671202494,0.0756998051096,0.79684877434
90.2581,203.735,184.0,0.189671202494,0.0756998051096,0.79684877434
91.5577,205.695,184.0,0.189671202494,0.0756998051096,0.79684877434
92.7907,207.715,184.0,0.189671202494,0.0756998051096,0.79684877434
93.0958,209.949,184.0,0.189671202494,0.0756998051096,0.79684877434
94.8686,211.542,184.0,0.189671202494,0.0756998051096,0.79684877434
96.0305,213.569,184.0,0.189671202494,0.0756998051096,0.79684877434
96.2296,215.89,184.0,0.189671202494,0.0756998051096,0.79684877434
97.7221,217.709,184.0,0.189671202494,0.0756998051096,0.79684877434
98.8895,219.777,184.0,0.189671202494,0.0756998051096,0.79684877434
100.028,221.765,184.0,0.189671202494,0.0756998051096,0.79684877434
100.679,223.84,184.0,0.189671202494,0.0756998051096,0.79684877434
102.396,225.476,184.0,0.189671202494,0.0756998051096,0.79684877434
103.229,227.478,184.0,0.189671202494,0.0756998051096,0.79684877434
104.012,229.501,184.0,0.189671202494,0.0756998051096,0.79684877434
105.621,231.185,184.0,0.189671202494,0.0756998051096,0.79684877434
106.396,232.744,184.0,0.189671202494,0.0756998051096,0.79684877434
107.404,234.662,184.0,0.189671202494,0.0756998051096,0.79684877434
109.15,236.29,184.0,0.189671202494,0.0756998051096,0.79684877434
110.836,237.932,184.0,0.189671202494,0.0756998051096,0.79684877434
112.347,239.7,184.0,0.189671202494,0.0756998051096,0.79684877434
113.295,241.87,184.0,0.189671202494,0.0756998051096,0.79684877434
114.831,243.6,184.0,0.189671202494,0.0756998051096,0.79684877434
115.866,245.497,184.0,0.189671202494,0.0756998051096,0.79684877434
116.232,247.684,184.0,0.189671202494,0.0756998051096,0.79684877434
116.079,250.098,184.0,0.189671202494,0.0756998051096,0.79684877434
115.554,252.673,184.0,0.189671202494,0.0756998051096,0.79684877434
114.806,255.344,184.0,0.189671202494,0.0756998051096,0.79684877434
