107.187,249.271,188.0,0.189671202494,0.0756998051096,0.79684877434
106.428,247.376,188.0,0.189671202494,0.0756998051096,0.79684877434
105.618,245.538,188.0,0.189671202494,0.0756998051096,0.79684877434
104.872,243.674,188.0,0.189671202494,0.0756998051096,0.79684877434
104.199,241.78,188.0,0.189671202494,0.0756998051096,0.79684877434
104.005,239.688,188.0,0.189671202494,0.0756998051096,0.79684877434
103.407,237.763,188.0,0.189671202494,0.0756998051096,0.79684877434
103.058,235.735,188.0,0.189671202494,0.0756998051096,0.79684877434
102.484,233.8,188.0,0.189671202494,0.0756998051096,0.79684877434
101.617,231.986,188.0,0.189671202494,0.0756998051096,0.79684877434
101.674,229.79,188.0,0.189671202494,0.0756998051096,0.79684877434
100.821,227.971,188.0,0.189671202494,0.0756998051096,0.79684877434
100.829,225.771,188.0,0.189671202494,0.0756998051096,0.79684877434
100.385,223.6,188.0,0.189671202494,0.0756998051096,0.79684877434
99.1982,221.893,188.0,0.189671202494,0.0756998051096,0.79684877434
99.0769,219.771,188.0,0.189671202494,0.0756998051096,0.79684877434
98.4648,217.856,188.0,0.189671202494,0.0756998051096,0.79684877434
97.6087,215.888,188.0,0.189671202494,0.0756998051096,0.79684877434
97.484,213.722,188.0,0.189671202494,0.0756998051096,0.79684877434
96.058,212.045,188.0,0.189671202494,0.0756998051096,0.79684877434
95.6812,210.03,188.0,0.189671202494,0.0756998051096,0.79684877434
95.2445,208.039,188.0,0.189671202494,0.0756998051096,0.79684877434
94.4253,206.05,188.0,0.189671202494,0.0756998051096,0.79684877434
93.7933,204.156,188.0,0.189671202494,0.0756998051096,0.79684877434
93.1299,202.106,188.0,0.189671202494,0.0756998051096,0.79684877434
92.2841,200.196,188.0,0.189671202494,0.0756998051096,0.79684877434
91.2808,198.441,188.0,0.189671202494,0.0756998051096,0.79684877434
90.4269,196.623,188.0,0.189671202494,0.0756998051096,0.79684877434
89.6181,194.79,188.0,0.189671202494,0.0756998051096,0.79684877434
88.8373,192.792,188.0,0.189671202494,0.0756998051096,0.79684877434
88.7012,190.654,188.0,0.189671202494,0.0756998051096,0.79684877434
87.3153,188.904,188.0,0.189671202494,0.0756998051096,0.79684877434
85.7242,187.388,188.0,0.189671202494,0.0756998051096,0.79684877434
85.7097,185.221,188.0,0.189671202494,0.0756998051096,0.79684877434
84.9277,183.372,188.0,0.189671202494,0.0756998051096,0.79684877434
84.8817,181.22,188.0,0.189671202494,0.0756998051096,0.79684877434
84.0573,179.244,188.0,0.189671202494,0.0756998051096,0.79684877434
82.7169,178.168,188.0,0.189671202494,0.0756998051096,0.79684877434
82.4569,176.029,188.0,0.189671202494,0.0756998051096,0.79684877434
81.2984,174.188,188.0,0.189671202494,0.0756998051096,0.79684877434
80.4958,172.355,188.0,0.189671202494,0.0756998051096,0.79684877434
78.6693,170.94,188.0,0.189671202494,0.0756998051096,0.79684877434
78.4611,168.853,188.0,0.189671202494,0.0756998051096,0.79684877434
76.8851,167.333,188.0,0.189671202494,0.0756998051096,0.79684877434
75.9322,165.555,188.0,0.189671202494,0.0756998051096,0.79684877434
74.4636,163.99,188.0,0.189671202494,0.0756998051096,0.79684877434
73.4528,162.183,188.0,0.189671202494,0.0756998051096,0.79684877434
72.1014,161.074,188.0,0.189671202494,0.0756998051096,0.79684877434
70.4587,161.202,188.0,0.189671202494,0.0756998051096,0.79684877434
69.264,162.963,188.0,0.189671202494,0.0756998051096,0.79684877434
68.9183,165.098,188.0,0.189671202494,0.0756998051096,0.79684877434
68.0451,166.91,188.0,0.189671202494,0.0756998051096,0.79684877434
68.092,169.102,188.0,0.189671202494,0.0756998051096,0.79684877434
68.0903,171.274,188.0,0.189671202494,0.0756998051096,0.79684877434
67.4305,173.291,188.0,0.189671202494,0.0756998051096,0.79684877434
67.2893,175.431,188.0,0.189671202494,0.0756998051096,0.79684877434
67.2954,177.603,188.0,0.189671202494,0.0756998051096,0.79684877434
67.4958,179.728,188.0,0.189671202494,0.0756998051096,0.79684877434
68.1634,181.743,188.0,0.189671202494,0.0756998051096,0.79684877434
68.3589,183.87,188.0,0.189671202494,0.0756998051096,0.79684877434
68.9399,185.905,188.0,0.189671202494,0.0756998051096,0.79684877434
68.8893,188.09,188.0,0.189671202494,0.0756998051096,0.79684877434
68.8938,190.263,188.0,0.189671202494,0.0756998051096,0.79684877434
68.9577,192.43,188.0,0.189671202494,0.0756998051096,0.79684877434
70.3317,194.159,188.0,0.189671202494,0.0756998051096,0.79684877434
70.9222,196.164,188.0,0.189671202494,0.0756998051096,0.79684877434
71.2838,198.244,188.0,0.189671202494,0.0756998051096,0.79684877434
71.8539,200.323,188.0,0.189671202494,0.0756998051096,0.79684877434
71.9503,202.554,188.0,0.189671202494,0.0756998051096,0.79684877434
72.9097,204.319,188.0,0.189671202494,0.0756998051096,0.79684877434
73.6577,206.322,188.0,0.189671202494,0.0756998051096,0.79684877434
73.9348,208.382,188.0,0.189671202494,0.0756998051096,0.79684877434
75.3527,209.963,188.0,0.189671202494,0.0756998051096,0.79684877434
75.5767,212.135,188.0,0.189671202494,0.0756998051096,0.79684877434
77.0225,213.774,188.0,0.189671202494,0.0756998051096,0.79684877434
77.6745,215.864,188.0,0.189671202494,0.0756998051096,0.79684877434
77.9262,217.936,188.0,0.189671202494,0.0756998051096,0.79684877434
79.3161,219.535,188.0,0.189671202494,0.0756998051096,0.79684877434
79.9739,221.435,188.0,0.189671202494,0.0756998051096,0.79684877434
79.968,223.612,188.0,0.189671202494,0.0756998051096,0.79684877434
81.3246,225.212,188.0,0.189671202494,0.0756998051096,0.79684877434
82.2092,227.126,188.0,0.189671202494,0.0756998051096,0.79684877434
82.6547,229.291,188.0,0.189671202494,0.0756998051096,0.79684877434
83.7926,231.184,188.0,0.189671202494,0.0756998051096,0.79684877434
84.0214,233.305,188.0,0.189671202494,0.0756998051096,0.79684877434
84.8839,235.273,188.0,0.189671202494,0.0756998051096,0.79684877434
85.0124,237.44,188.0,0.189671202494,0.0756998051096,0.79684877434
86.4451,239.11,188.0,0.189671202494,0.0756998051096,0.79684877434
86.9638,241.164,188.0,0.189671202494,0.0756998051096,0.79684877434
88.0493,243.074,188.0,0.189671202494,0.0756998051096,0.79684877434
88.9007,244.895,188.0,0.189671202494,0.0756998051096,0.79684877434
89.3275,246.89,188.0,0.189671202494,0.0756998051096,0.79684877434
90.4564,248.595,188.0,0.189671202494,0.0756998051096,0.79684877434
91.3538,250.395,188.0,0.189671202494,0.0756998051096,0.79684877434
92.5327,252.183,188.0,0.189671202494,0.0756998051096,0.79684877434
93.864,253.869,188.0,0.189671202494,0.0756998051096,0.79684877434
95.0004,255.693,188.0,0.189671202494,0.0756998051096,0.79684877434
96.5233,257.235,188.0,0.189671202494,0.0756998051096,0.79684877434
97.592,258.989,188.0,0.189671202494,0.0756998051096,0.79684877434
99.5295,259.377,188.0,0.189671202494,0.0756998051096,0.79684877434
101.508,259.698,188.0,0.189671202494,0.0756998051096,0.79684877434
103.392,258.692,188.0,0.189671202494,0.0756998051096,0.79684877434
104.855,257.178,188.0,0.189671202494,0.0756998051096,0.79684877434
105.99,255.269,188.0,0.189671202494,0.0756998051096,0.79684877434
106.891,253.079,188.0,0.189671202494,0.0756998051096,0.79684877434
107.652,250.719,188.0,0.189671202494,0.0756998051096,0.79684877434
