99.0236,238.802,194.0,0.189671202494,0.0756998051096,0.79684877434
97.6184,236.963,194.0,0.189671202494,0.0756998051096,0.79684877434
96.4753,234.855,194.0,0.189671202494,0.0756998051096,0.79684877434
95.9861,232.654,194.0,0.189671202494,0.0756998051096,0.79684877434
93.7966,231.461,194.0,0.189671202494,0.0756998051096,0.79684877434
93.4173,229.167,194.0,0.189671202494,0.0756998051096,0.79684877434
91.251,227.974,194.0,0.189671202494,0.0756998051096,0.79684877434
90.7217,225.767,194.0,0.189671202494,0.0756998051096,0.79684877434
89.7305,223.724,194.0,0.189671202494,0.0756998051096,0.79684877434
88.0457,222.355,194.0,0.189671202494,0.0756998051096,0.79684877434
86.9833,220.332,194.0,0.189671202494,0.0756998051096,0.79684877434
85.6504,218.351,194.0,0.189671202494,0.0756998051096,0.79684877434
84.0413,217.534,194.0,0.189671202494,0.0756998051096,0.79684877434
83.2166,218.138,194.0,0.189671202494,0.0756998051096,0.79684877434
82.618,220.406,194.0,0.189671202494,0.0756998051096,0.79684877434
82.4765,222.797,194.0,0.189671202494,0.0756998051096,0.79684877434
82.4774,225.211,194.0,0.189671202494,0.0756998051096,0.79684877434
82.6759,227.586,194.0,0.189671202494,0.0756998051096,0.79684877434
83.1454,229.933,194.0,0.189671202494,0.0756998051096,0.79684877434
84.0658,231.97,194.0,0.189671202494,0.0756998051096,0.79684877434
85.011,234.037,194.0,0.189671202494,0.0756998051096,0.79684877434
85.5944,236.337,194.0,0.189671202494,0.0756998051096,0.79684877434
87.0746,238.143,194.0,0.189671202494,0.0756998051096,0.79684877434
88.8517,239.844,194.0,0.189671202494,0.0756998051096,0.79684877434
89.5508,242.244,194.0,0.189671202494,0.0756998051096,0.79684877434
91.0681,243.24,194.0,0.189671202494,0.0756998051096,0.79684877434
92.77,244.947,194.0,0.189671202494,0.0756998051096,0.79684877434
93.9556,246.303,194.0,0.189671202494,0.0756998051096,0.79684877434
95.9729,245.809,194.0,0.189671202494,0.0756998051096,0.79684877434
97.4757,243.996,194.0,0.189671202494,0.0756998051096,0.79684877434
98.6764,241.376,194.0,0.189671202494,0.0756998051096,0.79684877434
