60.1064,121.374,199.0,0.817601000859,0.487677825982,0.0161841980004
60.1064,118.979,199.0,0.817601000859,0.487677825982,0.0161841980004
60.1064,116.585,199.0,0.817601000859,0.487677825982,0.0161841980004
60.1062,114.19,199.0,0.817601000859,0.487677825982,0.0161841980004
60.105,111.796,199.0,0.817601000859,0.487677825982,0.0161841980004
60.0931,109.407,199.0,0.817601000859,0.487677825982,0.0161841980004
59.2874,107.347,199.0,0.817601000859,0.487677825982,0.0161841980004
58.6116,105.096,199.0,0.817601000859,0.487677825982,0.0161841980004
57.6627,103.08,199.0,0.817601000859,0.487677825982,0.0161841980004
56.2683,101.071,199.0,0.817601000859,0.487677825982,0.0161841980004
54.3384,99.9505,199.0,0.817601000859,0.487677825982,0.0161841980004
52.1589,99.4302,199.0,0.817601000859,0.487677825982,0.0161841980004
50.4242,97.6473,199.0,0.817601000859,0.487677825982,0.0161841980004
48.1871,97.0318,199.0,0.817601000859,0.487677825982,0.0161841980004
45.9867,96.2061,199.0,0.817601000859,0.487677825982,0.0161841980004
43.5774,96.1721,199.0,0.817601000859,0.487677825982,0.0161841980004
41.3951,97.0571,199.0,0.817601000859,0.487677825982,0.0161841980004
39.5866,97.9392,199.0,0.817601000859,0.487677825982,0.0161841980004
37.9303,99.4358,199.0,0.817601000859,0.487677825982,0.0161841980004
36.1148,100.529,199.0,0.817601000859,0.487677825982,0.0161841980004
35.3781,102.597,199.0,0.817601000859,0.487677825982,0.0161841980004
34.6125,104.675,199.0,0.817601000859,0.487677825982,0.0161841980004
33.5162,106.614,199.0,0.817601000859,0.487677825982,0.0161841980004
33.7851,109.125,199.0,0.817601000859,0.487677825982,0.0161841980004
33.7514,111.508,199.0,0.817601000859,0.487677825982,0.0161841980004
34.1984,113.793,199.0,0.817601000859,0.487677825982,0.0161841980004
34.5673,116.096,199.0,0.817601000859,0.487677825982,0.0161841980004
35.304,117.757,199.0,0.817601000859,0.487677825982,0.0161841980004
35.9099,120.027,199.0,0.817601000859,0.487677825982,0.0161841980004
37.7601,121.299,199.0,0.817601000859,0.487677825982,0.0161841980004
39.3547,122.893,199.0,0.817601000859,0.487677825982,0.0161841980004
40.7629,124.642,199.0,0.817601000859,0.487677825982,0.0161841980004
42.367,126.418,199.0,0.817601000859,0.487677825982,0.0161841980004
44.4255,127.605,199.0,0.817601000859,0.487677825982,0.0161841980004
46.1132,129.283,199.0,0.817601000859,0.487677825982,0.0161841980004
47.9747,130.577,199.0,0.817601000859,0.487677825982,0.0161841980004
49.9291,131.639,199.0,0.817601000859,0.487677825982,0.0161841980004
52.1133,132.147,199.0,0.817601000859,0.487677825982,0.0161841980004
54.0937,133.17,199.0,0.817601000859,0.487677825982,0.0161841980004
55.4716,134.626,199.0,0.817601000859,0.487677825982,0.0161841980004
56.6654,134.1,199.0,0.817601000859,0.487677825982,0.0161841980004
57.7364,131.959,199.0,0.817601000859,0.487677825982,0.0161841980004
58.7195,128.665,199.0,0.817601000859,0.487677825982,0.0161841980004
59.65,124.679,199.0,0.817601000859,0.487677825982,0.0161841980004
