57.6768,111.977,204.0,0.817601000859,0.487677825982,0.0161841980004
57.7633,109.225,204.0,0.817601000859,0.487677825982,0.0161841980004
56.9628,106.839,204.0,0.817601000859,0.487677825982,0.0161841980004
55.144,104.876,204.0,0.817601000859,0.487677825982,0.0161841980004
53.8463,102.698,204.0,0.817601000859,0.487677825982,0.0161841980004
51.3278,101.815,204.0,0.817601000859,0.487677825982,0.0161841980004
48.9427,101.014,204.0,0.817601000859,0.487677825982,0.0161841980004
46.2239,101.013,204.0,0.817601000859,0.487677825982,0.0161841980004
43.7827,101.426,204.0,0.817601000859,0.487677825982,0.0161841980004
42.3105,103.764,204.0,0.817601000859,0.487677825982,0.0161841980004
40.7595,105.959,204.0,0.817601000859,0.487677825982,0.0161841980004
39.3213,108.229,204.0,0.817601000859,0.487677825982,0.0161841980004
38.5771,110.636,204.0,0.817601000859,0.487677825982,0.0161841980004
38.5706,113.342,204.0,0.817601000859,0.487677825982,0.0161841980004
38.5323,116.06,204.0,0.817601000859,0.487677825982,0.0161841980004
39.9377,118.34,204.0,0.817601000859,0.487677825982,0.0161841980004
41.3446,120.63,204.0,0.817601000859,0.487677825982,0.0161841980004
42.9909,122.766,204.0,0.817601000859,0.487677825982,0.0161841980004
45.1417,124.251,204.0,0.817601000859,0.487677825982,0.0161841980004
47.5231,125.512,204.0,0.817601000859,0.487677825982,0.0161841980004
49.6428,127.248,204.0,0.817601000859,0.487677825982,0.0161841980004
51.6568,128.949,204.0,0.817601000859,0.487677825982,0.0161841980004
53.7101,130.552,204.0,0.817601000859,0.487677825982,0.0161841980004
56.3732,130.419,204.0,0.817601000859,0.487677825982,0.0161841980004
57.8756,127.975,204.0,0.817601000859,0.487677825982,0.0161841980004
58.774,125.359,204.0,0.817601000859,0.487677825982,0.0161841980004
59.2025,122.678,204.0,0.817601000859,0.487677825982,0.0161841980004
59.2656,119.947,204.0,0.817601000859,0.487677825982,0.0161841980004
59.0676,117.179,204.0,0.817601000859,0.487677825982,0.0161841980004
58.7131,114.389,204.0,0.817601000859,0.487677825982,0.0161841980004
